1
000002293

000003752
2
000003920

000007172
3
000007340

000008799
4
000009009

000012011


5
000012178

000014722
6
000015056

000018642
7
000018810

000022438
8
000023857

000025357
9
000025984

000029486
10
000029654

000032573


11
000032741

000035993
12
000036161

000038829
13
000041291

000042750


14
000042917

000045044
15
000045211

000047296


16
000049340

000053177
17
000053344

000055012


18
000055180

000059266
19
000100185

000104480
20
000105148

000107274
21
000107442

000110360
22
000110528

000113322
23
000114908

000118702
24
000118870

000120496
25
000120663

000124208
26
000128630

000132382
27
000133802

000135135
28
000135303

000137805
29
000138056

000139765


30
000140225

000143811
31
000144062

000146730
32
000146981

000149650
33
000149818

000151276
34
000152112

000153987
35
000154155

000156949


36
000157117

000158575
37
000158743

000203247
38
000203414

000206166
39
000206334

000209253
40
000212173

000215759
41
000254757

000256508
42
000256759

000257843
43
000259220

000300554
44
000300722

000303682
45
000305143

000307227
46
000312942

000314651
47
000315445

000317654
48
000319532

000321450


49
000321618

000324369
50
000324537

000328081
51
000328791

000332794
52
000332962

000335589
53
000335798

000337966
54
000338218

000341720


55
000341888

000344056
56
000344265

000347559
57
000347769

000350479
58
000350730

000353190
59
000353441

000358028
60
000358279

000400405
61
000400573

000403825
62
000403993

000409289
63
000410291

000411583


64
000411834

000414962
65
000415129

000416964
66
000422053

000423220
67
000423930

000426348
68
000427517

000430102
69
000431020

000433647
70
000438069

000440487
71
000440697

000441780
72
000441948

000445158
73
000447161

000449997
74
000454419

000455836
75
000500049

000504594
76
000504804

000508432


77
000510184

000512936
78
000513354

000515856
79
000516316

000520068
80
000520278

000523655


81
000526159

000530037
82
000530204

000533415

83
000533583

000535876
84
000537545

000540088


85
000540256

000543508


86
000544510

000547679
87
000547847

000548972
88
000549223

000552893
89
000553102

000555854
20
90
000601235

000604446
91
000608242

000609576
92
000609786

000613580
93
000613748

000616792
94
000616959

000618877
95
000619545

000622339


96
000622673

000625884


97
000626052

000628929
98
000629097

000630180
99
000630348

000633058
100
000633226

000636144
101
000637230

000640690
102
000640858

000643860
103
000644028

000646363
104
000646531

000649491
105
000649659

000652244
106
000652412

000654579
107
000708636

000709928
108
000710096

000712848
109
000714976

000717853
110
000718020

000721440


111
000721607

000723900
112
000724152

000728363
113
000728531

000731825
114
000739792

000743420
115
000744839

000747591
116
000749135

000752262
117
000752430

000755307
118
000755475

000757392
119
000757977

000801188
120
000801355

000804149
121
000810239

000813366
122
000813534

000817162
123
000817330

000818830
124
000818998

000822125
125
000822293

000824294


126
000824462

000827797
127
000828007

000832385
128
000833012

000834888
129
000835556

000836806
130
000837058

000838850


131
000839977

000841811


132
000841979

000844606
133
000844774

000847192
134
000847360

000849236
135
000849487

000852614
136
000852782

000856576
137
000856744

000859704
138
000902166

000903708
139
000903876

000907420
140
000907588

000910840
141
000911008

000913885


142
000914053

000916763
143
000917640

000921101
144
000921269

000922602
145
000924480

000928692
146
000928901

000931027
147
000933155

000935156
148
000939620

000941663


149
000941831

000944583
150
000944750

000947877
151
000948045

000950589


152
000950756

000953550

153
000953718

000958138
154
000959599

001000974
155
001001142

001003602


156
001003769

001006813
157
001006981

001008148


158
001008316

001011985
159
001012153

001013194
160
001014697

001016656
161
001018075

001020076


162
001020244

001024914
163
001025082

001028627
164
001030630

001032422


165
001034467

001037677
166
001037845

001040180
167
001041349

001042766
168
001042933

001045143
169
001045311

001048313
170
001048481

001051107


171
001053319

001057280
830
172
001057448

001100241
173
001100409

001103953
5
14
174
001104121

001108375
175
001108542

001111044
176
001113422

001116049
177
001116217

001118468
178
001118636

001120970
179
001123974

001125183
180
001128562

001133525
181
001133693

001137320
182
001137488

001139531
183
001139699

001143576
184
001144870

001146663


185
001154922

001157006
186
001158300

001201428
187
001201595

001206266
188
001206934

001209185
189
001211105

001215275
190
001215443

001217944
20
191
001218112

001222115
192
001222283

001226161
193
001226328

001227829
194
001227997

001232584
195
001232752

001235628
196
001235796

001238673
197
001238841

001241134


198
001241302

001243887
15
199
001244054

001248808
200
001250770

001252479
201
001253898

001258943
202
001300780

001304783
203
001305034

001307285
204
001307536

001312081
205
001312249

001316711
206
001319298

001321382
207
001322718

001324636
208
001329016

001331059
209
001331227

001333478
210
001337775

001341820
211
001342822

001345281
212
001345449

001348660
213
001348828

001351412
214
001351580

001354958
215
001358921

001400755
216
001401090

001403091
217
001415271

001417897
218
001419567

001422986
219
001423153

001425363


220
001433622

001435790
221
001436041

001439669
222
001440170

001444299
223
001444550

001446050
224
001446719

001450722
225
001451932

001453516
226
001454351

001459147
227
001459398

001501691
228
001503235

001504777
229
001504945

001507280
230
001507448

001509782
231
001511035

001513328
232
001513495

001517081
233
001517291

001521461
234
001521712

001525298


235
001525466

001529302
236
001529470

001533056
237
001533223

001535099
238
001535267

001539103
239
001546236

001548029
240
001549698

001551824
241
001551992

001553034
242
001553202

001555078


243
001556121

001558498
244
001558666

001601501


245
001601669

001603878
246
001604046

001607423
247
001610427

001611719
248
001615808

001618101
249
001621146

001622522
250
001622690

001624941
251
001625109

001628236


252
001628404

001630697
253
001630864

001633324
254
001633492

001636035


255
001637496

001641124


256
001641291

001642625
257
001642793

001646045
258
001646213

001647922
259
001651552

001653011
260
001653178

001654345
261
001654513

001658725
262
001700310

001702228
263
001704106

001706399
264
001706650

001708776
265
001708944

001712488
266
001712656

001714824
267
001716035

001718202


268
001719621

001720997
269
001726503

001729881
270
001731967

001733551
271
001733719

001736054
272
001739224

001740808


273
001742352

001745897
274
001746065

001750401
275
001750569

001753905
276
001754073

001755490
277
001755657

001758201
278
001758744

001801204
279
001801371

001803498
280
001803665

001805333
281
001806001

001809128
282
001810172

001811464
283
001811632

001814801
284
001814968

001816469
285
001816637

001819514
286
001821141

001824268
287
001826313

001828356


288
001828524

001831567
289
001832736

001834987


290
001836990

001840535


291
001842329

001844539


292
001844706

001847667
293
001848877

001850545


294
001850712

001853714
295
001853882

001856092


296
001856260

001858678
297
001900347

001901973
298
001902933

001904725
299
001907312

001908646
300
001908814

001912441
301
001914319

001916696
302
001916864

001920783
303
001925622

001929500
304
001929668

001932211
305
001932379

001933796
306
001934756

001937175
307
001937759

001940469
308
001940637

001942555
309
001947603

001948811
310
001948979

001950813
311
001950981

001953774
312
001953942

001955401
313
001958363

002001073
314
002001241

002003618
315
002003785

002007205
316
002007372

002010249


317
002010417

002011667
318
002011835

002014212
319
002014379

002016797
320
002016965

002019300
321
002020260

002022053
322
002023889

002025514
323
002029228

002032563


324
002032814

002035107
325
002035275

002037193
326
002038028

002041697


327
002041865

002046202
328
002046954

002051082
329
002053126

002055419
330
002055587

002058339


331
002058507

002100049
332
002102219

002103469
333
002104221

002105805
334
002121113

002124865
335
002134584

002136794
336
002154980

002157481
337
002214708

002215916
338
002216626

002217793

