1
000008174

000009508


2
000010635

000013929


3
000015015

000017766
4
000018685

000020102
5
000021604

000025774
6
000027235

000029111
7
000030363

000032865


8
000033366

000034408
9
000034576

000036076
10
000036244

000037953
11
000038496

000040205
12
000040373

000041999
13
000054262

000057139
14
000057307

000058348
15
000058516

000100976


16
000101144

000102603
17
000102771

000106273
18
000107442

000109151
19
000110195

000111737
20
000111905

000114031
21
000116076

000117242
22
000117410

000118911
23
000223101

000224143
24
000224352

000225727
25
000225895

000228438
26
000228606

000230399
27
000230775

000232693
28
000232861

000235445


29
000236030

000237573
30
000238366

000241034
31
000241619

000242870
32
000243037

000244413
33
000244581

000246456
34
000246708

000250961
35
000252839

000254256
36
000254424

000256884
37
000258136

000300345
38
000300513

000303640
39
000303892

000305809
40
000306060

000309938
11
41
000312066

000314568


42
000314736

000317070


43
000317238

000319656
44
000319824

000323285
45
000323453

000326914
46
000327165

000329416
47
000329667

000331251
48
000332712

000334046
49
000334214

000335464
50
000335632

000338258
51
000338968

000340302
52
000340470

000341511
53
000341679

000343931
54
000346184

000347226
55
000350438

000351480
56
000351731

000356068
57
000413503

000415754
58
000415922

000419883
59
000420051

000424388
60
000424639

000426890
61
000429018

000432604
62
000433022

000434064
63
000434232

000438735
64
000439612

000442739
65
000444575

000446076
66
000446244

000447327


67
000447495

000448996


68
000450123

000451456
69
000451624

000454084
70
000454335

000457212
71
000457380

000500424
72
000501092

000502759
73
000502927

000504303
74
000509392

000511268
75
000512061

000516231
76
000521571

000523655


77
000523823

000526491
78
000527201

000529411
79
000529662

000531455
80
000531622

000533415
81
000538963

000540213
82
000540381

000542174


83
000542342

000545469
84
000545678

000547471
85
000547722

000548930
86
000549182

000550807
87
000550975

000552809
88
000555355

000559191
89
000559359

000600650
90
000600818

000601860
91
000602028

000605572
92
000605740

000608075
93
000608659

000610535
94
000610703

000612996
95
000613164

000616124
298
96
000616292

000618001
97
000618628

000620045
98
000620213

000624091
99
000625176

000629096
298
100
000633726

000635435
101
000635603

000639940
102
000640108

000641817
103
000642652

000645737
104
000645947

000648865
105
000649117

000650325
106
000650576

000652494
107
000652662

000654121
108
000654288

000657916
109
000658084

000659334
110
000701170

000704089


111
000704465

000708385
112
000708970

000711430
113
000712014

000715642
114
000718020

000719312
115
000719480

000721189
116
000721399

000724526
117
000726446

000727487
118
000727655

000730574
119
000730741

000734119
120
000735413

000737205
121
000737373

000739541
122
000739709

000743128
123
000743963

000746047
124
000746215

000748592
125
000748759

000750010
126
000750178

000752179


127
000752346

000753680


128
000753848

000756016
129
000801772

000804816
130
000806235

000807611
131
000808988

000810906
132
000812617

000814409
133
000814869

000816870
134
000817079

000819414
135
000820041

000823543
136
000824045

000826254
137
000829258

000832761
138
000836390

000838433


139
000839310

000840644
140
000841979

000843396
141
000843564

000846274
142
000846442

000849069


143
000850363

000852030


144
000852240

000853949
145
000854575

000857619
146
000858412

000900747
147
000901666

000903875
148
000904168

000907003
149
000908714

000911258
150
000912301

000914386
151
000915888

000918390
152
000918558

000921434
153
000921602

000923895
154
000924063

000927732
155
000928067

000931403
156
000931612

000934197
157
000939120

000940453
158
000940621

000942956
159
000943416

000947043
160
000947295

000949087
161
000949338

000952465
162
000952633

000956428
163
000957096

000958138
164
000958306

001000140
165
001000391

001003768
166
001004770

001006479
167
001009191

001013612
168
001013779

001016156
169
001016574

001018783
170
001019410

001020452
171
001020620

001021953
172
001022121

001024414
173
001027793

001029836


174
001030087

001033465
175
001034842

001036051
176
001036218

001039387
177
001039555

001042098
178
001042350

001043725
179
001043893

001047062
180
001047229

001050106
181
001050524

001054611
182
001054779

001056696
183
001056906

001058573
184
001059617

001103370


185
001104622

001106915
186
001107083

001108833
187
001110878

001112253
188
001125267

001126893
189
001129522

001131231
190
001140866

001143368


191
001143536

001146746
192
001146997

001148915
193
001149125

001154045
194
001156382

001157757
195
001200136

001201761
196
001203973

001207058
197
001207268

001209269
198
001209520

001212021
199
001212189

001214899
200
001215401

001217694
57th
201
001217862

001221197


202
001221449

001224909
203
001227288

001229038
204
001229206

001230999
205
001231250

001232500
206
001233335

001235336
207
001235546

001238757
208
001238924

001240967
209
001242178

001245472
210
001245723

001248266
211
001249477

001252312
212
001252480

001254939
213
001255149

001257776
214
001258027

001300987
215
001303991

001305742
216
001306452

001307494
217
001316295

001320340
218
001320508

001323468
219
001323677

001326179
220
001331018

001332352
221
001332520

001336648
222
001336816

001338691
223
001338859

001339901
224
001340069

001342195
225
001342404

001343905
226
001344448

001346449
227
001349620

001351371
228
001351539

001354916
229
001355167

001357752
230
001358003

001402298
231
001402550

001404884
232
001406554

001407804


233
001407972

001412517


234
001416355

001417939
235
001418190

001420483
236
001420734

001423361
237
001424154

001428032
238
001429368

001430702
239
001436292

001437876
240
001438043

001440628
241
001441589

001446718
242
001446969

001451097
243
001451307

001454767
244
001455019

001457520
245
001459273

001501941
246
001502568

001504235
247
001504403

001506321
248
001506572

001508740
249
001509867

001510909
250
001511076

001512160
251
001512328

001514162
252
001514330

001516873
253
001520502

001521711
254
001523631

001525924
255
001527092

001529302
256
001529470

001532513


257
001532765

001534223
258
001534391

001535975
259
001536560

001540521
260
001541565

001545526
261
001546153

001548613
262
001548822

001550740
263
001550950

001552951
264
001553118

001555244
265
001555496

001556955
266
001558040

001559916
267
001601335

001603670
268
001605381

001607298
269
001611595

001615765
270
001618852

001620645
271
001620813

001622480
272
001623148

001624941
273
001625109

001626275
274
001626443

001627777


275
001628028

001630238
276
001630406

001631864
277
001632032

001633199


278
001633367

001634450


279
001634618

001635660
280
001635828

001637245
281
001637913

001642208


282
001642376

001645378
283
001645546

001647463
284
001647965

001649966
285
001650676

001701894
286
001702062

001705189
287
001709111

001711612
288
001711780

001713156
289
001715492

001719245
290
001720164

001721622
291
001722124

001723833
292
001727337

001729881
293
001731467

001735011


294
001735262

001736971
295
001738807

001741476
296
001746356

001747398


297
001747566

001750193
298
001750360

001752945
299
001753113

001754906
300
001755074

001756657
301
001756825

001758534
302
001758702

001800036
303
001801747

001803790
304
001803957

001807126


305
001807294

001810463
306
001810631

001814467
307
001814635

001819430
308
001820474

001821808
309
001823977

001825728
310
001826146

001830441
311
001835114

001836781
312
001836949

001838366
313
001839076

001842954
314
001845916

001847917


315
001848085

001850169


316
001850546

001852964
317
001901682

001906310


318
001906520

001910523


319
001910983

001913901
320
001915821

001919448
321
001919825

001921742
322
001925164

001929208
323
001929376

001932753
324
001932921

001935715
325
001935924

001939802
326
001941638

001943598
327
001944057

001948227
328
001948395

001950605
329
001951315

001955359
330
001955611

001957820
331
001958530

001959780


332
001959948

002003784
333
002004036

002007830
334
002009458

002011417
335
002013462

002016923
336
002017132

002020551
337
002020719

002024972
338
002025807

002027600


339
002027768

002029769


340
002029937

002032563
341
002032814

002035900
342
002036068

002038778
343
002038946

002039987
344
002040155

002044533
345
002045244

002046410
346
002046578

002047828
347
002047996

002050039
348
002050207

002051707


349
002051875

002054710
350
002058090

002059507
351
002106014

002109642
352
002114523

002117066
353
002118527

002121195
354
002122072

002126325


355
002127744

002130788
356
002132249

002137295
357
002137546

002141048
358
002141216

002143426
359
002143593

002146679
360
002147389

002151392
$4
361
002154855

002156522