1
000002961

000005045
2
000005338

000009174
10
3
000009384

000011010
4
000011386

000013846
5
000014055

000017391
6
000017600

000020602
7
000020854

000022604
8
000025900

000026942
9
000027402

000028944
10
000029112

000031196
11
000031906

000033824
12
000034284

000036118
13
000041458

000043834
14
000044753

000047796
15
000048465

000051341
16
000055096

000058015
17
000100810

000104396
18
000108068

000109693
19
000111029

000113197


20
000113364

000115616
21
000115784

000118160
22
000118328

000121205
23
000121414

000122956
24
000124542

000126835
25
000216678

000219972
26
000220181

000222057
27
000222225

000223934
28
000224144

000226812
29
000227021

000229064
30
000229274

000230691
31
000230859

000232985
32
000233194

000236822
33
000236990

000238031
34
000238241

000240200
35
000240410

000243537
36
000243746

000245539
37
000245748

000247708
38
000249085

000253088
39
000253339

000256675
40
000256885

000258844
41
000302473

000303599
42
000304642

000306226
43
000307145

000309438
44
000309647

000311106
45
000311316

000313066
46
000313234

000315194
47
000315361

000319364
48
000319616

000322117
49
000322368

000325621

50
000330168

000331919
51
000332295

000334796
52
000335131

000337132
53
000337342

000340802
54
000343806

000345849
55
000347810

000349770
56
000352815

000354608

57
000354776

000359071
58
000359280

000401531
59
000403993

000407162
60
000409374

000411041
61
000412168

000415879
62
000416381

000419800

63
000419968

000421176
64
000425348

000427975
65
000429394

000431228
66
000431396

000434690
67
000434899

000436984
68
000437402

000440320
69
000440530

000443198
70
000443449

000444700
71
000444867

000446076
72
000447537

000449579


73
000449872

000451748
74
000459340

000502801
75
000503303

000506388
76
000506639

000508849
77
000509976

000514521
78
000514731

000517524
79
000517900

000522195
80
000522905

000527409
81
000528578

000532831
82
000533750

000536835
83
000537045

000540464
84
000540715

000543467
85
000543718

000547262
86
000550141

000552017
87
000552268

000554394
88
000554562

000557981
89
000558232

000600150
90
000601569

000604404


91
000606115

000609117
92
000610787

000612496
93
000612705

000615123
94
000615291

000616500
95
000618086

000622589
96
000623132

000626676
97
000626886

000629346
98
000631224

000633475
99
000633684

000635811
100
000642860

000645737
101
000654372

000656248


102
000657583

000700627


103
000707969

000709511


104
000710930

000713140
105
000714392

000716059
106
000717186

000719688


107
000720815

000722732
108
000723734

000726695


109
000727155

000731908
110
000733411

000736204
111
000737498

000740000
112
000740209

000742210
113
000743004

000744463
114
000744839

000746298
115
000746883

000749551


116
000750344

000752137
117
000754515

000758393
118
000758561

000803356
119
000803524

000808028
120
000808237

000810864
121
000812783

000814201
122
000814744

000816161
123
000816412

000819456
124
000819707

000821875
125
000822043

000823084
126
000823252

000826755
127
000827590

000829466
128
000830718

000832677
129
000834764

000837057
130
000837266

000840101
131
000840353

000842854
132
000843064

000845524


133
000846234

000847984
134
000849445

000850487
135
000850738

000852864
136
000853115

000856159
137
000856410

000859079
138
000901040

000903708


139
000903918

000905335
140
000907171

000910131


141
000910550

000912425
142
000913427

000915136
143
000917515

000918640


144
000918808

000921810
145
000921978

000926815
146
000927108

000928692
147
000932029

000934322
148
000934615

000936324
149
000952592

000953925
150
000954343

000956219


151
000957346

000958763
152
000959098

001001308
153
001001684

001003810
154
001004186

001006855


155
001009025

001010150
156
001010318

001015572
157
001016824

001021494
158
001023080

001024789
159
001025041

001028376
160
001029920

001031212
161
001034800

001036801


162
001039055

001040764
163
001041057

001043391
164
001043559

001045685
165
001046270

001048980


166
001050441

001051983
167
001056030

001058281
168
001102495

001104329


169
001104497

001105955
170
001113005

001115048


171
001115216

001118176
172
001118928

001121137
173
001121347

001122972

174
001123808

001125225
175
001125976

001129270
176
001129480

001132941
177
001133192

001136611
178
001141409

001143284
179
001143494

001146204
180
001146997

001149916
181
001150126

001152627
182
001159301

001201678
183
001202346

001204556
184
001207226

001208309
185
001209228

001211604
186
001211772

001214065
187
001217486

001220280
188
001220698

001222741
189
001223075

001224743
190
001225578

001230123
191
001230332

001234794
192
001235463

001239090
193
001241135

001242510
194
001242678

001246014


195
001252938

001255607
196
001257193

001259068
197
001259361

001302989
198
001304784

001307076
199
001307411

001309496
200
001311957

001313958
201
001314168

001315960
202
001316212

001319964
203
001321717

001324093
204
001327556

001329057
205
001329433

001331851
206
001334355

001335855


207
001336065

001339943
208
001341320

001344989
209
001352248

001355250
210
001355543

001357293
211
001358671

001359838
212
001401215

001403383
213
001403843

001406678
214
001407137

001408179
215
001408764

001412183
216
001412393

001413601
217
001413853

001415812
218
001418023

001419357
219
001421235

001422652
220
001423863

001427156
221
001427366

001429826
222
001430035

001432912
223
001433122

001435498
224
001435708

001438543
225
001440546

001442755
226
001444425

001447886
227
001448846

001450930
228
001451140

001455894
229
001457688

001501858
230
001503027

001505486


231
001507531

001510450
232
001512244

001513870
233
001514038

001519584
234
001519752

001521920
235
001522129

001524380
236
001524548

001529761
237
001531305

001532347
238
001532556

001535767
239
001539647

001541230
240
001541398

001544400
241
001544568

001546069
242
001546236

001549280

243
001554662

001556871
244
001558916

001602418
245
001605005

001607632
246
001609677

001612220
247
001614139

001616808
248
001617059

001619268

249
001619561

001622105
250
001623565

001625775
1130
251
001626026

001630154
252
001630406

001632865
253
001634535

001637245
254
001638539

001640164
255
001640541

001644377
256
001645004

001646879
257
001647089

001648673
258
001650134

001652301
259
001652511

001654721
260
001655055

001656973
261
001657558

001658725
262
001700352

001703104
263
001704023

001706357


264
001706984

001710695
265
001713615

001714866
266
001715075

001718745
267
001720080

001723166


268
001725711

001728337
269
001728839

001731841
270
001732051

001734385
271
001735888

001737305
272
001737556

001740058
273
001740517

001745438
274
001745731

001748441
275
001749443

001751486
276
001751737

001755698
277
001757701

001758868
278
001814176

001816511
279
001818138

001819263
280
001822726

001826104

281
001826355

001828981
282
001829817

001831317
283
001831610

001833402
284
001833904

001835780
285
001836156

001839450
286
001839701

001841119
287
001846375

001848626
288
001850754

001851963
289
001852673

001854173
290
001854341

001858678
291
001858846

001901347


292
001901515

001904600
293
001904768

001906894
294
001907062

001908938
295
001910399

001912692
296
001912901

001917029
297
001917406

001920533
298
001921201

001923452
299
001923787

001926581
300
001926915

001928499
301
001929126

001932920


302
001933088

001938593
303
001938760

001942221
304
001944391

001946392
305
001948979

001950563
306
001951231

001953482
307
001956069

002001199
308
002001450

002004327
309
002006246

002008247
310
002008874

002010625
311
002011168

002013920
312
002016048

002017256
313
002017925

002019467
314
002020344

002021844
315
002022554

002024138
316
002024556

002025598
317
002027684

002030394
318
002030979

002036108
319
002036401

002039362


320
002039613

002042031
321
002042199

002045534
322
002045702

002047703


323
002047871

002049997
324
002050707

002052041
325
002052876

002054543
326
002054711

002058756
327
002059883

002104804
328
002105305

002109392
329
002109643

002112311
330
002113563

002115815
331
002116441

002117900
332
002122406

002124365
333
002124574

002127493
334
002127744

002131289
335
002131581

002135876
336
002137629

002139213
337
002140882

002142925
338
002145971

002148180
339
002149391

002150933
340
002155355

002157481
341
002201486

002203195
342
002219755

002221172
343
002222299

002225343
344
002230307

002231599