1
000003294

000004336


2
000004504

000007381
3
000007549

000011552
4
000011720

000014596
5
000016099

000020561
6
000020729

000022688
7
000022856

000026066
8
000026234

000028110
9
000028278

000032448
10
000033158

000036869
11
000037037

000038996


12
000039164

000041665
13
000041833

000045044


14
000045211

000047671
15
000047839

000052217
16
000052385

000055137
17
000055305

000100184
18
000101603

000103270
19
000103438

000106398
20
000106566

000108984


21
000109152

000111987
22
000112155

000114239
23
000114407

000116909
24
000155865

000157324


25
000157492

000158909


26
000159077

000200953
27
000201121

000204706
28
000204874

000211130
29
000215593

000219388
30
000219556

000222015
31
000222183

000226311
32
000226479

000228230
33
000233528

000236029
34
000237407

000241827


35
000241995

000244204
36
000244372

000248292
37
000248459

000251086
38
000251254

000253714
39
000258303

000301638
40
000301806

000305559
41
000305727

000308353
42
000308521

000311315


43
000311482

000312858


44
000313026

000314318


45
000316154

000319406
46
000320450

000322326
47
000322493

000325412
48
000325580

000329249
49
000329417

000333629
50
000333796

000336256
51
000338593

000341970


52
000342138

000344806


53
000344974

000349394
54
000349562

000352022
55
000352190

000355359
56
000356653

000401365


57
000401532

000403200
58
000404452

000408622
59
000408790

000411667
60
000411834

000414336
61
000414504

000417381
62
000417548

000420384
6
63
000420551

000422678
64
000422845

000425847
65
000426015

000428058
66
000428226

000431019
67
000432021

000434106
68
000434274

000436275
69
000436442

000438694


70
000438861

000441905
71
000442073

000446326
72
000452583

000454293


73
000454460

000456503
74
000456671

000459298
75
000502343

000504428
76
000504595

000507514
77
000508641

000512686
78
000513604

000517107
79
000517275

000521570

100

80
000523614

000526783
81
000526951

000528785
82
000529329

000534916
83
000535084

000536585
84
000537503

000541506
85
000541674

000546261
86
000547180

000550349
87
000555271

000557147


88
000557315

000559649


89
000601110

000605238
90
000609452

000611370
91
000611537

000616166
92
000616334

000618543
93
000627387

000629471
94
000630807

000634476


95
000635019

000638688
96
000638856

000643985
97
000647824

000648990


98
000649158

000652828
99
000652995

000654663
100
000654831

000658250
101
000658418

000703046
102
000703214

000707509
103
000709220

000714474


104
000715435

000716977
105
000717145

000720689
106
000720898

000723859
107
000725194

000727988


108
000728156

000731533
109
000731701

000734703
110
000734871

000738206
111
000738374

000742586
112
000743379

000747883


113
000748050

000751470


114
000752763

000757142
115
000757894

000800896
116
000801063

000803899
117
000805067

000808487


118
000813159

000815285


119
000815453

000818497

120
000818664

000821124
121
000821292

000826046
122
000826214

000828965


123
000829133

000833094
124
000833262

000836264
125
000836432

000840519
126
000840686

000842979
127
000843272

000845315
128
000846609

000849152
129
000849862

000852072
130
000854283

000855450


131
000855618

000859120
132
000859288

000901456
133
000902208

000906461
134
000907129

000909673
135
000909840

000911132
136
000911300

000915011
137
000915179

000917305
138
000918015

000921643
139
000921811

000925522
140
000925690

000927482
141
000927650

000931736
142
000933030

000938451
143
000938619

000941121
144
000941289

000944916
145
000945084

000949754


146
000950298

000953550


147
000953718

000957804


148
000959265

001001516
149
001001684

001004853
150
001005021

001008481
151
001008649

001011234


152
001011402

001016656
153
001016824

001021703
154
001022330

001024122
155
001024373

001027626
156
001027793

001030420
157
001035092

001038053
800
158
001038220

001041264
159
001041432

001044309
160
001044477

001047395
161
001048230

001051524
162
001051692

001054235
163
001054403

001055445
164
001056656

001058740
165
001058908

001100492
166
001100660

001103244
167
001103788

001105997


168
001106165

001110335
169
001110503

001113213
170
001113381

001116424
171
001116592

001119761
172
001119970

001122055
173
001122682

001124224
174
001125768

001127602
175
001127770

001130313
176
001130481

001134609
177
001136529

001140281
178
001140825

001142909
179
001143077

001145370
180
001146288

001149541
181
001149709

001153253
182
001153421

001155338
183
001156841

001158925
184
001202722

001204639
185
001205474

001207016
186
001207184

001212188
187
001212356

001215024
188
001215818

001218862
189
001221824

001224117
190
001224285

001226119
191
001226287

001229998
192
001230166

001234335
193
001238799

001240467
194
001240634

001245638
195
001245806

001250059


196
001250227

001253188
197
001255691

001257233
198
001258360

001302238
199
001305075

001308369
200
001308537

001311873
201
001312666

001314667
202
001315920

001320715
10
203
001320883

001323760


204
001324887

001329849
205
001331227

001336606
206
001338734

001341945
207
001342112

001344280
208
001348160

001353456
209
001357253

001400171


210
001403050

001406135
211
001407596

001411641
212
001412184

001415270


213
001416897

001420316


214
001425698

001428241
215
001428409

001432078
216
001434456

001438793
217
001441422

001446342


218
001446594

001447844
219
001449889

001450930


220
001451098

001453975
221
001454143

001455977


222
001456145

001458104


223
001458272

001459480


224
001459648

001502066
225
001506780

001510283
226
001514371

001516331


227
001517625

001519000
228
001519168

001521002
229
001525799

001527926
230
001528093

001530470

231
001531013

001533348


232
001533515

001536017
233
001536185

001539145
234
001539730

001543483
235
001600626

001604712
236
001605547

001608925
237
001609093

001613346
238
001614181

001616557
239
001616725

001620311
240
001620479

001623147
241
001623315

001625525
242
001625693

001627151


243
001627319

001629237
244
001629405

001632448
245
001634576

001638204
246
001638372

001641624
247
001644128

001647630
248
001647798

001649257
249
001649425

001651384
250
001651760

001652760
251
001652928

001655805
252
001656390

001659726


253
001701854

001704522
254
001704690

001708276
255
001708444

001710111
256
001711780

001714574
257
001715868

001718619
258
001719955

001722457


259
001723167

001725918
260
001726086

001727628
261
001728172

001731257
262
001737598

001741893


263
001742936

001744270
264
001744438

001747774
265
001747941

001750985
266
001751153

001755907
267
001756492

001759285
268
001801955

001803623
269
001803791

001806834
270
001807002

001810797
271
001812716

001815760
272
001815928

001820640
273
001820808

001822517
274
001824186

001828356
275
001828857

001831275
276
001834947

001838491
277
001838659

001844122
&
278
001844289

001846916


279
001847084

001851504


280
001851672

001853840
281
001854716

001858302


282
001858470

001902723


283
001902891

001905601
284
001905769

001907979
285
001908147

001911816
286
001911984

001914735
287
001915112

001917029
288
001918365

001921951
289
001922703

001925913
290
001926081

001927999
291
001928167

001930084
292
001930252

001932211
293
001932379

001936299
294
001936466

001939260
295
001939428

001943973
296
001944141

001949687
297
001951106

001953399
298
001958405

002000239
299
002000407

002004702
300
002009625

002012585
700
301
002012753

002014795
302
002014963

002017298


303
002020135

002022762


304
002022930

002024347


305
002024514

002027266


306
002027434

002030770
307
002030938

002034899
308
002035067

002037235
309
002045827

002047203


310
002047371

002051207


311
002051375

002053918


312
002054086

002056212


313
002102511

002103970
314
002110852

002115731
315
002115899

002118609
316
002118777

002121612
317
002121780

002124115
318
002131790

002137295
319
002138338

002140256
320
002144553

002147430