1
000002252

000006714
2
000006881

000010009
3
000011094

000012886
4
000014597

000017933


5
000018101

000021103
6
000021271

000026442
7
000028153

000033240
8
000033408

000035909


9
000036828

000039038
10
000039205

000040789
11
000040957

000043167
12
000043752

000046712


13
000048965

000051675


14
000051843

000053469
15
000056389

000058307


16
000059726

000101435
17
000104481

000106732


18
000108735

000110778
19
000150610

000151735


20
000151903

000156782
21
000156950

000159368
22
000159536

000201078
23
000201246

000204331
24
000204499

000208168


25
000208336

000213048
26
000214467

000215884
27
000218221

000220264


28
000220849

000223851


29
000225061

000229356
30
000229524

000232109
31
000233027

000235404
32
000238408

000241368
33
000241536

000243495
34
000243663

000246373
35
000248501

000253172
36
000254966

000259553
37
000259721

000302848
38
000304475

000307853


39
000308021

000309897
12
40
000310064

000312399
41
000312567

000315027


42
000315195

000319907
43
000320074

000324369
44
000324537

000328498
45
000328666

000333462
46
000333630

000336089
47
000338259

000339968
48
000344724

000349102
49
000349354

000351230
50
000358988

000401573
51
000401741

000403951
52
000404118

000406286


53
000406454

000407913
54
000411459

000413085


55
000415713

000419508
56
000419676

000422302
57
000423805

000426306
58
000428142

000432020


59
000437402

000439403
60
000439570

000441405
61
000441572

000444616
62
000450331

000452082


63
000452250

000454459
64
000454627

000456670
65
000456838

000500257
66
000500425

000502050
67
000502218

000506638
68
000508933

000511643


69
000513229

000516106
70
000516316

000518150
71
000518359

000520944
72
000521195

000523238


73
000523406

000527159


74
000528453

000531538
75
000532457

000533915
76
000534083

000537669
77
000537837

000539254


78
000539422

000541381


79
000541549

000542716
80
000542884

000546595
$2000
81
000554270

000557022
82
000557190

000558523
83
000558691

000601026
84
000601194

000605030
85
000605198

000607949
86
000608117

000610243
87
000610411

000614623
88
000614791

000617000
89
000617168

000620087


90
000622048

000625258


91
000625426

000630013


92
000630181

000632140
93
000632308

000635394


94
000637605

000641108


95
000641275

000645862
96
000647740

000650283
97
000653663

000657124
98
000657291

000702129
$2300
99
000702296

000704423
100
000705883

000708343
101
000710054

000713056


102
000714058

000716309
103
000716477

000719980
22foot
104
000720148

000724985
$20000
105
000725153

000726570
106
000728114

000730115
107
000731033

000732325
108
000732493

000734453
$20000
109
000735037

000739916
110
000740084

000741376
111
000743463

000745005
$20000
112
000745173

000748008
113
000752472

000753930
114
000754474

000757726
115
000814660

000816328
116
000816913

000818497
117
000819499

000824336
118
000824504

000827672
119
000828341

000830008


120
000830176

000831676
121
000831844

000833887
122
000834514

000835722
123
000835890

000837891
124
000838059

000839476
125
000839644

000842479
126
000843356

000845607
127
000846192

000849986
128
000851489

000853406
129
000855618

000857202
130
000857370

000859996
131
000900206

000905335
132
000905545

000907128
133
000908339

000909631
134
000909840

000911883
135
000913553

000918306
136
000918474

000921059
137
000921227

000922435
138
000922603

000925230


139
000925398

000927732
140
000930069

000931611
141
000933573

000935782
142
000939912

000943373


143
000944709

000946501
144
000947920

000951381


145
000951549

000954175
146
000954343

000956136
147
000956304

000958680
148
000958848

001001850
149
001003811

001007022
150
001007773

001012694
151
001012862

001015614
152
001018200

001020327
153
001021537

001024080


154
001024248

001025290
155
001025499

001027042
156
001027293

001029085


157
001029253

001031296
158
001032673

001034549
159
001039221

001040930
160
001041140

001043016
161
001043184

001044643
162
001044894

001048188
163
001048356

001051024
164
001051192

001053985


165
001055112

001057530
166
001058491

001101368
167
001101535

001103662
168
001104997

001107666
169
001107833

001111836
170
001115841

001119177
171
001119345

001121846
172
001122306

001125100
173
001125267

001127143
19000
174
001127311

001129771
175
001133025

001135193
176
001135361

001139531
177
001142952

001145870
178
001147832

001149165
179
001153921

001158049


180
001158217

001201386
181
001201554

001204222
182
001204390

001207350
183
001207518

001209269
184
001209437

001210687
185
001210855

001214649
186
001214817

001217026
187
001217194

001218236
188
001218404

001221448
189
001221615

001226286
190
001227329

001228413
191
001231083

001233126
192
001233294

001236796
193
001236964

001239007
194
001239175

001241217
195
001241385

001242677
196
001242845

001244179
197
001244346

001248641
198
001254815

001259194
199
001259361

001303323
200
001303616

001306618
201
001307203

001308995
202
001309163

001312123
203
001312291

001313458
204
001314960

001316211
205
001324136

001325762
206
001325930

001330016
207
001330184

001332185


208
001332728

001335230
209
001336065

001338066
210
001338234

001342028
211
001342196

001345532
212
001346700

001348910
213
001349078

001353373
214
001353582

001357919
215
001358087

001401506
216
001401674

001405885
217
001406971

001411933
12
218
001412101

001413893
219
001414061

001417063


220
001418607

001420567
221
001420734

001423695
222
001424196

001427949
223
001428117

001431202
224
001431787

001434956
225
001436750

001440336
226
001441213

001445842
227
001446802

001449220
228
001449430

001452390
229
001452558

001455018
230
001455269

001458563
231
001502568

001503735
232
001503903

001506446


233
001506697

001509866
234
001510034

001512368
235
001512536

001513703
236
001514580

001515997
237
001521503

001525423
238
001525591

001528092


239
001531972

001534724
240
001534892

001536726


241
001536894

001540980
242
001541148

001545193
243
001545361

001548446
$18000
244
001548614

001551658
245
001554995

001557538
246
001557748

001559499
247
001559667

001602001
248
001602169

001604629


249
001604797

001608967
250
001609134

001610885
251
001611929

001613846
252
001614556

001617600
253
001617768

001618851
254
001619353

001620561
255
001620729

001623773
256
001623941

001628444
257
001630531

001634534
258
001634702

001637704
259
001637871

001641582
260
001641750

001644419
261
001645879

001648548
262
001648716

001651551


263
001653846

001655638
264
001655806

001658558
$20000
265
001658726

001702395
266
001708569

001709944
267
001710112

001711821
268
001713323

001715074
269
001715242

001718036
270
001721040

001725043
271
001726045

001727837
272
001730090

001732592


273
001732760

001736262


274
001736430

001740183
275
001740350

001741809
276
001741977

001744729
277
001745856

001750276
278
001750444

001753529


279
001755532

001757909
280
001758077

001802497
281
001802664

001806125
282
001806293

001809003
283
001809171

001811881
30
284
001812049

001814092
285
001816720

001818137
286
001818388

001821974
287
001822559

001824894
288
001826855

001829398
289
001829566

001833236
290
001841328

001847125
291
001847376

001850628
292
001850963

001854132
293
001854883

001858344
294
001858512

001900096
295
001900264

001903724
296
001903892

001905935
297
001906103

001907186
298
001913235

001914819
299
001914987

001917780
300
001925747

001926873
301
001927040

001929667
302
001929877

001931335
303
001931503

001934130
304
001937259

001939135
305
001940721

001942388


306
001942556

001943681
307
001943849

001946934
308
001947102

001948144
309
001948812

001952440
310
001952691

001954775
311
001954985

001957778
312
001957988

001959739
313
002001074

002002408
314
002002576

002007038
315
002007915

002011709
316
002011877

002016130
317
002016381

002019133
318
002020052

002021344
319
002023055

002025097
320
002028101

002029977
321
002036109

002039528
322
002039696

002042073
323
002042741

002045159


324
002045911

002047161
325
002047371

002049747
326
002049915

002053459
327
002053627

002056045
328
002057422

002058506
329
002058674

002101384
330
002101551

002103469
331
002105305

002106764
332
002106932

002110434
333
002112104

002115481