1
000004713

000008424
2
000008591

000011301
3
000011803

000014221


4
000022772

000024356


5
000026484

000028152


6
000028319

000030821
7
000032741

000037578
8
000038663

000041415
9
000041583

000045919
10
000047964

000049798
11
000049966

000051133
12
000054471

000055846
13
000059059

000102853


14
000107901

000110235
15
000202455

000206375
16
000207127

000209545
17
000209712

000211880
18
000214717

000217636
19
000217804

000219471


20
000220557

000222516

21
000223059

000225394
22
000227021

000230315


23
000230483

000232693
24
000232861

000234153
25
000234320

000236572
26
000236739

000238407
27
000238575

000241869


28
000243121

000244538
29
000245248

000248125
30
000248293

000251044
31
000251629

000252921
32
000254299

000257467
33
000257635

000300721
34
000304642

000308061


35
000311900

000313734


36
000313902

000315736
37
000315904

000319031
38
000319199

000321909
39
000322202

000324953
40
000325121

000328040
$32
41
000329125

000331293
42
000331461

000335464
43
000335632

000339468
44
000339636

000343138
45
000343306

000347726
46
000349354

000351021
47
000353024

000355651
48
000355818

000358820
49
000358988

000401615
50
000401783

000404493
51
000404661

000406578
52
000406746

000409915
53
000410416

000412125


54
000414254

000415754
55
000418258

000419299
56
000419467

000421260
57
000423346

000425180
58
000425348

000427683
59
000427850

000429810
60
000431020

000433313
61
000433481

000437776
62
000437944

000441280
63
000441447

000445701
64
000445868

000448537
65
000449956

000450998
66
000451165

000452958
67
000453126

000454751
68
000454919

000456545


69
000501050

000503552
70
000503720

000505971
71
000506139

000509558
72
000510143

000512269


73
000514731

000515814


74
000515982

000518150


75
000518318

000520110
76
000521988

000523780
77
000526743

000527784
78
000529537

000530620
79
000530788

000533749
80
000533916

000538378
81
000539589

000542674
82
000542842

000543925


83
000544093

000546136
84
000546304

000548305
85
000550558

000552017
86
000553436

000556938
87
000557273

000602444
88
000602945

000604863
89
000605031

000606114
90
000613164

000614247
91
000614415

000618710
81
92
000619587

000622672
93
000622840

000625926
94
000626094

000628345
95
000629097

000632474
96
000632642

000635185
97
000635353

000636686
98
000640400

000642317


99
000642485

000645779
100
000646489

000650951
101
000651119

000653495
102
000657625

000700293
103
000700461

000705424
104
000706217

000708552
105
000708719

000712347
106
000714392

000716017
107
000716185

000719312
108
000720273

000721815
109
000721983

000723775
110
000723943

000725777
111
000727363

000731408
112
000734162

000736288
113
000740168

000743879


114
000744380

000745380
115
000749218

000752345
116
000752513

000754639
117
000755975

000759060
118
000759228

000801104
119
000801272

000804065
120
000804233

000806443
121
000809071

000813909
122
000816037

000818038


123
000818206

000820790
124
000820958

000822792


125
000823252

000824461
126
000824879

000827088
127
000827256

000828632
128
000832094

000834596


129
000835556

000838016
130
000838184

000840977
131
000841687

000844314
132
000847568

000848944
133
000853157

000855534
134
000855701

000858495
135
000859956

000901414
136
000901582

000905293
137
000905461

000907170
138
000907338

000910382
139
000910550

000913635
140
000913803

000917222
141
000917723

000920684
142
000921060

000922310
143
000922478

000924688
144
000924855

000927983
145
000928985

000932028
146
000932196

000935323
147
000940329

000943373
148
000943541

000945292
149
000945459

000948378
150
000949463

000951256
151
000952258

000955677
152
000955845

000957554
153
000958347

001002767
154
001002935

001005186
155
001005354

001007606
156
001007773

001009232
157
001009567

001010817
158
001013321

001014571
159
001014822

001016948
160
001022872

001025999


161
001026167

001028209


162
001028377

001032088
163
001032715

001034758
164
001034925

001036718
165
001036886

001040055
166
001046062

001047103
167
001047271

001052233
168
001052610

001054736
169
001054904

001057238


170
001100409

001103161
171
001103329

001106122


172
001106499

001108625
173
001109251

001110543
174
001112046

001114214
175
001114382

001116257
176
001116425

001118677
177
001118844

001121846
178
001122014

001125892
179
001126060

001127644
180
001129313

001131106
181
001131273

001133650
182
001133818

001136611
183
001136779

001139989
184
001140950

001144577
185
001144787

001146079
186
001146247

001149124
10
187
001149291

001151501
188
001153295

001154796
189
001157049

001158550
190
001202722

001207726
191
001207893

001209561


192
001209729

001213481
193
001215151

001216484
194
001219572

001221406


195
001221574

001222782
196
001222950

001225702
197
001225870

001228788
198
001230875

001233084


199
001233252

001235503
200
001249310

001250769
201
001252521

001254522


202
001255691

001258693
203
001300654

001302363


204
001302531

001307410
205
001307578

001310246


206
001310414

001312832
207
001313292

001315502
208
001315669

001318129
209
001319048

001322509
210
001322676

001325094
211
001325262

001329015


212
001329183

001330266
213
001330434

001332477
214
001334104

001337065
215
001337233

001339567
216
001339735

001343446
217
001343614

001344989
218
001345699

001347450
219
001349453

001351120
220
001351288

001352413
221
001352581

001354332
222
001358879

001400505
223
001400673

001403132
224
001403300

001406886


225
001407054

001408847
226
001412142

001413393
227
001413561

001416145
228
001416313

001419524
229
001420359

001422277
230
001424405

001426948
231
001427783

001431077
232
001431662

001435331
233
001435499

001439419
234
001439628

001444173
235
001446427

001447802
236
001447970

001452807
237
001454143

001457562


238
001458731

001501107
239
001501275

001506029
240
001506196

001508823
241
001508991

001512076


242
001514872

001516539


243
001529887

001531054
244
001533223

001534265
245
001535643

001537727


246
001537895

001540313
247
001540481

001543024
248
001543192

001546110
249
001546528

001547987
250
001548280

001550782
251
001550950

001553117
252
001553285

001556245
253
001556413

001558706


254
001558874

001600792
255
001600960

001603127
256
001603295

001605171

257
001605339

001609175
258
001609343

001613721
259
001614682

001616599
260
001619520

001622397
261
001623148

001626734
262
001626902

001629570
263
001631573

001633282
264
001636412

001638579


265
001638789

001643459
266
001644461

001646004
267
001646171

001648673


268
001648841

001651426
269
001656598

001658891
270
001700436

001701853
271
001702021

001705314
272
001705482

001709610


273
001710112

001713489


274
001713657

001714991
275
001715159

001717994
276
001718162

001720288
277
001721373

001722957
278
001723125

001725084
279
001725544

001727128
280
001728630

001729672
281
001729840

001731132
282
001731633

001734761
283
001734928

001737430
284
001738307

001741350
285
001741518

001743603


286
001743771

001747231
287
001748776

001752195
288
001752362

001754197


289
001754490

001755740
290
001802164

001804290


291
001804917

001808336
292
001808504

001811380
293
001811548

001814133
294
001814343

001816177
295
001817137

001818721
296
001818889

001820598
297
001820766

001824227
298
001824394

001826938
299
001827564

001830066
300
001836657

001838241
301
001838575

001839951
302
001840119

001842078
303
001842454

001846249
304
001852381

001855925


305
001856093

001859345
306
001901723

001905434
307
001907563

001910606
308
001910774

001912567
309
001916572

001919115
310
001919658

001921951


311
001922327

001923786
312
001927374

001929792
313
001929960

001933254


314
001933422

001937175
315
001938010

001939468
316
001940429

001942221
317
001942931

001944473
318
001945267

001946684
319
001947060

001948519
320
001949521

001951772
321
001951940

001953232
322
001953400

001956611
323
001957946

001959739
324
001959907

002003951
325
002004453

002007121
326
002009333

002010708


327
002010876

002013127


328
002013295

002016172


329
002018717

002023846


330
002024306

002025723
331
002025891

002028226
332
002028393

002031729
333
002034900

002037693
334
002037861

002041697
335
002041907

002044200


336
002044368

002047245
337
002047412

002050831
338
002050999

002053501
339
002053669

002055878
340
002058340

002059966
341
002100133

002104762
342
002106848

002109517
343
002116400

002121195
344
002121738

002123698


345
002123865

002126909
346
002129788

002131038
347
002140757

002142591
348
002142759

002144593
349
002144761

002147221
350
002147389

002148639
351
002148807

002151142
352
002151310

002153394
353
002153937

002156772
354
002157149

002158399
355
002159234

002201068