1
000003629

000004672
2
000004839

000007008


3
000007174

000009593


4
000009760

000014140
5
000014306

000016434


6
000016600

000018269


7
000018436

000020438
8
000023149

000026110


9
000026277

000029530
10
000029697

000032867
11
000033034

000037246


12
000037413

000040458
13
000042293

000043878
14
000045171

000046922
15
000051052

000053262
16
000054096

000056766


17
000059351

000102146
18
000144355

000145481


19
000145648

000147650
20
000148651

000150111
21
000150277

000153405
22
000153572

000156951
23
000157118

000159703
24
000201038

000202373
25
000202832

000204166
26
000206127

000207419


27
000207586

000210464


28
000210631

000214218
29
000214385

000216011


30
000216178

000219640


31
000219807

000223102
32
000224937

000227982


33
000228149

000231735
34
000231902

000233863
35
000234029

000237950
36
000238117

000242413
37
000242913

000245708
38
000248043

000249128
39
000249336

000252047

30

40
000252256

000255176
41
000255342

000258846
42
000259680

000302099
43
000302266

000304602
44
000307229

000308814


45
000308981

000311483


46
000311650

000314111
47
000314278

000316363
48
000316530

000321076


49
000321410

000323829
50
000323996

000329835


51
000330002

000333255
52
000333422

000336425
53
000336592

000337635


54
000337801

000338844
55
000346268

000347937
56
000348103

000350189
57
000350356

000352608


58
000400532

000403244


59
000409959

000411877
60
000412044

000414046
61
000414922

000418092
62
000418259

000420719


63
000420886

000422388


64
000422554

000423806


65
000423973

000425015
66
000436485

000437861
67
000438028

000439196


68
000439363

000441865
69
000442032

000443784


70
000443951

000445577


71
000445744

000448455


72
000448622

000451125
73
000451709

000453919


74
000454461

000456255


75
000456422

000459300
76
000459466

000501760
77
000503137

000504638
78
000506181

000507766
79
000509059

000511228
80
000511395

000516358
81
000516525

000519611
82
000519778

000522656


83
000522823

000524700
84
000530789

000534084
85
000534251

000537296


86
000537463

000539631
87
000540090

000541925


88
000542092

000544303
89
000544470

000548432
90
000548599

000553270


91
000553437

000556607


92
000600277

000602196
93
000602696

000604448
94
000604615

000609203
95
000610162

000613874
96
000614041

000615709
97
000615876

000618921


98
000655249

000659128


99
000659294

000703841
100
000707719

000709263
101
000710722

000712683
102
000712850

000715644
103
000716645

000720482


104
000721066

000722734
105
000722901

000725070
106
000727239

000730242
107
000730409

000734413
108
000734580

000736623
109
000743255

000745090
110
000745257

000748051
111
000748218

000753140
112
000757311

000758687
113
000806862

000809907


114
000810073

000812826
115
000812993

000816663
116
000833180

000834223


117
000834389

000835807
118
000835974

000839645
119
000840270

000841897
120
000843524

000846026


121
000846193

000847569
122
000848654

000850239
123
000850572

000852032
124
000852199

000854743
125
000855744

000900832


126
000900999

000902918
127
000903085

000905921
128
000906088

000908632


129
000910300

000912678


130
000912844

000914513


131
000914680

000919059
132
000919226

000922187
133
000922354

000924314
134
000928277

000930320
135
000933740

000934783
136
000934950

000937869
137
000938036

000939913


138
000940080

000941748
139
000941915

000943834
140
000944001

000946086
141
000946253

000948839


142
000949006

000951091
143
000951258

000955345


144
000955721

000957264
145
000959182

001001143
146
001001768

001004771
147
001005939

001008025


148
001009234

001012904


149
001013071

001015157
150
001017451

001019995


151
001021413

001024416
152
001024833

001029755
153
001045270

001046938
154
001047689

001051526
155
001051693

001053695
156
001053862

001056490
157
001056990

001101119
158
001101286

001103413
159
001103580

001106583
160
001106750

001110962
161
001112255

001114424
162
001114591

001117886
163
001118053

001120472
164
001123684

001125394
165
001125560

001127270
166
001130899

001132776


167
001135696

001139658
168
001145831

001148875
169
001149042

001152170
170
001152337

001157008


171
001158844

001201888


172
001202055

001203807
173
001203974

001206017
174
001207728

001210939


175
001211106

001213316
176
001213483

001215944
177
001217404

001219197
178
001219364

001220907
179
001221908

001224161
180
001224327

001226079
181
001226246

001231001
182
001231877

001235088


183
001236631

001239718
184
001241595

001242846
185
001243388

001246224
186
001246391

001249978
187
001250145

001252397
188
001253148

001254649
189
001254816

001258278


190
001259571

001300614
191
001300781

001304034
192
001304951

001306328
193
001306495

001308789
194
001310957

001312667
195
001313001

001315754
196
001324596

001326807


197
001326973

001329684
198
001331394

001335482
199
001335649

001338819
200
001342906

001344950
201
001345116

001346785
202
001346952

001350372


203
001352999

001355043
204
001355210

001357003


205
001357170

001401299


206
001401466

001404803
207
001405512

001407264
208
001407430

001410976
209
001416231

001418984
210
001429744

001432247

211
001433874

001435500


212
001435667

001439212
213
001439379

001442966
214
001443133

001444885
215
001445051

001448013
216
001449014

001452642


217
001453643

001456187
218
001502944

001504529
219
001505488

001507324
220
001507866

001509326
221
001509492

001512579
222
001514539

001518293
223
001518460

001520545
224
001520712

001523423
225
001527594

001530347
226
001532557

001534017
227
001535560

001537812
228
001537979

001540023
229
001541483

001543693


230
001544819

001546154
231
001546321

001548782
232
001548949

001551785


233
001553078

001559876
234
001600919

001605090
235
001605256

001608009


236
001608176

001609844
237
001610011

001612931
238
001613098

001616518
239
001618561

001620939


240
001621898

001624776
241
001624943

001627529
242
001627696

001629197
243
001630365

001632158
244
001632325

001634661
245
001634828

001637497
246
001638873

001642335
247
001642502

001646881
248
001647048

001649217
249
001649384

001651469
250
001651636

001654264
251
001654431

001657017


252
001657183

001700854
253
001707068

001709571
254
001712282

001715410


255
001715577

001718455
256
001718621

001721875
257
001722042

001724127
258
001724294

001726421
259
001730967

001734012


260
001734179

001736598


261
001738725

001740435
262
001740602

001742062


263
001744647

001747650


264
001747817

001750153


265
001750320

001753281


266
001753448

001754532
267
001754699

001757285
268
001757452

001759913
269
001800080

001802165
270
001802332

001806669
271
001809005

001810673
272
001811841

001813968
273
001823770

001826231


274
001834864

001839536


275
001840537

001842580
276
001849838

001852006
277
001853049

001855635
278
001855802

001858805
279
001900181

001903935
280
001904102

001910191
281
001912152

001913987
282
001943892

001946561
283
001949647

001951274
284
001951441

001954277
285
001954444

001957947


286
001958114

001959532
287
002009792

002012629


288
002012795

002016674


289
002016841

002019594
290
002019761

002022013
291
002022180

002023598
292
002024807

002026768
293
002026935

002031689
294
002031856

002035360
295
002035777

002038905
296
002039072

002041407
297
002043618

002044953
298
002045119

002047455
299
002047914

002050792
300
002050959

002052752


301
002052919

002056172


302
002057173

002059550
303
002103054

002106891
304
002108142

002109686
305
002112272

002115108


306
002115608

002118945


307
002119112

002120989


308
002121155

002124075
309
002126953

002129580


310
002129747

002134085
311
002134544

002136754
312
002136921

002138423
313
002138589

002140550
314
002143928

002145221
315
002150768

002153187


316
002153521

002155189
317
002156190

002158026
318
002158401

002200737
319
002211414

002214667
320
002223676

002226846


321
002227013

002229057
322
002229932

002232268


323
002232435

002235730


324
002237398

002239734
10
325
002239901

002241527
326
002241861

002245531
10
327
002245698

002247617
328
002249660

002254207


329
002324529

002325571