1
000005213

000008382
2
000008591

000012511
3
000012721

000016974
4
000018351

000021437
5
000021646

000025441
6
000025650

000027609
7
000027819

000031905
8
000032115

000035576
9
000037120

000039663
10
000040623

000043375
11
000043543

000045294
12
000045462

000047421
13
000047589

000049465
14
000053094

000057431
15
000057640

000100517
16
000100727

000104271
17
000104481

000107232
18
000108693

000111361
19
000111780

000116325
20
000118953

000121997
21
000211464

000213090


22
000213299

000216135


23
000216344

000220222
24
000220431

000224560


25
000224769

000228772
26
000230567

000233235


27
000233444

000236613
28
000236823

000240450
29
000242162

000245706
30
000245915

000247207
31
000249794

000251920
32
000252130

000255591
33
000255800

000258886
34
000259095

000302264
35
000303975

000305184

36
000305351

000307811
37
000308021

000310397
38
000310607

000314735
39
000316154

000318488
40
000318698

000320282
41
000320491

000323118
42
000323328

000327206
43
000327749

000329750
44
000329959

000332085
45
000332295

000334755
46
000334964

000337382
47
000344682

000348727
48
000350146

000351855
49
000352065

000356860


50
000357070

000359738
51
000359948

000402449


52
000402659

000405702
53
000410208

000413752


54
000414254

000416755
55
000416965

000420509
56
000420718

000423720
57
000423888

000424930
58
000425098

000428558
59
000428768

000433146


60
000433982

000439111

1400

61
000439320

000441780
62
000441990

000443490
63
000443658

000446410
64
000446577

000450122
65
000450331

000452499
66
000456254

000501633


67
000501926

000503010
68
000512645

000514021


69
000514230

000516815
70
000517025

000519401
71
000519610

000521737
72
000522280

000524531
73
000524741

000528493
74
000529120

000532831
75
000532999

000535375


76
000541966

000544009
77
000544218

000545385
78
000545595

000548805


79
000549015

000551641
80
000551851

000554394
81
000554604

000556063
82
000558024

000559900
83
000600109

000603362
84
000603571

000606031
85
000606240

000608283
86
000609369

000611203
87
000611412

000615957
88
000616167

000618502
89
000618711

000622089

90
000626511

000629221
91
000634811

000638188
92
000638398

000639898
93
000640108

000643819
94
000644028

000647781
95
000648741

000652411
96
000652620

000654704
97
000654914

000657624
98
000657834

000702295
99
000702505

000705465
100
000708094

000711179


101
000712265

000715475
102
000715685

000718687


103
000718896

000721982
104
000722442

000724818
105
000725778

000727946
106
000729532

000733076
107
000733286

000736872
108
000737081

000739040
109
000739250

000743003
110
000743588

000746339


111
000746549

000751303
112
000751512

000752888
113
000800730

000803023
114
000803816

000807235
115
000807445

000810947
116
000811157

000812908


117
000813493

000815869
118
000816037

000819748
119
000821876

000823210
120
000823419

000825754
121
000827006

000830258
122
000832303

000833553
123
000850905

000852948
124
000853574

000854991
125
000856869

000859246
126
000900414

000902582


127
000902750

000905085


128
000905253

000907128
129
000907296

000908547
130
000908714

000911925


131
000912134

000915595
132
000915805

000917389
133
000917598

000920267
134
000920476

000922978
135
000923813

000926356
136
000927066

000930652


137
000930861

000933238
138
000933781

000937242
139
000937451

000939327
140
000940538

000943915
141
000944125

000945542
142
000945751

000948044
143
000948254

000950088
144
000950298

000952716
145
000952925

000954509
146
000954677

000955885
147
000956095

000958847


148
000959015

001000849


149
001001851

001003476
150
001003686

001007147
151
001007356

001010317
152
001010484

001011526
153
001011694

001013862


154
001014030

001017532
155
001017742

001020994
156
001021203

001023622
157
001023789

001026833
158
001027043

001028543
159
001028711

001030712
160
001030921

001034841
161
001036218

001037636
162
001037845

001042265
163
001042433

001047395
164
001054820

001057072
165
001104747

001108500


166
001108709

001112212


167
001112421

001115006


168
001115216

001117634
169
001117843

001119010
170
001123265

001127519
171
001127687

001129938
172
001130147

001134859


173
001135069

001137862


174
001138030

001141408


175
001141951

001143660


176
001143869

001147288


177
001147498

001150417
178
001152628

001154045
179
001154213

001155922
180
001157049

001201094
181
001201303

001203930
182
001204515

001206349
183
001206559

001209936
184
001210146

001214399
185
001216819

001219696
186
001219864

001221114
187
001221282

001222532
188
001222742

001226286
189
001226495

001230957


190
001231167

001234210
191
001234420

001238840


192
001239049

001243428
193
001247308

001249142
194
001249351

001252896
195
001253105

001254731
196
001254940

001259277
197
001301572

001304407
198
001311332

001312415
199
001316170

001319923
200
001320132

001323134
201
001324637

001326721
202
001328057

001331601


203
001332645

001333895
204
001334104

001337607
205
001337817

001341361
206
001341570

001344113
207
001345991

001347367
208
001347576

001348910
209
001350287

001352997


210
001354708

001355959
211
001357336

001359420
212
001359630

001403216
213
001403384

001405218
214
001406762

001410265
215
001410474

001413017
216
001415396

001417647


217
001417857

001420525
218
001421902

001425196
219
001431453

001434998


220
001435791

001439502


221
001439712

001441379
222
001441589

001444924
223
001445134

001447510
224
001449430

001451055
225
001453642

001456144


226
001457897

001459606
227
001459815

001502775
228
001506322

001510366
229
001510576

001511826
230
001516832

001518666
231
001518876

001520752
232
001520961

001525173
233
001525382

001529010
234
001530721

001532472
235
001532640

001534265
236
001534433

001535516
237
001535684

001537393
238
001539730

001544901
239
001545110

001549697
240
001557414

001558998
241
001600084

001602752
242
001604630

001607465
243
001608425

001611052
244
001611220

001612804
245
001614139

001616391
246
001616600

001617642
247
001617810

001620269
248
001620479

001622522
249
001622690

001625274
250
001625484

001628653
251
001629697

001633700
252
001634034

001635118
253
001635285

001638204


254
001638414

001639706


255
001639915

001643501
256
001643669

001645336
257
001646714

001648631
258
001648799

001652844
259
001653012

001655722
260
001656890

001659600
261
001659810

001704272
262
001705524

001707191
263
001707359

001709360
264
001709528

001712030
265
001712197

001714866
266
001716869

001718745
267
001718954

001722707
17
268
001723459

001728796
269
001729423

001730673
270
001731759

001732800
271
001733343

001736679


272
001740642

001742769
273
001742978

001745188
274
001745355

001746522
275
001746690

001750568
276
001750778

001754405
277
001754615

001759243


278
001759995

001802038
279
001802247

001806334
280
001820849

001823726

281
001834279

001836447
282
001836615

001837990
283
001841870

001844455
284
001845833

001848459
285
001849753

001853172
286
001853382

001856592
287
001856760

001900179
288
001903600

001906144
289
001906645

001910439
290
001910607

001912942
291
001913527

001917196
292
001917406

001919240
293
001919449

001923828
294
001924830

001928249
295
001929251

001932253
296
001932462

001935173
297
001935382

001939093
298
001939303

001941762
299
001941972

001944807
300
001945017

001947185
301
001948395

001953316
302
001953817

001958613
303
001958822

002000656
304
002001742

002006537
305
002006747

002009081
306
002011043

002013961


307
002015631

002018758
308
002019551

002022220
309
002022763

002026224
310
002028101

002030311
311
002030520

002035024
312
002037277

002039362
313
002039529

002042490
314
002045244

002047370


315
002047579

002050248


316
002050457

002053417


317
002053627

002058214
318
002058423

002102969
319
002103178

002107223


320
002107432

002110559
321
002110769

002113688


322
002113897

002118359
323
002118568

002119735
324
002119945

002125241


325
002126827

002130371
326
002130580

002133833
327
002134042

002136335
328
002136545

002139755


329
002142718

002144468
330
002149016

002150349
331
002152185

002156731
332
002156940

002159317
333
002159526

002203321
334
002207159

002209452


335
002209661

002211329
336
002211538

002213080
337
002216960

002218377


338
002218587

002223049


339
002223258

002225718
340
002225886

002227428
341
002227637

002231015
342
002232184

002233434
343
002238690

002240649
344
002240817

002242318
345
002242486

002243819


346
002244029

002245112


347
002245322

002247406


348
002247574

002248574


349
002248742

002249909


350
002250118

002251619
351
002251828

002252995
352
002253163

002255122
353
002255290

002258417
354
002258585

002259794
355
002302756

002305633