1
000005797

000007464


2
000008299

000012261
3
000012429

000014513


4
000014681

000016223
5
000016891

000019101
6
000019269

000020519
7
000020687

000022896
8
000023898

000025899
9
000026693

000028527
10
000029988

000033407
11
000033575

000036994


12
000037162

000040831
13
000041124

000042624
14
000042876

000045961


15
000046129

000048672
16
000048840

000051383
17
000051551

000053594
18
000053762

000056472


19
000101227

000103937
20
000143686

000145687
21
000145855

000148565
22
000148733

000150192
23
000150360

000153070
$1500
24
000153238

000156240
25
000156407

000159159
26
000200411

000204456
27
000206376

000208877
28
000210213

000211380


29
000211548

000214591
30
000215885

000217636


31
000218680

000220472
32
000220640

000223392
33
000223560

000225394
34
000225562

000227229
35
000227397

000230607


36
000231317

000232860
37
000233027

000236155
38
000237115

000238407


39
000238575

000242035
40
000242203

000245956
41
000246916

000249459
42
000249919

000252129
43
000252297

000253839
44
000254007

000256258
45
000256426

000257885
46
000258052

000302639
47
000303474

000305642


48
000305935

000308604
15
49
000309647

000312608
50
000313401

000316945
51
000317113

000320449
52
000320617

000323076
53
000323244

000325829
54
000329626

000331668
55
000333504

000335756
56
000336090

000337132
57
000337300

000339468
58
000343973

000345849
59
000346017

000348435
60
000349479

000350812
61
000352941

000354983
62
000355151

000359029
63
000359197

000402074
64
000402242

000403825
65
000403993

000408038
66
000408706

000410249
67
000412835

000414503
68
000414671

000416838
69
000417006

000418173
70
000418633

000421176
71
000421344

000422719
72
000423263

000425639


73
000426349

000430269
74
000430436

000432396


75
000432563

000434856


76
000435817

000438860
77
000439028

000441697
78
000442991

000444032
79
000444200

000447577
11
80
000447745

000449705
81
000449872

000452374
82
000452542

000456545


83
000458381

000459798
84
000459966

000502384


85
000502552

000506179


86
000507181

000509766
800
87
000509934

000511393
88
000513855

000516565
89
000516733

000519151
90
000519319

000521737
91
000521904

000524364
92
000525033

000526116
93
000527327

000529661
94
000534042

000537711
95
000537879

000540380
96
000540548

000541882
97
000542050

000544926
98
000545094

000549222
99
000549390

000551475
100
000554103

000555604
101
000556230

000559107
102
000559275

000602110
103
000602278

000606365
97
104
000606532

000608533
105
000608701

000610118
106
000611120

000613330
$50
107
000613498

000615624


108
000615792

000617918
109
000618086

000619544
110
000622131

000625801
111
000625968

000627928
112
000628096

000630639
113
000631432

000632849
114
000634018

000635602
115
000637313

000640232
116
000640400

000643235
117
000648533

000649991
118
000651077

000654496
119
000654664

000656623
120
000656791

000700293
121
000700461

000703422
122
000703589

000706925
123
000708344

000710345
124
000710513

000712556
125
000712723

000715308
126
000718896

000720188
127
000721315

000723775
128
000723943

000726403
129
000726571

000730574
130
000734203

000736538
131
000736706

000739291
132
000740543

000742627


133
000743171

000744713
134
000746591

000748925
135
000750553

000752554
136
000753514

000755724
137
000756142

000757559
138
000757727

000801229
139
000801397

000804065
140
000804233

000806902
141
000807069

000808737
142
000809280

000810614
143
000810781

000812073
144
000816120

000818955
145
000820958

000822125


146
000822293

000826254
500
147
000826756

000828465
148
000828633

000833178
149
000833346

000835680
150
000835848

000838892
151
000839060

000841728
$1000
152
000842313

000843772


153
000844315

000845440
154
000845608

000847484


155
000847652

000848944
156
000913761

000915470


157
000915638

000918974
158
000922812

000926565
159
000931320

000932654
160
000932822

000935657
161
000935825

000938577
162
000940079

000942914


163
000943082

000944749
164
000944917

000948753


165
000950381

000953008
166
000953175

000956678
167
000957346

001000015
168
001006689

001009316
169
001009483

001012986
170
001014822

001017324
171
001017491

001020869
17
172
001022163

001024956
173
001025124

001027542
174
001028419

001031963
175
001032131

001033632
176
001034842

001040388
177
001041307

001043099
178
001043351

001047520
179
001053235

001057405
180
001104205

001105747
181
001106415

001108041
182
001108209

001111044
183
001111212

001113505
184
001113673

001115507
$500
185
001116717

001119386
186
001119553

001122180


187
001122348

001124808
188
001124975

001127352


189
001128771

001130230
190
001131774

001135235


191
001135403

001137529


192
001138864

001140782
193
001141283

001143535


194
001146455

001148790


195
001148958

001150166
196
001152002

001154295


197
001154922

001156464
198
001157633

001200343


199
001202138

001204556
200
001206559

001208268
201
001208436

001210353
202
001210521

001212897
203
001213065

001214774
204
001216026

001217235
205
001217486

001219946
206
001220698

001222866
207
001226620

001228997
208
001229165

001231666


209
001231834

001235795


210
001235963

001238798
20
211
001238966

001240133
212
001240301

001243178
213
001243345

001245305
214
001245473

001249225


215
001250478

001252103
216
001253481

001255857


217
001258903

001300487
218
001302865

001304282
219
001306202

001307869
220
001309830

001312874


221
001314376

001315460
222
001315628

001318671
223
001318839

001322258
224
001322426

001325053
225
001325763

001330433
226
001330601

001333686
227
001333854

001336105


228
001336273

001337732
229
001338567

001339692
230
001343113

001344197
231
001344365

001346991


232
001347159

001349494
233
001349662

001351871
234
001354041

001356417
235
001357086

001400088


700
236
001400422

001402715


237
001404051

001406928


$700
238
001407096

001408221
239
001409390

001411933


240
001413352

001418189
241
001418357

001422861
$100
1500
242
001423028

001424362


243
001424530

001428783
244
001431829

001434038
245
001434206

001437166
246
001438627

001442213
247
001444842

001447927
248
001448095

001450221
249
001450389

001452974


250
001453142

001456436
251
001457146

001459647
252
001459815

001502942
253
001503694

001505403
254
001505571

001508740
255
001508908

001510366
256
001513495

001515955
147000
257
001516123

001517790
258
001518876

001521002


259
001521170

001523880
260
001525507

001528259
261
001530095

001531304
262
001531472

001535016
263
001535392

001537852


264
001538020

001539979
265
001540356

001542482
266
001542650

001544901
267
001545069

001549155
268
001551367

001553826
269
001555204

001557038
270
001557414

001601167
271
001604546

001607507
272
001608509

001610343
273
001613055

001614764
274
001616141

001618851
275
001620270

001622647
276
001623065

001625525
277
001628570

001630571
278
001631615

001634575
279
001635077

001636202
280
001636370

001638746
281
001638914

001640415
282
001642084

001644293
283
001644461

001646004
284
001646547

001647630
285
001649216

001650842
286
001656807

001658057
287
001701562

001703438
288
001703605

001705815
289
001705983

001709736
290
001711113

001714449
291
001714742

001716034
292
001716285

001719328
293
001722416

001723708
294
001723876

001726210


295
001726378

001730339
$1500
296
001731633

001735011
297
001735179

001736721
298
001736889

001741267
299
001741852

001745229
300
001745814

001748649
301
001748817

001754572
302
001754740

001755948
303
001756700

001758201
304
001758368

001802288
305
001803540

001805792
306
001805959

001809712
307
001809880

001813299
308
001813467

001816302
309
001818514

001822183
310
001822351

001827146
311
001827314

001830775
312
001831193

001833402
313
001834363

001837115
314
001837282

001840451
315
001840619

001842328
$1500
316
001844206

001847917
317
001848085

001850294
318
001850712

001852463
319
001852631

001854465
320
001854633

001857510
321
001857678

001859804
322
001859972

001903558
323
001905644

001908563
324
001908730

001912525
325
001912693

001914819
326
001914987

001918990
327
001919533

001923452
328
001923620

001926080
329
001926415

001928082
330
001930627

001932295
331
001939261

001940595
332
001941346

001943431


333
001943599

001945391
334
001951982

001954442
335
001955444

001958029


336
002003410

002007663
337
002009082

002010416
338
002015964

002017048


339
002040280

002041656
340
002042699

002045743


341
002048163

002051666


342
002059341

002101801


343
002101969

002104512
344
002109017

002112311
345
002112479

002115982


346
002116149

002118526
347
002119820

002121904
348
002122072

002125241
349
002125409

002127118
350
002127869

002130663
351
002130831

002134083
352
002134251

002137712
353
002138422

002142174
354
002143093

002144302


355
002144469

002147054