1
000005130

000006964
2
000007132

000010050
3
000010719

000012052
4
000012303

000016306
5
000016933

000019226
6
000019477

000022354
7
000024399

000028235
8
000029863

000032614
9
000032782

000036118
10
000036661

000038871
11
000044627

000046545
12
000048381

000049882
13
000055513

000057598
14
000146439

000147564


15
000147816

000148941
16
000149192

000153028
17
000153238

000154279
18
000154447

000156073
19
000156241

000158492
20
000208753

000210963


21
000212132

000214133
22
000215385

000216718


23
000217178

000222057
24
000222767

000227062
25
000227313

000230274
9yearold
26
000230441

000232025
12
27
000235029

000236530
28
000240160

000241368


29
000241536

000244163
30
000244581

000246373
31
000247333

000248792
32
000251629

000252921
33
000253298

000257009
34
000257760

000259219
35
000300722

000302306
36
000302849

000306351
37
000306603

000309563
38
000309814

000312733
39
000313109

000315736
40
000316154

000317738
41
000319532

000320949
42
000321201

000323035
43
000323286

000326038
44
000326289

000328290
45
000328541

000332669


46
000332879

000335505
47
000335673

000338258
48
000345350

000347100
49
000347352

000351521
50
000352398

000353649


51
000353900

000355984
52
000356194

000357986
53
000358154

000402950
54
000403368

000405535
55
000405787

000408413
56
000412585

000417089
57
000417340

000420300
58
000420510

000421843
59
000422136

000423512
60
000425098

000427432
61
000427642

000429476
62
000435316

000439945
63
000440154

000442364
64
000442532

000444074
65
000444242

000447202
66
000447370

000450205


67
000450373

000451415
68
000452417

000455210
69
000455420

000459923
70
000501384

000502968
71
000507932

000510017
72
000516482

000518692
73
000518901

000520360
74
000521029

000523989


75
000527869

000530412
76
000530663

000532873
77
000535543

000538128
78
000538379

000541214
79
000541716

000543633
80
000547221

000551016


81
000551309

000552851
82
000553019

000554603
83
000554771

000557981
84
000558149

000559399
85
000601194

000604905


86
000605156

000609409

87
000609619

000611370
88
000611537

000614498
89
000614749

000617000
90
000617168

000618919
91
000619087

000621213
92
000622840

000624591
93
000624842

000627511
94
000627720

000630972
95
000631974

000634851
96
000635436

000638980
97
000639899

000643068
98
000647365

000648573
99
000648825

000652411
100
000653162

000654913
101
000656666

000657958
102
000658126

000701920
103
000702088

000704840
104
000705007

000708593
105
000710096

000712764
106
000712974

000716351
107
000718312

000720814
108
000721023

000723483


109
000724902

000728029
110
000728239

000729614
111
000730450

000731741
112
000731951

000736580
113
000736998

000740083
114
000740251

000743003
115
000753139

000754222


116
000754390

000758643
117
000759479

000801563


118
000802648

000803773
119
000809655

000813074
120
000813326

000816495
121
000817622

000818663
122
000823127

000824169
123
000824378

000826421
124
000826589

000829925
125
000830134

000832928
126
000834305

000835597
127
000838726

000841019
128
000841270

000843688
129
000843856

000846149
130
000846859

000848235
131
000849487

000851905
132
000852406

000854449


133
000900164

000901206


134
000901374

000904626
135
000904877

000907254
136
000907672

000911675
137
000911884

000915387
138
000919016

000920600
139
000920768

000923103
140
000924355

000926523
141
000926691

000928066
142
000928568

000930652
143
000930820

000934739
144
000934949

000936992
145
000937159

000940662
146
000941122

000943290
147
000943791

000945208
148
000945418

000947794
149
000948004

000951798
150
000951966

000955260
151
000955469

000959472
152
000959640

001003101
153
001003644

001005437
154
001012194

001014446
155
001014655

001016156
156
001016699

001018366
157
001018993

001021911
158
001022288

001023955
159
001033591

001035342
160
001035885

001039638
161
001040765

001044392
162
001046187

001047937
163
001048105

001050899
164
001051067

001056321
165
001056530

001059032
166
001059241

001101326
167
001101869

001104996
168
001105456

001106498
169
001106707

001110418
170
001111003

001112712
171
001113297

001117634
172
001118511

001121971
173
001124100

001125684
174
001125851

001127018
175
001129605

001132816


176
001132983

001135985
177
001136195

001138113
178
001138322

001139656
179
001140324

001144411
180
001144578

001146579
181
001147039

001148873
182
001149458

001152711
183
001153462

001156840
184
001157049

001159634
185
001159885

001200969
186
001201178

001204514
187
001204724

001207976
188
001208227

001211396
189
001217945

001219571
190
001219739

001222073
191
001229540

001232417


192
001233002

001235336
193
001237923

001239299
194
001239884

001242552
195
001242928

001245221
196
001245389

001247056
197
001249268

001251811
198
001253981

001257692
199
001257943

001301571
200
001301739

001304949
201
001305159

001306993
202
001308996

001311664
203
001311874

001316294
204
001317546

001320173
205
001331143

001332727
206
001335856

001337941


207
001341237

001342904
208
001344865

001347492
209
001347868

001349744

210
001350412

001354040
211
001354250

001357544
212
001358128

001401548
213
001402132

001404259


214
001404426

001407095
215
001407304

001408721
216
001408973

001411933
217
001412142

001416229
218
001416397

001417772
219
001417982

001422318
220
001423237

001424487
221
001424655

001428366
222
001429535

001430577
223
001431996

001434080
224
001434290

001435748
225
001446594

001449345
226
001449555

001451097
227
001451265

001453975
228
001454143

001457437
229
001457646

001459147
230
001500232

001502692
231
001502943

001504736


232
001504904

001507614
233
001508449

001509782
234
001510576

001514245


235
001518083

001519959
236
001520836

001522337


237
001522546

001525048
238
001525215

001527300
239
001528302

001529886
240
001530721

001534891
241
001535100

001537226
242
001537394

001541356


243
001541899

001546152
244
001546403

001548446
245
001548697

001551741
246
001552201

001556829
247
001557081

001600124
248
001601460

001605088
249
001605589

001607215
250
001607716

001609634
251
001609802

001611636
252
001611804

001613346
253
001613555

001615598
254
001615808

001619102
255
001622398

001627652
256
001627945

001630613


257
001630864

001632991
258
001633158

001636828
259
001637454

001640456
260
001642209

001647255
261
001648549

001650758
262
001652094

001653720
263
001655055

001657807


264
001658017

001700727
265
001702229

001705815


266
001706734

001709318
267
001709486

001712739
268
001712906

001714115


269
001714283

001715575
270
001715743

001718870
271
001719038

001720663
272
001722082

001724917
273
001725085

001727920
274
001728130

001729839
275
001730299

001732675
276
001734261

001735344
277
001735512

001738973
278
001740601

001742143
279
001742352

001744812
280
001745064

001747106
281
001750903

001754655
282
001757076

001758826
283
001759078

001802538
284
001805584

001807960
285
001808170

001811923
286
001812925

001814842
287
001817638

001819013
288
001822101

001823142
289
001824019

001825478
290
001826814

001829565
291
001831860

001832902
292
001833904

001837532
293
001838117

001839659
294
001839868

001841452
295
001844748

001845957
296
001846125

001847625
297
001847835

001849919
298
001850129

001852964
299
001853173

001856884
300
001858971

001903015
301
001907020

001909063
302
001909481

001911023
303
001911191

001913234
304
001914987

001916946
305
001917114

001918906
306
001920200

001923536


307
001923704

001926581
308
001926832

001930793
309
001931170

001934380


310
001934631

001938885
311
001939052

001942471
312
001942639

001945975
313
001946185

001950438
314
001951773

001957195
315
001958363

002001949
316
002003994

002005161
317
002006288

002010166
318
002014755

002016214
319
002019760

002021594
320
002022346

002023596
321
002023847

002026682
322
002027559

002029310
323
002029478

002030978
324
002032105

002037777
325
002051750

002053125
326
002053710

002055962
327
002056505

002057797
328
002057965

002100549


329
002101093

002103552
330
002104554

002105846
331
002109351

002112311
332
002114398

002115564
333
002117150

002120027
334
002140007

002142883
335
002144428

002148639
336
002148890

002151892
337
002153937

002157565
338
002157816

002158858
339
002159901

002202236