1
000004963

000006338
2
000006589

000009216
3
000009467

000010551
4
000010802

000013721
40
5
000016266

000017766
6
000017934

000018976
7
000019269

000021895
8
000024357

000026275
9
000026484

000027568
10
000028445

000032531
11
000033408

000034742
12
000036453

000040247
13
000041291

000042583
14
000044044

000048589
15
000049507

000051925
16
000052135

000054094
17
000054345

000058140
18
000059100

000100726
19
000100977

000104855
20
000154614

000156406


21
000156825

000159535
22
000200161

000201203
23
000201454

000204123
24
000205333

000207042
25
000208294

000209753
26
000211005

000213549
27
000213800

000215843
28
000216052

000219388
29
000219639

000222432
30
000222684

000224977
31
000225895

000228522
32
000229649

000232901
33
000234946

000236780


34
000236990

000238031
35
000238366

000240200
36
000240535

000241660
37
000244414

000247291

38
000247542

000249376
39
000249627

000251170


40
000251504

000253547
41
000253798

000255674
42
000255884

000259178
43
000259429

000301513
44
000301723

000304808
45
000306561

000308770
46
000309230

000311732
47
000311941

000313775
48
000314027

000316361
49
000316613

000319865
50
000320116

000324203
51
000325079

000327331
52
000327624

000331001
53
000331252

000333587
54
000333796

000336798
9
30
55
000337008

000338842

56
000344057

000345140
57
000345391

000346934
58
000347435

000348810
59
000349103

000352147
60
000352523

000355817
61
000356027

000359655
62
000402242

000403408
63
000403743

000406370
64
000406829

000409456


65
000409874

000410916
66
000411167

000413627
67
000413878

000417798
68
000419550

000421551
69
000421761

000424263
70
000424472

000425764
71
000426015

000429893
20yearold
72
000433690

000435774
73
000436025

000438360
74
000440363

000443448
75
000444325

000445784
76
000446035

000449496
77
000450164

000451581
78
000451833

000455544
79
000503636

000504970
80
000505221

000507055
81
000507307

000510183
82
000510435

000513770
83
000514314

000516606
84
000517191

000518233
85
000519402

000520485
86
000520653

000522654
87
000522905

000524823
88
000525074

000526533
89
000526784

000528493
90
000529120

000530912
91
000531497

000534583
92
000534834

000536835
93
000538546

000541048
94
000541215

000542299
95
000542550

000544968
96
000546179

000548722


20
97
000548931

000550807
98
000551059

000553852
99
000554604

000556730
100
000556939

000559608
101
000559859

000601318
102
000601569

000604988
50
103
000605198

000607491
104
000608284

000611161

105
000611412

000615374
106
000615625

000618001
107
000618378

000620045
108
000620338

000623131
109
000630723

000632099
110
000633017

000635477
111
000636104

000638397


112
000638648

000641066
113
000641317

000643777
114
000644278

000646279
115
000648032

000650242
116
000650451

000652953
117
000653663

000655247


118
000656290

000657749
119
000657959

000659000
120
000659168

000701211
121
000701587

000702671
122
000704048

000706591


123
000706843

000710679
124
000711848

000714057
1922
125
000714600

000716017
1922
126
000716811

000718770
127
000720606

000723817
128
000724152

000727696
129
000731159

000732534
130
000732785

000734786
131
000735872

000737789
132
000739709

000740750
133
000741043

000742586
134
000744130

000745297
135
000746048

000748884
136
000749135

000752053
137
000752680

000754055
138
000800188

000801396
139
000801606

000803231
140
000804317

000806568
141
000809322

000810989
142
000811240

000814284
143
000814577

000817245
144
000817497

000820123
145
000820708

000822417
146
000823461

000825754
147
000827507

000829508
148
000830510

000832427
149
000833137

000835764
150
000841229

000844481
151
000847693

000851404
152
000855535

000856618
153
000857411

000900413
154
000900665

000902123
155
000902750

000905126
156
000907046

000910382
157
000911300

000914511
158
000914762

000917639
159
000917848

000921434
160
000921644

000924145

161
000924397

000925814
162
000926274

000928900
163
000929151

000931278
164
000931487

000934030
25yearolds
165
000938619

000940245
166
000940454

000942289
167
000942999

000945417
168
000949672

000950839
169
000951090

000953300
170
000953593

000957721
171
000957972

000959014
172
000959181

001001266
173
001001517

001003685
174
001003936

001006062
175
001009817

001013778
176
001014905

001016489


177
001016741

001019618
28
178
001019827

001022787
179
001022997

001024539
180
001024749

001028001
181
001028210

001030754
182
001031005

001034633
183
001035760

001037969
184
001038179

001040472
185
001040723

001042349
186
001044477

001045560
187
001045770

001047562
188
001047813

001049648
189
001050566

001052692


190
001052860

001053902
191
001054070

001055403


192
001055655

001058406
193
001058616

001100283
194
001101327

001103411
195
001105081

001106956
196
001116175

001117384
197
001117718

001119302
198
001119553

001123556


199
001124016

001126351


200
001138280

001140407


201
001141075

001145036
202
001146038

001147122
203
001147415

001148707
204
001150292

001153753


205
001154004

001157465
206
001201137

001202929
207
001203139

001206266
208
001206475

001207726


209
001208310

001209602
210
001211772

001213606
211
001213858

001216276
212
001216527

001219821
213
001220406

001223074
214
001223325

001225034
215
001227747

001229581
216
001230249

001232625
217
001232877

001234294
218
001234545

001236713
219
001237423

001239424
220
001239675

001241301
221
001242219

001244971
222
001245222

001247182
223
001253230

001255273
224
001255441

001256524
225
001256734

001258193
226
001300112

001302781
227
001303282

001304324
228
001305159

001307786


229
001311457

001316044
230
001316504

001319881
231
001321300

001322383
232
001323010

001325178


233
001325679

001328431
234
001328641

001331351
235
001331602

001333019
236
001333229

001335480
237
001335648

001336815
238
001337441

001338525
239
001338943

001342195
240
001343531

001347617
241
001347785

001348827
242
001348994

001352622
243
001353624

001356000
244
001356210

001359754
245
001400005

001404342
246
001404802

001409347
247
001410641

001413893
248
001414144

001417230
249
001417439

001419315
250
001423028

001424737
251
001425656

001428283
252
001431161

001432537
253
001433706

001435707
254
001436292

001438710
255
001441088

001442171
256
001442339

001443464
257
001444049

001445091
258
001445301

001446759
259
001447011

001449554
260
001449763

001453349
261
001453559

001456227
262
001457438

001459147
263
001459356

001502275
264
001505362

001506446


265
001506697

001508156
266
001508407

001509824


267
001513746

001515121
268
001517041

001518541
269
001520085

001521669
270
001523005

001524297
271
001526675

001529594


272
001530387

001533973
273
001534767

001535808
274
001536477

001540647
275
001541315

001544192
276
001544652

001546361
277
001546654

001548571
278
001550866

001553368
279
001553619

001555286
280
001555537

001557789
281
001558040

001600166
282
001600417

001603378
283
001603879

001604963
284
001609176

001610885
285
001612638

001614889
286
001615140

001616808
287
001617101

001618851
288
001621397

001623439
289
001623691

001625274
290
001625484

001627777
291
001629613

001631739
292
001634410

001636536
293
001639748

001640873
294
001641375

001643835
295
001644962

001646129
296
001646380

001649549
297
001650759

001654262
298
001657474

001700018
299
001701812

001703396
300
001706859

001709152
301
001709361

001713448
302
001717911

001718953
303
001719163

001720955

304
001721206

001722623
305
001724334

001725460
306
001725627

001726919
307
001727713

001729464

308
001730007

001731632
309
001731884

001734510
310
001736889

001738473
311
001739349

001741184
312
001742811

001744103
313
001744396

001746898
314
001747399

001748733
315
001748984

001752862
316
001753113

001754739
317
001756825

001800369
318
001801288

001804999
319
001807044

001809754
320
001810881

001813508
321
001814968

001816260
322
001816595

001821224
323
001823268

001826312
324
001830818

001832610
325
001833904

001834987
326
001836323

001839158
327
001841286

001842912
328
001846291

001847625
329
001847876

001849377
330
001851130

001852505
331
001852798

001855216
332
001856093

001857176
333
001900013

001901055
334
001901265

001902765
335
001903559

001906561
336
001909231

001910273
337
001911233

001912400
338
001919283

001920658
339
001922536

001923661
340
001924163

001926080
341
001927457

001928541
342
001928792

001930543
343
001934631

001936299
344
001949188

001951355
345
001951607

001953274
346
001953567

001955693
347
001956486

001958571
348
002003285

002006329
349
002006538

002009665
350
002009875

002014045
351
002014296

002016130
352
002018300

002022136


353
002022346

002025473
354
002026642

002030102
355
002031021

002032146
356
002034983

002038027
357
002050207

002051791
358
002052292

002054502
359
002054836

002055878
360
002056255

002059006
361
002101385

002102426
362
002103470

002104512
363
002105389

002106597
364
002107057

002108099
365
002108350

002109642
366
002112729

002114063
367
002115190

002116607
368
002116900

002118985
369
002119236

002121612
370
002122614

002124115