1
000011803

000013804
2
000015890

000017141
3
000017350

000021645
4
000021813

000024898
5
000025066

000027484
6
000029320

000031030
7
000042959

000045044
8
000138515

000141433
9
000143853

000146980
10
000147148

000150651


11
000152529

000154988
12
000155156

000158909
13
000159077

000201245
14
000201412

000202704
15
000204499

000207751
16
000207919

000210587
17
000210755

000213340
18
000213508

000217553
19
000217762

000219721


20
000219889

000222224
21
000222392

000224810
22
000225645

000228230
23
000228398

000230524
24
000230692

000232734
25
000235738

000238323
26
000238491

000241243
27
000241828

000244663
28
000246583

000247958


29
000252088

000253589
30
000256259

000257926


31
000258094

000259094
32
000259262

000301638
33
000303224

000306435
34
000308104

000310606
35
000310773

000312774
36
000312942

000315152
37
000315320

000318071
38
000318239

000320199
39
000321784

000322910
40
000323077

000325495
41
000325663

000327497


42
000327665

000331084
43
000331252

000332628
44
000332795

000334713


45
000334881

000338133
46
000338301

000340719
47
000343514

000345474
48
000345642

000347476
49
000347644

000349519
50
000351981

000354483
51
000357862

000359613
52
000359781

000401323
53
000402825

000404660
54
000419759

000420842
55
000421010

000423595


56
000424597

000426390


57
000426557

000430227
58
000431854

000433689
59
000434691

000437067
60
000437235

000440195
61
000440363

000442990
62
000443157

000444616
63
000444784

000449329
64
000451833

000453709


65
000453876

000457838
66
000458006

000500299
67
000500466

000501883


68
000502135

000503802
69
000503970

000506555
70
000507765

000508890


71
000509058

000512477
72
000514731

000516481


73
000517442

000518900
74
000519068

000520694
75
000520862

000522612
76
000522780

000527242
77
000528453

000531913
78
000532081

000535375
79
000535543

000538503
80
000538671

000541840
81
000542008

000544259


82
000544427

000547179
83
000547347

000550849
84
000551017

000552726
85
000554103

000556605


86
000556773

000600400
87
000600568

000603779
88
000607784

000609868
89
000610036

000612037


90
000617293

000619461
91
000619629

000621338
92
000621506

000625550
93
000625718

000627719
94
000627887

000630806
95
000631766

000633892


96
000634060

000636812


97
000636979

000639272
98
000642110

000643985


99
000651160

000653578
100
000655915

000658542
101
000658709

000702170


102
000702338

000704589
103
000706843

000708343
104
000708511

000711012
105
000711180

000712597
106
000712765

000715684


107
000721941

000724359
108
000728698

000729948
109
000737206

000740333
110
000741461

000743086
111
000744964

000746214
112
000746757

000748467


113
000751220

000752846
114
000753055

000755056
115
000806694

000809196
116
000812533

000814910
117
000816496

000819748
118
000821375

000823168
119
000828216

000829799
120
000829967

000832469
121
000833763

000837599
122
000840770

000842020
123
000847109

000848527
124
000849779

000851071
125
000851239

000853114
126
000853950

000856034
127
000859872

000902541


128
000902708

000903917


129
000904085

000905794


130
000905962

000908213
131
000909882

000911800


132
000912802

000913969
133
000922478

000923478
134
000923896

000928149
135
000928317

000929651
136
000931195

000933154
600
137
000934448

000935824


138
000935992

000938660
139
000938828

000940996
140
000941163

000943498
141
000944458

000945917
142
000946085

000948169
143
000948337

000952757
144
000952925

000956511


145
000956679

001000682
146
001000850

001003643
147
001003811

001006771
148
001006939

001008148
149
001008316

001011776
150
001011944

001014029
151
001014947

001017449


152
001017617

001020452
153
001031047

001032380


154
001034425

001036885
155
001037053

001038261


156
001038429

001040472
157
001042058

001043642
158
001044352

001046978
159
001048314

001050106


160
001050274

001051566


161
001051734

001054069

30

162
001054654

001056237


163
001056781

001059199


164
001059367

001102952
165
001103120

001105914
166
001106082

001109834
167
001110086

001111878
168
001112046

001116091
169
001126727

001128269
170
001138197

001139614


171
001139782

001141116
172
001141283

001142992


173
001143160

001146162
174
001146330

001148790
175
001148958

001150500
176
001150668

001153086
177
001153254

001155088


178
001156090

001157257
179
001200636

001201928
180
001202638

001207517
181
001210312

001211980
182
001212273

001213982
183
001214150

001217026
184
001217486

001220321
185
001220489

001224242
186
001224410

001226369


187
001226537

001228413


188
001228581

001230832
189
001231000

001234377
190
001234545

001237922
191
001239008

001242719
192
001243429

001245346
193
001245514

001247515
194
001247683

001249517
195
001250144

001253521
196
001254982

001256566
197
001257401

001301237
198
001301405

001302989
199
001307369

001308953
200
001309121

001310705
201
001312792

001316419


202
001316587

001319589
203
001319757

001322884
204
001323052

001326137
205
001328933

001330266
206
001330434

001331893
207
001332061

001333186
208
001333979

001335480
209
001335689

001337565
210
001339652

001342612
211
001342780

001345532
212
001346408

001350537
213
001350704

001352413
214
001352581

001354249
215
001355918

001357585
216
001403133

001405176


217
001405344

001409305
218
001409682

001411349
219
001414478

001415937
220
001416105

001419190
221
001421151

001423027
222
001423529

001426614
223
001427283

001429242
224
001429410

001431286
225
001433163

001434706
226
001437960

001441546


227
001448095

001450179


228
001450347

001452307


229
001452474

001453892
230
001454059

001455560
231
001456020

001457896
232
001500024

001502275
233
001505613

001507447


234
001510451

001512702
235
001515456

001518166


236
001518334

001520835


237
001522463

001524088
238
001527343

001528968
239
001533140

001535058
240
001535225

001537936
241
001539605

001542649
242
001546445

001548154
243
001548614

001550490
244
001553452

001554744
245
001556455

001558122
246
001558290

001602418
247
001609927

001612220


248
001613639

001615974


249
001616892

001619894


250
001621063

001623815


251
001628904

001631114
252
001631532

001634200
253
001634368

001637370
254
001638080

001641374
255
001641625

001643626
256
001643836

001645420
257
001646964

001648423
258
001649758

001651676
259
001653429

001654971
260
001655139

001656305


261
001656473

001658307


262
001658475

001701352
263
001701520

001705314
264
001705733

001707066
265
001708861

001710361
266
001711780

001713489
267
001715409

001718536
268
001721457

001724125
269
001724710

001725960
270
001726128

001729964


271
001730132

001732884
272
001734178

001737055
273
001737514

001740099
274
001740267

001742101
275
001742936

001744687
276
001746065

001747899
277
001754656

001756240
278
001756408

001757867
279
001758035

001800578
280
001800746

001803456
281
001803624

001806417


282
001806585

001809253
283
001813467

001815259
284
001815511

001817512


285
001817930

001820348
286
001820516

001824393
287
001824853

001828523
288
001829733

001833569
289
001833862

001835655
290
001835906

001839033
291
001839451

001840493
292
001842079

001844705
293
001844873

001846541
294
001846708

001849252
295
001849419

001851671
296
001852381

001855716
297
001855884

001857885
298
001858053

001859387
299
001900639

001902890
300
001904977

001906018


301
001906186

001907436
302
001910816

001912525


303
001912693

001914861
304
001915028

001916821
900
305
001917281

001920408
306
001920909

001924203
300
307
001927166

001928875
308
001929042

001931002
309
001931170

001934881


310
001935924

001937133
311
001938552

001941179
312
001942014

001943806
313
001943974

001946309
314
001947769

001952732
315
001954276

001955693
316
002002659

002005286
317
002005454

002007079


318
002007998

002009498


319
002009708

002011459
320
002015672

002017048
321
002022679

002023721
322
002031271

002033481
323
002034399

002035441
324
002039738

002040988
325
002041156

002044116
326
002045327

002049497
327
002050582

002052500
328
002054962

002058506
329
002058674

002101050
330
002101218

002103761
331
002103929

002105888
332
002106056

002108224
333
002109685

002112103
334
002117359

002118401
335
002122823

002125616


336
002130247

002133165
337
002138171

002141299
338
002141466

002143509
339
002144761

002146429
340
002200152

002203779