1
000010844

000014513
2
000016266

000018976
3
000023815

000026692
&
4
000056056

000058057
5
000058224

000059975
6
000149400

000151777
7
000151945

000154571
8
000154739

000157366
9
000159077

000200911
10
000201079

000203080
11
000203581

000205916
12
000206084

000209586
13
000209754

000211713
14
000211881

000213882
15
000215343

000216593
16
000216761

000220222
17
000222809

000224977
18
000226688

000227729
19
000228439

000231984
20
000232152

000235279
21
000236197

000238574
22
000239033

000240868
23
000242620

000244121
24
000244289

000247332
25
000247500

000248959


26
000249127

000250502
27
000250670

000251962
28
000252130

000253714
29
000256342

000258343
30
000304058

000306185
31
000310315

000311607
32
000311774

000314568
33
000314736

000318197
34
000318364

000319823
35
000319991

000323160
36
000324579

000327414
37
000331294

000334254


38
000334422

000336673
39
000336841

000339343
40
000339510

000342012

41
000342889

000344431
42
000344599

000347434
43
000347602

000349519
44
000349687

000351396
45
000352148

000354274
46
000354442

000356235
47
000356402

000358237
48
000358404

000401448
49
000401616

000404368
50
000405453

000408664
51
000409832

000411625
52
000418132

000421718
53
000421886

000426014
54
000426182

000428308
55
000428476

000429685
56
000435233

000436566
57
000439779

000441613
58
000441990

000443448
59
000448204

000449871
60
000450540

000452958

61
000453126

000454710
62
000454877

000457254
63
000457422

000459006
64
000459549

000502509
65
000504679

000507347
66
000508891

000511810
67
000511978

000513312
68
000513479

000514938
69
000515106

000517691


70
000519027

000520319
71
000521571

000525365
72
000525533

000527993
73
000537628

000539963
74
000542300

000543717
75
000544552

000546094
76
000547263

000551683
77
000551851

000553477
78
000553644

000554853
79
000557023

000559441
80
000600902

000602778
81
000602945

000604488


82
000605156

000606990


83
000607158

000609368
84
000609535

000612287
85
000612455

000614498
86
000615208

000616750
87
000618294

000621797


88
000621964

000623507
89
000623674

000625008
90
000625176

000627302
91
000627470

000630305
92
000631432

000632933
93
000633101

000634309
94
000634477

000637229


95
000637397

000638939
96
000639107

000641691
97
000641984

000646822
98
000647323

000649241


99
000653538

000655080
100
000655248

000658417
101
000658584

000700794
102
000700962

000702921
103
000703464

000706591


104
000710138

000711304
105
000716727

000721064
106
000721232

000722315
107
000724986

000726027
108
000726195

000727612
109
000728364

000730782
110
000731909

000735036
111
000735204

000736955
112
000737999

000739833
113
000740001

000741543
114
000741961

000745088


115
000745256

000747966
116
000748843

000749926
117
000750094

000751761
118
000751929

000753680
119
000755308

000757100
120
000758186

000800187
121
000800521

000801605
122
000801772

000803982
123
000805151

000807110


124
000807278

000809821
125
000810114

000812157


126
000812325

000814409
127
000814577

000819372


128
000819540

000822417
129
000822585

000823877
130
000824921

000827005
131
000827215

000828798
132
000829800

000831551
133
000837850

000839809
134
000839977

000843396
400
430
135
000843564

000846566
530
136
000846734

000848026
137
000848194

000850237
300
138
000850404

000853240
139
000856077

000857452
140
000857745

000901331
141
000902124

000907379
142
000907547

000908880
143
000909048

000911716
144
000912635

000914010
145
000915888

000916972
146
000917139

000919766
147
000920726

000924271
148
000924438

000926523
149
000926691

000928108
150
000928609

000931236
151
000931404

000934364
152
000935283

000938618
153
000938786

000942372
154
000942540

000944416
155
000944709

000947002
156
000947169

000951131
157
000951299

000952757
158
000952925

000954301
159
000954969

000957804
160
000957972

001000473
161
001000641

001002392
162
001007398

001009566
163
001009734

001011234
164
001013988

001016072


165
001016240

001018074
166
001018242

001020410
167
001022038

001023872
168
001025249

001028418
7
169
001028586

001029753
170
001030212

001033131
171
001034383

001038053


172
001039263

001040513
173
001040681

001043767


174
001050691

001052275
175
001052443

001054319
176
001054487

001056446
177
001059992

001101034
178
001101202

001102494


179
001104205

001105413
180
001110294

001114005
181
001118386

001119427
182
001119595

001122097
183
001122598

001123765
184
001124225

001126768


185
001126936

001128103


186
001128270

001130063
187
001131023

001132732
188
001134652

001136611


189
001136779

001139531
190
001139699

001143076
191
001143244

001145120
192
001145287

001146788
193
001148833

001150083
194
001150251

001151710
195
001159301

001201428
196
001201595

001202929
197
001203681

001205682
198
001206142

001210645
199
001210813

001212105
200
001212523

001214232
201
001215651

001217360
202
001217528

001220196
203
001221282

001222782
204
001222950

001224325
205
001224493

001228705
206
001229290

001231207
207
001231375

001233251
208
001236547

001237839
209
001248559

001250518


210
001250936

001251978
211
001252146

001254189
212
001254356

001256107
213
001256275

001257734
214
001258360

001301571
215
001302281

001304365
216
001304533

001306785

217
001307828

001309954
218
001310664

001311956
219
001312124

001313416
220
001314502

001315585


221
001316420

001321174
222
001321342

001324177
223
001324720

001327764
224
001329183

001331351
225
001331811

001335480
226
001338359

001341110
227
001345950

001347992
228
001349203

001351329
229
001351497

001352789
230
001352957

001355416
231
001359421

001400922
232
001401090

001405635
233
001405803

001409556


234
001409974

001411307
235
001414645

001416354
236
001416522

001418773
237
001418941

001420400
238
001420568

001423611
239
001423779

001426197
240
001428617

001429617
241
001430244

001432662
242
001435749

001437500
243
001440254

001441462
244
001443924

001445633
245
001450848

001452056
246
001500232

001501733
247
001503402

001504861
248
001507072

001509782
249
001510117

001512201
250
001512369

001516164
251
001516332

001518625
252
001518792

001520376
253
001520544

001524255
254
001524423

001525840
255
001526008

001528134
256
001528302

001529719
257
001529887

001532013


258
001532181

001533431
259
001533599

001534974
260
001535142

001537393


261
001537561

001539604
262
001539772

001542482


263
001542650

001546235


264
001546403

001548738


265
001553035

001555995
266
001557331

001559832
267
001601001

001602794
268
001605381

001606881
269
001607383

001608925
270
001609093

001610760
271
001610928

001613554


272
001613722

001615223
273
001616809

001618935
274
001620771

001622939
275
001623607

001626943
276
001630155

001634450
277
001650926

001652176
278
001652886

001654887
279
001655055

001657348
280
001657516

001659517
281
001659852

001702603


282
001702771

001704022
283
001705482

001706899
284
001707067

001708234
285
001708402

001711279
286
001711447

001712697
287
001712865

001715491
288
001715951

001717160
289
001717411

001720079
290
001720247

001721581
291
001723083

001724500
292
001724668

001726294
293
001726462

001728296
294
001728464

001730173
295
001730340

001732842
296
001733010

001734969
297
001736930

001738681
298
001739308

001741350
299
001741518

001744729
300
001744897

001747273
301
001753072

001754280
302
001754448

001755448
303
001755616

001757116
304
001800370

001802246

305
001802414

001804874
306
001805042

001807376
307
001807544

001811214
308
001813175

001814675
309
001823644

001827313
310
001827481

001828773
311
001829149

001830983
312
001834154

001835696
313
001835864

001839283
314
001839451

001842453
375
315
001844373

001845998
316
001847417

001848918
317
001849086

001853005
318
001858762

001900847
319
001901014

001904016
320
001904184

001906060

321
001906228

001908938
322
001922035

001923828
323
001925581

001926998
324
001927457

001930585
325
001932171

001933588
326
001934506

001935631
327
001942973

001944265
328
001944433

001946893
329
001947060

001949645
330
001950314

001953983
331
001955861

001956944
332
001957988

001959238
333
001959990

002002617
334
002003327

002005411
335
002005579

002007914
336
002008081

002011292
337
002011460

002012877
338
002014588

002015963
339
002018759

002021886


340
002032314

002034857
341
002035025

002036692
342
002036860

002039362


343
002041323

002043115
344
002043283

002047703
345
002047871

002052625
346
002053418

002056796
347
002056964

002058839
348
002059007

002101175
349
002101510

002105680
350
002105847

002107723
351
002107891

002111686
352
002113063

002115106


353
002116942

002119068
354
002119236

002120861
355
002122906

002125866
356
002126034

002128119
357
002128287

002130746
358
002131540

002133791


359
002133959

002136502


360
002136670

002137795


361
002137963

002140339
362
002140507

002141966
363
002144052

002145970
364
002149141

002150891
365
002153603

002154937
366
002158859

002201652
367
002201820

002203112
368
002206491

002209118
369
002209286

002212621

230

370
002212998

002216000
371
002216168

002218711
372
002218879

002220963
373
002224760

002227386


374
002227554

002228971
375
002229139

002230931
376
002233352

002235186

