1
000004879

000006088
2
000006923

000008382
3
000012303

000014847
4
000015098

000018267
5
000025442

000028277


6
000029320

000031238
7
000031406

000033157
8
000035201

000037995
9
000039914

000042750


10
000042959

000045919
11
000046087

000047588


12
000047756

000049006
13
000049174

000052426
14
000052594

000054511


15
000054679

000056847


16
000059851

000101769
17
000101936

000103312
18
000103480

000106648
19
000107734

000108984
20
000109152

000112154
21
000112739

000114156
22
000115200

000118160
23
000120371

000123248
24
000123416

000124583
25
000125210

000126251
26
000127170

000128962
27
000130090

000131882
28
000218930

000220264
29
000248668

000250127
30
000250336

000251628
31
000253965

000255841
32
000256676

000257718
33
000257886

000259178


34
000259345

000300804
35
000302974

000305225
36
000306519

000308770
37
000310773

000313317
38
000313484

000316737


39
000316905

000318113
40
000318281

000321283


41
000321451

000322868
42
000327790

000331168
43
000331336

000333170
44
000333338

000335005
45
000340345

000342179


46
000342597

000345933
47
000346100

000348769
48
000348937

000350187
49
000350355

000352898
50
000353066

000355442
51
000356361

000359404
52
000359572

000402199


53
000402867

000406036
54
000406204

000409289
55
000409457

000412042
56
000412210

000414544


57
000414712

000417172
58
000417423

000421385
59
000422220

000425097
60
000426849

000427975
61
000428142

000433272
62
000435024

000436066


63
000436234

000437276


64
000437443

000440028
65
000440196

000443240
66
000443408

000445701
67
000448079

000449871
68
000451291

000453542
69
000456212

000457462
70
000457672

000458714
71
000458923

000500090
72
000508808

000510851
73
000511019

000512477
74
000512687

000515314
75
000516441

000518900
76
000519861

000524114
77
000524657

000528660
78
000528911

000532372
79
000532582

000537586
80
000538296

000540881
81
000541049

000542549
82
000543217

000545510
83
000547805

000548847
84
000550266

000552476
85
000554645

000558440
86
000600485

000602611
87
000602820

000605238
88
000605448

000607741


89
000607950

000609868
90
000611454

000613246


91
000613456

000615582
92
000615833

000618043
93
000618252

000620504
94
000623925

000625092
95
000625259

000627302


96
000629138

000631390


97
000638689

000640482


98
000640650

000642859
99
000645029

000648490
100
000648658

000651993
101
000654580

000657249
102
000657417

000659334
103
000701504

000702921
104
000703673

000705173


105
000705341

000708927


106
000714559

000717477
107
000717687

000721148
108
000721357

000723400
109
000723609

000725819
110
000727238

000729156
111
000730908

000734786
112
000735329

000736621
113
000736831

000739249


114
000739459

000742586
115
000745339

000746798
116
000746966

000749384
117
000750052

000752304
118
000752513

000755015
119
000755224

000758059


120
000758269

000801730
121
000803941

000805859
122
000806861

000807944
123
000809030

000812157
124
000812325

000813825
125
000813993

000816453
126
000817121

000819164
127
000819707

000822751
128
000822960

000826588
129
000828633

000831801
130
000831969

000833595
131
000834096

000835472
132
000843022

000845524


133
000845733

000847400
134
000847610

000849528


135
000854283

000856660
136
000856869

000859871
137
000900706

000902374
138
000903084

000905418
139
000905586

000908588
140
000908756

000911383
141
000911551

000913176
142
000913344

000917430
143
000917598

000919224
144
000919392

000923770
2
3
4
5
6
7
9
10
11
12
145
000923938

000925105


146
000925273

000927148
147
000927316

000928692
148
000928859

000929943


149
000930111

000931987
150
000935283

000937075
151
000939287

000940954
152
000943374

000947627


153
000949297

000952841


154
000953009

000955510
155
000955678

000958638
156
000958806

001002100


157
001004937

001005979


158
001009233

001012068


159
001012236

001014446
160
001014614

001018283
161
001025791

001030170
19
162
001033966

001036051
163
001036218

001037260
164
001037428

001039471
165
001040306

001043058


166
001043225

001046936
6
5
167
001047104

001050398
168
001050608

001054444
169
001055404

001056488
170
001056697

001059574
171
001059784

001104120
172
001105206

001106623


173
001106791

001112462
174
001119178

001121721
175
001123224

001124599
176
001124767

001126309
177
001142410

001143702


178
001150334

001152419


179
001154922

001157966
180
001158134

001200552

181
001200720

001202804
182
001216110

001217610


183
001218404

001221156
184
001221365

001222657
185
001222867

001226661
186
001228247

001229956
187
001230124

001234002
188
001234170

001239007
189
001240384

001242093
190
001242261

001243803
191
001243971

001247223
192
001247391

001249058
193
001249226

001252437
194
001256233

001258735
195
001259153

001300445
196
001300613

001303573
197
001306327

001309537
198
001309747

001313917
199
001314126

001317045
200
001319131

001321841
201
001322051

001323802
202
001324011

001328640
203
001330768

001333353
204
001333562

001335522
205
001335731

001338650
206
001339401

001344072
207
001346116

001349911
208
001350120

001355041
209
001359171

001401089
210
001401298

001403299
211
001403926

001406845


212
001407054

001409639
213
001409849

001411891
214
001412101

001413560
215
001423112

001425655


216
001429577

001431661
217
001431871

001436499
218
001436709

001439419
219
001440087

001442922
220
001443132

001445592


221
001445759

001447510
222
001447678

001449971
223
001450139

001451890
224
001452057

001454017
225
001454226

001456269
226
001503152

001504235


227
001504403

001506863
228
001507031

001510533
229
001510993

001512201
230
001512369

001514245
231
001514413

001517040
232
001521170

001523880
233
001524048

001528134
234
001528302

001530929
235
001532389

001535808


236
001535976

001538436
237
001538604

001542357
238
001544526

001547028


239
001547196

001551199
240
001552576

001555662
241
001559124

001601542
242
001601710

001603127
243
001604463

001606339
244
001606507

001610093
245
001614390

001616766
246
001616934

001619268
247
001619436

001622563
248
001622731

001625566
249
001626568

001628152
250
001636829

001639414
251
001639581

001640873
252
001642960

001645712
253
001646839

001650717
254
001652219

001655972
255
001658392

001704355
256
001704523

001706274
257
001706442

001708901
258
001710070

001713865
259
001714742

001717326
260
001717494

001720204
261
001720456

001723124
262
001723333

001728296
263
001729339

001733342
264
001736055

001738556
265
001739808

001741059
266
001741769

001744103
20
267
001744313

001747148
268
001748692

001750151
269
001750819

001752445
270
001752654

001755031
271
001755699

001757075
272
001758118

001759744
273
001759995

001801913
274
001802414

001804290
275
001806627

001808377
276
001811507

001814425


277
001814593

001816302
278
001817179

001818805
279
001819014

001820640
280
001825104

001826729
281
001826939

001829899
282
001830067

001831275
283
001831443

001834070


284
001834238

001836072


285
001836240

001839534
286
001839701

001843496
287
001844873

001847917
288
001857553

001859762
289
001900389

001901806
290
001902224

001903724
291
001905936

001907186
292
001909982

001911816
293
001912568

001915319
294
001915988

001917655
295
001918031

001919490
296
001922035

001925204
297
001928542

001930126
298
001931128

001932628
299
001933338

001935965
300
001940387

001942430


301
001946018

001947852
302
001948020

001950229
303
001950397

001952481


304
001952691

001954317
305
001954526

001955943
306
001956153

001958696
307
002000199

002001782


308
002003368

002005995
309
002006205

002008915
310
002009124

002011792


311
002012002

002014337


312
002015214

002016422
313
002018300

002019967
314
002020636

002023721
315
002029186

002030394
316
002031730

002033522
317
002036360

002037401
318
002037569

002040738
319
002040948

002043866
320
002044076

002045368
321
002047120

002048621
322
002048830

002050623


323
002050832

002052708
324
002054169

002057129


325
002100634

002102385
326
002102594

002103970
327
002105597

002107723
328
002109559

002112103


329
002113563

002115564
330
002129705

002130746
331
002130956

002132456
332
002132666

002134208
333
002136295

002137753
334
002144052

002145261
335
002145470

002146929


336
002157941

002201027