1
000002711

000005713
2
000005880

000008924
3
000009217

000011301


4
000011469

000012678
5
000013263

000014680
6
000015306

000017057
7
000017225

000018809
8
000019227

000020936
9
000021104

000023647


10
000026484

000027818
11
000120997

000122748
12
000122916

000125292
13
000127962

000131090
14
000132884

000135344
15
000135512

000137805
16
000137972

000141475
17
000141643

000143811
18
000143978

000147397
19
000147816

000150067

20
000150235

000151610

21
000151820

000155447
22
000155615

000157199
23
000157367

000201161
24
000202705

000204289

25
000204457

000206667
26
000206835

000208210
27
000210505

000214758

28
000214926

000217845
29
000219097

000221140
30
000221307

000224226
31
000224394

000227646
32
000228273

000230065
33
000230275

000232609
34
000232777

000235404
35
000238074

000239241

36
000239409

000242661
37
000242829

000244621
38
000244789

000246206
39
000247667

000252462
40
000252630

000253630
41
000253798

000256633


42
000257886

000301305
43
000301472

000303515
44
000304309

000306143


45
000306311

000307311
46
000310398

000312274

47
000312442

000315194

48
000315361

000317029


49
000317197

000318488
50
000318656

000321158
51
000321326

000322993
52
000328166

000330334
53
000330501

000333545
54
000333963

000337341
55
000337508

000340135
56
000347101

000350520
57
000350688

000354983
58
000355777

000358570
59
000358738

000402574


60
000402951

000405494
61
000405662

000408872
62
000409040

000413043
63
000413503

000415170


64
000415338

000418799
65
000418967

000420717


66
000420885

000422511
67
000423263

000425722

68
000429727

000431270
69
000433564

000436525
70
000436693

000438902
71
000439070

000441571

72
000441739

000444908
73
000446703

000447703
74
000447870

000451248
75
000451708

000454376
76
000454544

000457546


77
000457714

000458797
78
000500300

000502926
79
000503094

000505595
80
000505763

000507472
81
000507640

000510392
82
000510560

000512185
83
000514397

000516773

84
000517817

000521486
85
000522447

000524031
86
000528578

000530078
87
000531539

000532664
88
000532832

000535250
89
000535668

000537836
90
000538004

000540839
91
000541507

000543800
92
000543968

000546970
93
000547138

000550057
94
000550224

000553518
95
000558566

000559566
96
000604614

000607407
97
000607575

000608950
98
000609118

000611995


99
000612163

000613455
100
000615166

000616458
101
000616626

000618460
102
000618628

000621463
103
000621631

000624007
104
000624175

000625926
105
000626386

000627677


106
000627845

000631681
107
000631849

000633058
108
000633267

000636144
109
000636312

000638146
110
000638314

000641024
111
000643861

000646113
112
000646280

000651827
113
000651994

000654037


114
000654205

000658625
115
000659127

000702921
116
000703089

000704714


117
000704882

000707300


118
000707844

000710637

119
000714142

000716476
120
000719897

000723567
121
000724193

000725527
122
000725736

000729531
123
000730491

000732701


124
000732910

000735954
125
000736122

000739374
126
000740877

000742878
127
000743629

000746673
128
000747133

000749134
129
000750553

000753054
130
000753222

000756975
131
000757977

000759269
132
000759437

000802230
133
000804525

000806568
134
000807904

000810155
135
000810323

000813074
136
000813242

000814701
137
000816871

000818246


138
000818414

000820290
139
000820458

000821875
140
000822043

000823919
141
000824795

000826254
142
000836265

000838892
143
000840478

000843438
144
000843606

000844898
145
000845066

000846566
146
000846734

000848860
147
000849028

000851571
148
000851739

000856034
200
500
149
000856202

000858161
150
000858746

000900664
151
000901832

000903083
152
000903251

000906795
153
000906963

000910131
154
000911968

000915387
155
000915638

000917514
156
000917682

000922310
157
000922603

000925647
158
000928442

000930944
159
000931112

000933613
160
000939954

000942622
161
000943291

000946126
162
000948212

000951047
163
000953134

000955302
164
000955511

000957012
3
165
000959390

001000682

166
001000850

001001975
167
001002143

001005937
168
001006105

001009691
169
001009859

001012736
170
001012903

001014988
171
001017241

001018658
172
001021954

001023163
173
001031756

001035467
174
001037428

001039429

175
001039597

001040889
176
001041057

001042557


177
001042725

001044017


178
001044185

001046436
179
001047647

001050523
180
001050691

001053818
181
001053986

001056154
182
001056322

001059449
183
001059617

001101493

184
001102870

001104537
185
001104705

001108166
186
001108376

001110543
187
001110711

001112796


188
001113589

001114714
189
001116300

001118468
190
001122473

001124432
191
001124809

001126267
192
001126435

001128770
193
001138197

001142617
194
001142868

001145328
195
001152211

001155422


196
001155923

001157632


197
001157800

001201219
198
001201387

001203596


199
001203764

001205348


200
001205516

001207308


201
001207476

001209018
202
001209186

001210562


203
001210730

001213440


204
001213774

001215525
205
001215693

001217444


206
001217611

001219821
207
001219989

001222323
208
001226662

001230498
209
001230666

001234919
210
001235129

001236838


211
001237006

001238256
212
001238424

001241843
213
001242470

001243720
214
001246891

001248558


215
001248726

001250393


216
001250603

001252562
217
001252730

001256232


218
001256400

001257942
219
001258360

001300820


220
001302490

001306034
221
001306202

001308328
222
001310164

001313917
223
001315544

001316920
224
001317087

001318922
225
001319089

001320256
226
001320424

001322509


227
001322676

001326262
228
001328599

001330433
229
001334688

001338191
230
001344240

001346074
231
001346242

001350578
232
001352289

001353957
233
001354124

001358586
234
001358754

001401548
235
001404093

001405468
236
001405636

001409764
237
001410015

001412767


238
001412935

001417438
239
001417606

001420817
240
001422236

001424946
241
001425114

001426739
242
001426907

001430535
243
001431203

001432620


244
001433038

001437834
245
001440462

001443548


246
001443716

001446634
247
001446802

001448761
248
001448929

001451472
249
001451640

001453892
250
001454643

001457979


251
001458147

001500315
252
001500482

001502025
253
001502192

001505403
254
001507114

001508448


255
001508657

001510992
256
001512161

001514996
257
001515164

001517373


258
001519084

001521419
259
001521587

001523379


260
001523547

001526174
261
001526342

001530345
262
001530512

001532472


263
001532681

001535141
264
001535309

001537185
265
001540856

001542941
266
001543108

001545109
267
001545319

001546402


268
001546570

001548446
269
001551408

001553368
270
001553535

001554661
271
001554828

001558498
272
001559792

001601876


273
001602169

001604379
274
001604546

001607090
275
001607549

001609050


276
001609218

001610718


277
001613347

001617392
278
001617935

001619936


279
001620104

001621854
280
001622648

001625316


281
001625859

001628319
282
001630447

001633950


283
001634118

001637120


284
001637371

001639247
285
001639415

001640999
286
001650718

001652260
287
001653721

001655847
288
001656098

001658850
289
001702896

001704814
290
001706025

001708484
291
001709361

001711195


292
001711655

001713406
293
001713574

001716325
294
001716493

001718578
295
001718746

001722123
296
001728130

001731507
297
001731884

001734135
298
001736555

001737805
299
001737973

001740391
300
001740559

001744479
301
001744646

001747315
302
001747483

001749442
303
001801622

001803581
304
001806335

001808169
305
001808337

001811923
306
001812091

001815885
307
001817638

001821099
308
001821266

001822517
309
001822684

001826938
310
001827106

001829315


311
001835155

001836572
312
001837825

001840201
313
001840953

001842954


314
001844498

001846249
315
001846583

001850336
316
001850838

001852755


317
001854925

001857969
318
001858137

001859220
319
001859763

001903516
320
001904017

001906352
321
001906520

001909730
322
001911567

001914777


323
001916071

001918698
324
001919825

001921075
325
001921243

001923452
326
001923954

001927790
327
001930586

001932587
328
001938051

001939468
329
001939636

001943931
330
001949855

001950938
331
001957779

001959280
332
001959448

002003201


333
002004077

002009248
334
002011043

002013628


335
002016548

002020218


336
002020385

002021469
337
002021637

002024263
338
002025265

002026557
339
002028060

002029518
340
002029686

002032480
341
002036735

002038277
342
002038445

002043157
343
002043742

002045660
344
002045827

002047578
345
002047746

002050539
346
002050707

002054835
347
002055003

002057213


348
002057381

002100967


349
002111603

002113062
350
002113689

002115147
351
002115357

002117775


352
002117943

002120361
353
002120529

002123489
354
002123657

002125449
355
002132666

002133874
356
002146638

002147930
357
002158317

002159525
358
002159693

002201736
359
002201903

002203904
360
002204364

002205906
361
002206074

002207700
362
002209453

002211078
363
002212456

002214915


364
002222424

002224800
365
002225552

002228304


366
002229306

002233059