1
000002669

000005587
2
000005755

000007715


3
000007882

000010467
4
000010635

000012386
5
000012554

000015973


6
000016141

000018767
7
000018935

000021228
8
000021396

000024732


9
000024899

000029445


10
000029612

000033032
11
000033199

000035200


12
000035368

000036577
13
000036745

000039872
14
000040040

000042624
15
000046046

000048047
16
000048214

000050382


17
000050550

000053844


18
000055305

000058932
19
000059100

000101977
11
20
000102145

000107483
21
000109069

000111904
22
000155115

000159952


23
000200120

000203789
24
000203957

000206917
25
000208294

000210337
26
000211965

000214466
27
000214843

000218470


28
000218638

000221640
29
000221808

000224393


30
000224561

000226186


31
000228314

000232693


32
000234362

000237698


33
000238533

000243579


34
000244372

000248709


35
000248960

000252296
36
000252463

000255883
37
000256050

000259386
38
000259554

000303515
39
000303683

000307853


40
000308021

000311148
41
000311316

000314443
42
000314611

000317446
43
000317697

000321783
44
000325788

000326997
45
000328917

000331460
46
000333671

000337257
47
000337425

000340552
48
000341512

000345390
49
000345558

000348018
50
000351272

000354441
51
000354609

000355692
52
000355860

000359071
53
000359239

000401907
54
000402075

000404326
55
000404494

000406995
56
000407163

000409915
57
000410083

000413085
58
000413253

000416964
59
000417131

000420968
60
000421135

000423553
61
000426307

000429142
62
000429310

000431687


63
000431854

000436316


64
000436484

000439486


65
000440113

000442656


66
000446452

000449204


67
000450164

000454251
68
000454419

000457421


69
000457588

000501258
70
000501426

000504678
71
000504846

000507306
72
000507473

000511310
73
000512854

000516064
74
000517984

000520944


75
000521112

000524114
76
000528828

000530620


77
000530788

000535751
78
000535918

000538462
79
000539797

000542591


80
000542759

000546178
81
000546346

000548972
82
000549140

000552517
83
000552685

000556521
84
000556689

000600067
85
000600818

000604029
86
000604197

000607157
87
000609327

000612496
88
000612663

000616750
89
000617418

000620921
90
000621089

000623548
91
000626010

000628053
92
000631057

000632432


93
000632600

000635060
94
000635228

000637437


95
000637605

000640857


96
000642693

000645570


97
000645822

000648198
98
000648366

000650575


99
000650743

000652536
100
000652745

000656706
101
000656874

000658750
102
000658918

000703505
103
000703673

000706383
104
000706551

000709219
105
000709387

000712431
106
000712598

000716393


107
000716561

000718728
108
000718896

000721273


109
000723484

000726736


110
000726904

000729364


111
000732785

000736496
112
000736664

000738498


113
000738666

000741126
114
000741711

000743837
115
000744005

000746131
116
000746382

000748884
117
000749051

000751761
118
000751929

000755807


11
119
000756601

000759019
120
000759937

000801438
121
000801606

000804024


122
000804192

000807903
123
000808070

000811156
124
000811324

000813492
125
000813659

000815202
126
000816996

000818997
127
000819499

000824044
128
000828216

000830091


129
000830259

000831927

130
000832094

000834137
131
000834305

000836473
132
000836641

000839017
133
000840186

000842979


134
000843147

000847108


135
000847276

000851238
136
000851405

000854950
137
000855117

000857994


138
000858162

000901414
139
000902083

000904000
140
000904168

000907504
141
000907672

000910131
142
000910299

000914219
143
000914387

000917639
144
000918391

000921101
145
000921269

000923311
146
000924397

000926565


147
000926732

000928608
148
000928776

000931444
149
000931612

000933530
150
000933698

000936324
151
000937827

000940161
152
000940329

000941997
153
000942164

000945000
154
000949422

000951798


155
000951966

000955218
156
000955386

000957178
157
000957346

001001474
11
158
001001976

001005020
159
001007857

001011526
160
001011694

001015196
161
001015364

001018950
162
001020077

001021202


163
001021370

001023913
164
001024081

001027626
165
001027793

001029753


166
001029920

001032881
167
001033049

001036593


168
001037136

001041056


169
001041223

001046144
170
001046312

001050440
171
001050608

001053526
172
001053694

001055904
173
001056614

001102410


174
001102578

001106456


175
001107458

001110543


176
001110711

001113755
177
001113923

001116883
178
001117051

001119636
179
001119804

001124432


180
001126811

001130814
181
001130981

001134693
182
001134860

001137195
183
001137363

001141533
184
001141701

001144619
185
001144787

001146621
186
001146789

001148164
187
001151669

001153002


188
001153170

001155422


189
001155589

001158967


190
001159135

001201469
191
001202972

001206141
192
001206851

001210395


193
001210563

001213690


194
001213858

001216609
195
001223826

001225785


196
001226328

001227412
197
001227580

001231040
198
001231208

001234878
199
001236213

001239674
200
001239842

001243344


201
001243512

001245305
202
001248100

001251436
203
001253189

001255273
204
001257651

001300361
911
205
001300529

001303072
206
001303282

001304741
207
001304909

001307285
208
001307953

001312290
209
001320132

001323468
210
001323636

001325553
211
001327640

001330850


212
001331018

001332644
213
001333562

001335230
214
001335397

001338066
215
001338234

001341110
216
001341278

001344614
217
001344824

001347534
218
001347701

001351162


219
001351330

001353414
220
001353582

001356626
221
001356794

001359003
222
001359755

001403216
223
001403384

001407262


224
001407847

001410723
225
001411433

001412600
226
001412768

001415770
227
001417773

001423069
228
001423237

001426531
229
001427199

001431661
230
001431829

001436833
231
001437001

001441129
232
001441797

001444340
233
001444508

001448177
234
001448345

001450722
235
001452182

001455894
236
001457479

001459647
237
001459815

001506029
238
001506864

001508781
239
001510284

001513411
240
001514663

001517373
241
001518959

001524130
242
001524298

001528426
243
001528594

001530762
244
001530930

001532263
245
001532431

001535016
246
001535184

001538019
247
001538187

001542982
248
001543150

001546945
249
001547905

001550657
250
001551742

001553409
251
001554328

001557372
252
001557539

001600249
253
001601377

001604712


254
001607675

001609425


255
001609885

001611052
256
001613347

001617225
257
001617393

001621854
258
001623273

001625942
259
001626110

001628945
260
001629113

001631197
261
001632491

001635410
262
001635577

001637495


263
001637663

001642166
264
001642334

001645920
265
001647131

001649590
266
001653053

001656597


267
001656765

001700643


268
001700811

001705064
269
001706108

001708151


270
001709653

001711654


271
001711822

001714657


272
001714825

001718119


273
001718287

001722540
274
001722708

001727211
275
001727379

001732675


276
001734219

001738264
277
001739266

001741684
278
001741852

001744437
279
001745481

001746731
280
001747232

001751027
281
001751195

001754530
282
001756283

001758201
283
001804041

001807335


284
001808295

001812965
285
001813133

001815760


286
001815928

001817011
287
001817179

001819138


288
001821350

001825019
289
001832736

001834987


290
001835155

001836948
291
001837116

001843329
$15
292
001843497

001845748


293
001845916

001848126
294
001848293

001852547


295
001853257

001856467


296
001856635

001900304
297
001900472

001903474
298
001904017

001906644


299
001907563

001909522
300
001909690

001912066


301
001913152

001915778
302
001920450

001922410


303
001922578

001924412
304
001928792

001931878


305
001932129

001935256
306
001935799

001940261
307
001940512

001943931


308
001946351

001948686
309
001948854

001952523
310
001952691

001957278
311
001959489

002002366
312
002002910

002006454
313
002007623

002009123
314
002011501

002014003
315
002017841

002023638


10
316
002023889

002025848


317
002026016

002028601

20

318
002029519

002031938


319
002039238

002040404


320
002040572

002043074
321
002043242

002045826


322
002045994

002047203
323
002047371

002049497


324
002049665

002051290
325
002051458

002052959


326
002053126

002056170
327
002058465

002100383
328
002101885

002104178
329
002105180

002107390
330
002107557

002110726


331
002128578

002131163
332
002131581

002132832
333
002133917

002138587


334
002138755

002140673