1
000004212

000005587
2
000005839

000008132
3
000008341

000011427
4
000011636

000013178
5
000013930

000015014
6
000015223

000018726


7
000023273

000025774
8
000026026

000028777
9
000030196

000032906
20
10
000033158

000035951
11
000037746

000041081


12
000041416

000044668
13
000044919

000046462
14
000046671

000050090
15
000051551

000055471
16
000055680

000058390
17
000100101

000103020
20
20
18
000104606

000107900
19
000147774

000150776
20
000150944

000152820
21
000153029

000157574
22
000157826

000200369
23
000201871

000203372
24
000204040

000207376
25
000207585

000211463
26
000211714

000215092
27
000215510

000217010
28
000217262

000219054
29
000219389

000222516


30
000223309

000227688
31
000228523

000232151
32
000232318

000235571
33
000237282

000239283
34
000239868

000243495
35
000243705

000245289


36
000245540

000247124
37
000247375

000250794
38
000251045

000253881
19yearold
39
000255842

000256884
40
000257093

000300554
1986
41
000302515

000304308
19
42
000307312

000309771
19
90
43
000309981

000311190
44
000313443

000315944


45
000319282

000321325
46
000321576

000322910
47
000323119

000325454
48
000333254

000336048
49
000336299

000337966
50
000340303

000342346
51
000347602

000349353
52
000351189

000353649
53
000353858

000355525
54
000355777

000357319
55
000357528

000401740
56
000402659

000404159
57
000412710

000415587
58
000417131

000419716
59
000419926

000422219
60
000423846

000427766
61
000428101

000430686
62
000430895

000434439
63
000434691

000437484
64
000439529

000443657
65
000444409

000449538
66
000450832

000457254
67
000458089

000459548
68
000500008

000504219
69
000506764

000511018
70
000514522

000516273


71
000516482

000518191
72
000518693

000519943
73
000521404

000524948
74
000527160

000529703
75
000529954

000535083
76
000535752

000537544
77
000540965

000542632


78
000542842

000545886


79
000546137

000549306
80
000549515

000552601
81
000555897

000558774


82
000600276

000603070
83
000604197

000606031
84
000606240

000608617
85
000608868

000611119
86
000611329

000612996
87
000613247

000615374
88
000616042

000619544
89
000622465

000627177


90
000629013

000633183


91
000634519

000636978
92
000637230

000641733


93
000643820

000647406
94
000649242

000651660
95
000653913

000655831
96
000657125

000658375
97
000658626

000659960
98
000700211

000702003
99
000702255

000703880


100
000704340

000706800


101
000707176

000708635
102
000710930

000713056
103
000713307

000714724
104
000717812

000719980
105
000721274

000722357
106
000723901

000725735
107
000725945

000727446


108
000727655

000731491
109
000732076

000736455
110
000736664

000738665
111
000738875

000740750


112
000746048

000749092
113
000750428

000752012
114
000752221

000754347
115
000754557

000757809
116
000758060

000759895
117
000800605

000802481
118
000802857

000804483
119
000820666

000822334
120
000825338

000827255
121
000827882

000830550
122
000832762

000835639
123
000836098

000837849
124
000839560

000842979
125
000844565

000847567
126
000848736

000850028
127
000850321

000852948
19
128
000853241

000857619
10
10
129
000857870

000859829
19
130
000901290

000902874
131
000903084

000905669
132
000905878

000911007
133
000911801

000914177


134
000917848

000920392


135
000920601

000921643
136
000923729

000926439
137
000929527

000931528
138
000934073

000936199
139
000937660

000941705
140
000941956

000943873
141
000944041

000947043
142
000947670

000948920
143
000949130

000951298
144
000952758

000955844
145
000956304

000959598


146
001000182

001003893


147
001007732

001010400
148
001010901

001012694
149
001014363

001015864
150
001016115

001018617
151
001018868

001020160


152
001020494

001022704
153
001022913

001023997


154
001024206

001026708
155
001026959

001031546
156
001032048

001034716
157
001034925

001036885
158
001041682

001044851
159
001050691

001053818
160
001054070

001057781
161
001059116

001101785


162
001101952

001105121
163
001107124

001112253
164
001112463

001114255


165
001114465

001116883
166
001117093

001119761
167
001120680

001124599
168
001124850

001128103


169
001129605

001131106
170
001131732

001134025


171
001134276

001135527
172
001137530

001139406
173
001139615

001142575
174
001143953

001145829
175
001146038

001149624


176
001149875

001152794
177
001153045

001154379
178
001156424

001159217
179
001159427

001202303
180
001204181

001207892
181
001211105

001214149
182
001214942

001218111
183
001218446

001220739


184
001220948

001222031
185
001222283

001225160
186
001225411

001227620
187
001228164

001229748
188
001229999

001232834
189
001233961

001235670
190
001235880

001239549
191
001239759

001241634


192
001241886

001244846
19
193
001245431

001247015
19
194
001247224

001248725


195
001249185

001250977


196
001251228

001256191
31
197
001259320

001300987
30
198
001302573

001304616
31
199
001306076

001307535
200
001308788

001312957
201
001316003

001319255
202
001319465

001321216


203
001321717

001325929
204
001327973

001330141
205
001340778

001342153
206
001343656

001345240
207
001345449

001348868
208
001349119

001351454
209
001351705

001353373
19
210
001353624

001357502
211
001358754

001400713
212
001401423

001403675


213
001404426

001406052
214
001410140

001411808
215
001416647

001418481
216
001419275

001420358
217
001420526

001424696
218
001425030

001426364
219
001426615

001428741
220
001428993

001431953
221
001432329

001433413
222
001433664

001437125
223
001437334

001439294


224
001439503

001441588
225
001444842

001447218
226
001447469

001449512
227
001451557

001453558
228
001453767

001454893
229
001456854

001459314
230
001459565

001503860
231
001504069

001508156
232
001508407

001511826


233
001512036

001516664
234
001519919

001521002
235
001521211

001524339
236
001524548

001529135
237
001530721

001531971
238
001532181

001533723
239
001538479

001540521
240
001542858

001545860
241
001548030

001550573
242
001554119

001555870
243
001556080

001559540
244
001601168

001604379


245
001604588

001606798
246
001607341

001609759
247
001611720

001613721
248
001615015

001617850
249
001618060

001621104
250
001621313

001624107
19
251
001624316

001626943
252
001627152

001628945
253
001629154

001632490
254
001636412

001639080
15
255
001639289

001642709


10
256
001645587

001649215
257
001652803

001655555


258
001655806

001658599
259
001658809

001703396
260
001704773

001708234
261
001708444

001711112
262
001711363

001712447
263
001712656

001714741
264
001715743

001718036
265
001718245

001721414
16
266
001721623

001723875
267
001724918

001727128
268
001727337

001731340
269
001732843

001735094


270
001737097

001740600
271
001740851

001745271
272
001749068

001752653
16
273
001752863

001754614
274
001754823

001757158
275
001757409

001800244
276
001800454

001802538
277
001803499

001807585
278
001809338

001811422
279
001811632

001813841
280
001814051

001815635
281
001815844

001819555
282
001821183

001822975
283
001823185

001827522
284
001827773

001829899
285
001831318

001834153
286
001834905

001839659
287
001839868

001842453
288
001842704

001845414
289
001845582

001846874
290
001847042

001850211
291
001850420

001854757
292
001855008

001857593
293
001857761

001900263
294
001909690

001913067
295
001913277

001914986
296
001918157

001920074
297
001920284

001922869
298
001923078

001925288
299
001928083

001929792


300
001930002

001933629
301
001934965

001936757
302
001937134

001939135
303
001942848

001944056
304
001944725

001949187
305
001949438

001952481
306
001952691

001955443
307
001955819

001958696
308
001958947

002001741
309
002001992

002003284


310
002003493

002006662


311
002007289

002008331
312
002008790

002011667
313
002011877

002015213
314
002015422

002019217
315
002019468

002020927
316
002021136

002024263
317
002024473

002027558
318
002027809

002030269
319
002032481

002035233
320
002036109

002040696
321
002042324

002045576
322
002050874

002052917
323
002054878

002057463


324
002057631

002059715


325
002059925

002101008
326
002101218

002103010
327
002103262

002108391
328
002118068

002120861
329
002121071

002123906
330
002124157

002126409
331
002126660

002128202
332
002128412

002130997
333
002131248

002134041
334
002134251

002136377


335
002137170

002140381
336
002140590

002142133
337
002142301

002143634
338
002146346

002148597