1
000002711

000006547
2
000006798

000008340
3
000008550

000011510
4
000012137

000013512
5
000015140

000018726
6
000018935

000022479
7
000023106

000025983


8
000026234

000028736


9
000028945

000031488


10
000033074

000034950
11
000035160

000037369
12
000037871

000039872
13
000042625

000046462
14
000046713

000049256
15
000049799

000052593


16
000052802

000057639
128
17
000058308

000100100
18
000101227

000104438
19
000104647

000107066
20
000107275

000110736


21
000110987

000115115


22
000116993

000119078


23
000121206

000126418
24
000127045

000130380
25
000132425

000135761
26
000136346

000141642
27
000142018

000144103
28
000145021

000147022
29
000153738

000156406
30
000158368

000203413


31
000204249

000206333
32
000206584

000207876
33
000208586

000211130
34
000211381

000212673


35
000212841

000217261
36
000257093

000258552
37
000258803

000302806
38
000304642

000306268
39
000306519

000310898


40
000311149

000314568
41
000314819

000316862
42
000318323

000320240
43
000321451

000322826
44
000323036

000325495
45
000325663

000326747


46
000326915

000327915


47
000328082

000329374


48
000329876

000331668


49
000331920

000335297


50
000335548

000337716
51
000337926

000342095


52
000342347

000345098
53
000346517

000348352
54
000349479

000353273
55
000353524

000354650
56
000354901

000358320


57
000358571

000401281
58
000401574

000404243
59
000404494

000408830
60
000409082

000411083
61
000411417

000413210
62
000416381

000417756
63
000418216

000421218


64
000423137

000425681
65
000425974

000428475


66
000444409

000447244


67
000447495

000449538
68
000449789

000453417
69
000454669

000457462


70
000457714

000501842
71
000502552

000504261
72
000504971

000506555
73
000507807

000510767
74
000512353

000514688


75
000515398

000519401
76
000519652

000523864


77
000524115

000525949
78
000527201

000529703
79
000529996

000534041


80
000537253

000541381


81
000542925

000546219
82
000546471

000550223
83
000551476

000554770
84
000555021

000556104
85
000557065

000558774
86
000558983

000600359
87
000600568

000603570
88
000603821

000606615
89
000610244

000611745
90
000613081

000617209
91
000618002

000620587
92
000620797

000622589
93
000622840

000624758
94
000627595

000629930


95
000630098

000632307
96
000632558

000636436
97
000637355

000639981
98
000640942

000641983
99
000642610

000646279
100
000646531

000651201
101
000652120

000654579
102
000654831

000656873
103
000658501

000702921
104
000703214

000705215
105
000706592

000710720


106
000710972

000712431
107
000713307

000715809


108
000717103

000720397
109
000720648

000723442
110
000723693

000726236
111
000727071

000728572


112
000728823

000732242
113
000733035

000734327
114
000734829

000737497


115
000737748

000740500
116
000740751

000742961
117
000744297

000746214


118
000746883

000748425
119
000755099

000757476
120
000757643

000759186
121
000759353

000803815
122
000804358

000807277
123
000824128

000825837


124
000826005

000830634


125
000833846

000836598
126
000836807

000838558
127
000841562

000843563
128
000843814

000847609
129
000847860

000849653


130
000849904

000852531
131
000852782

000856618
132
000859664

000902958
133
000903209

000905460
134
000907296

000910340
135
000912176

000913218
136
000913386

000914970


137
000915221

000917764
138
000919559

000924896
139
000926399

000931069
140
000935783

000939327
141
000939579

000942998
142
000944500

000947335


143
000949589

000953592
144
000953843

000957637


145
000957888

000959598
146
001000558

001003184
147
001003394

001005729
148
001005938

001009190
149
001012278

001014487
150
001014989

001017532
151
001019493

001021369
152
001022830

001025957


153
001027752

001030587


154
001030838

001034507
155
001037303

001040555
156
001040806

001044934
157
001046646

001048355
158
001051067

001053693
159
001053944

001057447
160
001058324

001100992
161
001104413

001105747


162
001105998

001110001
163
001110252

001114547


164
001121931

001125642
165
001125851

001128978


166
001129230

001132482
167
001137154

001139239
168
001140199

001144577


169
001145621

001149582
170
001149834

001152502
171
001153379

001155880
172
001156048

001200510
173
001200678

001204848
174
001205015

001209602
175
001210896

001214107
176
001215609

001218361
177
001218571

001222449
178
001222700

001226077


179
001234420

001236296
180
001236547

001239299
181
001239550

001242302


182
001242887

001245221


183
001245473

001249517


184
001249727

001253354
185
001253606

001257192
186
001257443

001300487


187
001300654

001303072
188
001303491

001305033
189
001309246

001312832


190
001313083

001315168


191
001315419

001319005


192
001319215

001321633
193
001322468

001327764
194
001328390

001331351
195
001331769

001333478


196
001333729

001337065


197
001338400

001346241
198
001403133

001404300


199
001404510

001407720


200
001409014

001411558


201
001412518

001416437


202
001417147

001419065
203
001419525

001421109
204
001423112

001425530
205
001427408

001428867
206
001435291

001438334
207
001438586

001441170
208
001441422

001445216
209
001445676

001451097
210
001451515

001454058
211
001456020

001501065


212
001501525

001506905
213
001508032

001512035
214
001512369

001515872
215
001516081

001519709
216
001519960

001523087
217
001523339

001527425
218
001529345

001531179
219
001534391

001537727
220
001537978

001540980
221
001542316

001545568


222
001549865

001551616
223
001553035

001554744
224
001554995

001558081
225
001558374

001600416
226
001600668

001602877
227
001603545

001607340
228
001608801

001609968
229
001610177

001614931
230
001615182

001617725
231
001618394

001621562


232
001621814

001624065
233
001625567

001628736
234
001628988

001632198
235
001634326

001636911
236
001637162

001639080
237
001641000

001643876
238
001652636

001656389


239
001656640

001659684


240
001659935

001702645
241
001703147

001706190


242
001707943

001711195
243
001714199

001715658
244
001716493

001718202
245
001718454

001721914
246
001722166

001725835


247
001726086

001728796
248
001734428

001738389


249
001739391

001743102


250
001743395

001745938
251
001746190

001748733
252
001750402

001752487
253
001752738

001756157
254
001756408

001759869
255
001806168

001807585
256
001811006

001812799
257
001813342

001815426
258
001816553

001819597
259
001820265

001822934
260
001824311

001827814
261
001831068

001834403
262
001835531

001837532
263
001837741

001840451
264
001843372

001844705
265
001844957

001848584
266
001849169

001852255


267
001852506

001855550


268
001855801

001858052
269
001906353

001910189


270
001910440

001913818
5th
271
001915154

001917363
272
001918824

001920700
273
001924496

001928207
274
001928417

001930960
275
001933714

001936340
276
001937926

001940303
277
001942097

001946142
278
001946351

001949478
279
001949730

001952607
280
001952816

001955484
281
001957112

001958613
282
001958864

002001324
283
002001533

002004577
284
002004828

002007997


285
002008874

002010499
286
002010751

002013211
287
002013420

002017381
288
002018133

002020718


289
002024181

002025306
290
002025515

002027391
291
002029811

002031771
292
002032814

002034232
293
002037361

002039278
294
002041031

002044700
295
002044952

002046452
296
002046662

002048871
297
002049122

002052625
298
002052834

002056212
299
002056421

002058297


300
002058548

002103970
301
002104596

002106681
302
002108892

002111686
303
002118318

002119527
304
002119695

002122446


305
002122614

002124282
306
002124449

002126450
307
002126618

002128703
308
002130289

002134959
309
002136128

002138045


310
002138213

002140881


311
002142342

002144218


312
002144386

002145970


313
002146138

002148806