1
000004629

000005879
2
000006381

000007840
3
000008174

000009925
4
000010969

000012052
5
000014097

000016598


6
000018268

000021145
7
000021396

000023522


8
000023773

000025399
9
000030238

000031280
10
000031531

000034366
11
000035160

000036452
12
000037120

000038704
13
000040999

000042458
14
000043501

000044585
15
000044794

000047546
16
000049424

000052259
17
000052427

000053469


18
000056139

000058140


19
000058725

000101351
20
000106649

000108317
21
000108485

000109902
22
000116659

000121163
23
000122707

000124917
8
24
000126461

000128504
25
000128755

000130255
26
000130757

000134343
27
000134594

000138097
28
000138306

000142434
29
000144104

000146480
30
000151986

000154947
31
000155198

000156865
32
000157117

000159535
33
000159786

000202329
34
000204165

000205749
35
000207127

000208502
36
000208753

000212673
37
000213383

000216468
38
000216719

000220222
39
000220640

000222516


40
000224435

000228105
41
000232152

000233193
42
000233403

000234528
43
000326873

000328790


44
000328958

000330083
45
000330251

000331793
46
000332003

000336006
47
000336257

000338508
48
000338843

000341845
49
000342096

000345807
50
000346059

000348393
51
000349771

000351313
52
000351606

000353774
53
000354025

000356235
54
000356402

000357444
55
000357612

000400322
56
000400490

000401573
57
000401741

000405702
58
000409958

000410999
59
000412418

000413502
60
000413670

000416046
61
000418049

000420092
62
000421094

000424054
63
000424305

000426139
64
000426391

000427641
65
000427892

000429476
66
000429727

000431645
30
67
000431896

000434189
68
000434440

000437693
69
000437902

000441697
70
000443700

000446034
71
000446244

000448787
72
000450248

000453959
73
000454419

000457170
74
000459340

000501550
75
000502802

000504219
76
000504470

000506263
77
000507181

000509224
78
000509559

000513312
79
000514981

000517274
80
000519068

000521778
81
000521988

000523572
82
000523740

000524781
83
000525491

000527326
84
000527535

000531621
85
000533249

000537711
86
000540340

000543216
87
000546387

000548055
88
000549724

000551683
89
000553227

000555854
90
000556022

000558523


91
000602612

000605947
92
000606199

000608533
93
000608785

000610660
94
000611245

000613038


95
000613748

000616291
96
000616542

000618293
97
000618503

000621546
98
000621756

000623548
99
000624092

000625550
100
000625760

000626802
101
000628054

000631765
102
000632016

000634893
103
000635144

000639231
104
000639482

000641149
105
000642777

000645320
106
000645488

000647906
107
000651744

000653286
108
000653454

000657290
109
000657917

000700252
110
000700461

000702421
111
000703047

000704756
112
000707802

000710178
113
000710430

000712889
114
000713141

000716560
115
000718062

000721648
116
000723109

000724985
117
000725236

000726987
118
000727238

000729489
119
000731492

000734911
120
000737540

000742210
121
000743588

000748383
122
000750052

000754514
123
000756726

000758351
124
000759270

000800312
125
000804484

000806860
126
000807111

000809571
127
000809822

000812908
128
000815077

000817078


129
000817580

000818830
130
000819248

000820290
131
000820833

000823168
132
000823419

000826213
133
000826756

000828465
134
000828716

000830133
135
000830718

000833470
136
000834847

000838391
137
000838643

000840393
138
000842522

000843605
139
000845316

000847150
140
000847318

000850070
141
000850321

000852531
142
000852740

000855534
143
000855743

000858745
144
000908589

000910173
145
000911676

000913593
146
000913844

000916179
147
000917098

000919266
148
000922395

000923436
149
000923688

000925522
150
000927233

000928441
151
000932613

000934281
152
000936367

000937951
153
000938202

000940662
154
000940830

000942038
155
000942206

000947335
156
000952300

000953341
157
000955303

000957470
158
000958723

000959973
159
001000224

001001683
160
001006564

001008106
161
001010776

001014029
162
001019368

001020785
163
001023831

001025665
164
001028294

001030545
165
001035509

001037052
166
001040973

001042974
167
001043225

001046311
168
001048522

001049564
169
001049815

001051274
170
001051484

001056279
171
001056656

001058323
172
001058574

001102077
173
001102286

001104537
174
001105831

001107457
175
001107708

001111002
176
001112546

001113672
177
001114548

001117467
178
001118344

001121763
179
001123140

001124182
180
001124934

001127519
181
001128896

001130230
182
001130690

001132065
183
001132316

001133566
184
001141575

001142701
185
001143285

001144452
186
001144704

001145995
187
001146872

001151126
188
001151460

001152836


189
001153087

001154963
190
001155840

001158800
191
001200094

001201428
192
001203180

001205765
193
001205933

001207851
194
001208018

001210520
195
001210688

001214357
196
001215484

001216860
197
001217319

001221656
198
001221991

001226953
199
001227204

001229038
200
001230040

001232500
201
001232668

001235295
202
001235546

001236755
203
001237214

001238923
204
001243471

001244888
205
001245431

001247640
206
001247892

001248933
207
001251395

001256524
208
001257401

001258443
209
001258652

001300361
210
001300571

001304115
211
001304366

001308453
212
001308704

001310538
213
001310748

001312582
214
001313417

001314918
215
001315336

001318254
216
001320341

001321382
217
001322676

001326095
218
001328098

001330850
219
001331977

001336231
220
001338442

001339484


221
001339777

001341277
222
001341529

001342862
223
001343113

001346658
224
001346826

001348660


225
001350621

001352455
226
001352706

001354207
227
001354458

001357293
228
001358254

001359504
229
001401173

001402841
230
001403092

001405760
231
001405970

001407345
232
001409932

001412308
233
001413352

001416312
234
001418357

001420316
235
001420860

001423987
236
001424154

001429409
237
001430661

001432120
238
001432413

001434747
239
001436876

001439961
240
001440170

001443339
241
001443591

001447343
242
001449388

001452891
243
001457563

001459147


244
001500900

001503735
245
001504653

001508948
246
001510409

001511784
247
001512036

001513077
248
001524423

001525465
249
001526926

001528718
250
001529720

001531095
251
001531847

001533097
252
001533349

001534724
253
001534975

001537644
254
001537937

001539062
255
001539355

001541272
256
001542399

001546069
257
001546946

001549656
258
001551033

001552367
259
001552534

001555870
260
001556080

001600375
261
001600668

001603294
262
001603545

001605838
263
001606048

001607590
264
001609593

001612387
265
001612596

001613930
266
001614306

001615723
267
001616350

001619811
268
001620062

001623231
269
001625734

001630238
270
001630447

001631864
271
001634326

001637996
272
001640082

001642208
273
001642418

001646004
274
001646255

001648214
275
001648424

001651175
276
001651427

001652802
277
001653053

001654387
278
001654638

001656597
279
001656849

001701352
280
001701729

001702937
281
001703939

001706524
282
001708610

001711571
283
001712656

001713990
284
001714241

001716325
285
001718037

001720830
286
001727713

001729672
287
001739600

001741893
288
001743062

001744103
289
001745522

001748900
290
001749693

001750860
291
001751361

001753529
292
001755532

001756824
293
001757076

001758826
294
001759078

001802622
295
001805876

001808544


296
001808796

001810088
297
001810339

001812673
298
001812925

001817220
299
001818972

001821015
300
001821225

001822600
301
001822810

001823851
302
001825479

001827647
303
001827940

001829190
304
001830484

001832360
305
001833821

001835488
306
001835739

001837949
307
001839660

001841577
308
001842371

001844122
309
001844373

001845790
310
001846708

001849210
311
001849419

001851170
312
001851380

001853965
313
001855175

001856259
314
001856468

001858261


315
001904226

001906144
316
001912359

001915862
317
001919366

001920783
318
001921743

001923703
319
001924663

001926330
320
001926582

001928666
321
001929168

001930710
322
001934673

001936549
323
001936717

001937758
324
001938010

001939260
325
001940220

001944390
326
001945976

001947018
327
001949521

001953191
328
001953358

001956194
329
001956361

001959447
330
001959698

002000990
331
002004328

002006287
332
002007623

002008789
333
002011084

002012752
334
002013712

002017048
335
002018884

002019926
336
002020135

002023346
337
002024848

002028517
338
002029561

002032396
339
002032648

002034065
340
002035567

002037151
341
002037319

002039111
342
002041823

002046077
343
002047371

002050331
344
002051875

002053084
345
002053335

002056003
346
002056255

002058714
347
002102594

002103970
348
002105138

002106555
349
002108433

002111185
350
002115148

002116190
351
002116400

002120403
352
002120570

002121988
353
002122155

002123197
354
002123365

002126242
355
002127703

002130913
356
002137504

002139505
357
002139756

002141674
358
002142426

002144385
359
002144636

002146470
360
002148557

002151017
361
002151268

002153519
362
002153770

002154854
363
002155105

002157898
364
002200110

002202778