1
000004754

000009883
2
000010760

000013971
3
000014139

000016640
4
000016808

000019226
5
000019394

000021645
6
000021813

000024690
7
000028319

000030237
8
000031614

000033115
9
000033616

000035159
10
000035326

000038996
11
000039164

000041707


12
000041916

000043375
13
000045545

000048047
14
000048214

000051925
10
15
000052093

000055095


16
000055847

000057306


17
000139891

000142017
18
000142185

000143602
19
000144395

000146396
20
000147565

000150359
21
000151486

000153987
22
000154155

000155197


23
000155365

000156740
24
000158368

000201745
25
000203748

000206834


26
000207001

000209920
27
000211214

000213006
28
000213174

000216635
29
000218805

000222474
30
000222642

000225060
31
000225770

000229565
32
000229732

000233819


33
000234028

000238615
34
000239284

000241076
35
000241244

000244329
36
000244497

000247040


37
000248418

000249459


38
000249627

000253422
39
000253590

000255549
40
000255717

000259178
41
000259345

000301054
42
000301222

000303724
43
000303892

000306351
44
000306519

000308687
45
000308855

000312774


46
000314402

000316153
47
000317155

000320365
48
000320533

000323118


49
000323286

000326288
50
000326456

000328415
51
000328875

000333754
52
000333922

000335964
53
000337008

000341929


54
000342096

000344806
55
000347018

000349645
56
000350188

000352147
57
000352315

000356151


58
000401824

000403575


59
000406079

000409581
60
000409749

000413126
61
000413294

000417589
62
000419384

000423595
63
000423763

000425555
64
000425723

000429893
65
000432021

000435816
66
000436025

000437818
67
000437986

000439903
68
000440655

000442698
69
000442865

000446785
70
000446953

000449955
71
000450123

000451957
72
000452125

000454501
73
000456045

000500090
74
000500258

000504136
75
000505805

000508724
76
000509642

000512978
77
000514355

000519609
78
000519777

000522279
79
000523531

000527242


80
000527410

000531330
81
000531497

000534333


82
000534500

000536418


83
000536586

000538670
84
000538838

000542174
85
000542342

000546678
86
000548014

000549264
87
000554020

000555562


88
000555730

000557981


89
000558816

000601693
90
000601861

000605655
91
000605823

000607741


92
000607909

000609201
93
000609369

000612496
94
000612663

000615332
95
000616959

000619795
96
000622131

000623882
97
000625593

000629304
98
000629472

000633642
99
000637021

000639481
100
000639649

000642275
101
000642443

000647572


102
000649283

000653495


103
000658918

000701211


104
000701379

000704756
2
105
000704924

000707008
106
000708428

000710637
107
000710805

000713640
108
000717228

000718270
109
000718438

000722524
110
000722692

000727279
111
000727447

000730240
112
000735371

000736746


113
000736914

000738748
114
000738916

000741334
115
000741544

000744296
116
000744464

000748091
117
000748259

000752596
118
000752763

000755807
119
000756601

000800604
120
000800771

000803064
121
000803941

000807986
122
000808154

000809946
123
000810156

000814242
124
000815036

000816328
125
000816496

000819748
126
000820791

000822042
127
000823211

000824461
128
000824629

000828173
129
000828341

000830175
130
000830801

000832677

131
000832845

000835555


132
000835723

000838433
133
000838601

000841436


134
000841604

000844648
135
000844815

000847609


136
000847777

000851029
137
000852406

000854824
138
000854992

000857327
139
000857495

000901706


140
000901874

000905627
141
000906754

000910840


142
000911008

000914177
143
000914345

000915720
144
000915888

000918974
145
000921519

000924437
146
000924605

000926565


147
000929235

000930277
148
000930444

000933863
149
000934031

000938159


150
000939954

000942706
151
000942873

000945417


152
000950256

000952048
153
000952216

000953425
154
000953593

000957053
155
000958431

001002642
156
001008232

001010317
157
001011402

001012611
158
001014655

001017324
159
001017491

001018867


160
001019035

001021453


161
001021621

001026207
162
001027251

001030670


163
001030838

001033214
164
001033382

001038136
165
001038304

001040388
166
001040556

001046227
167
001049315

001052442
168
001052610

001054986
169
001055154

001057530
170
001057698

001059199
171
001059742

001101910
172
001102078

001105580
173
001105748

001108958
174
001109543

001111294


175
001112171

001115340


176
001115549

001117676
177
001118803

001123181


178
001123641

001126726


179
001126894

001129896
180
001130064

001132524


181
001132692

001134359


182
001147748

001151584
183
001153170

001157132
184
001157299

001201302
185
001205182

001209018


186
001209770

001212647


187
001213232

001215483
188
001215693

001218153
189
001218362

001221030
190
001221824

001226119
191
001226704

001230165
192
001230708

001234544
193
001235713

001237088


194
001237256

001240008
195
001249894

001252020


196
001256150

001258526
197
001259445

001301696
198
001303532

001306034
199
001306202

001307786
200
001307953

001309996
201
001310164

001312582
202
001313209

001315502
203
001315669

001318046
204
001318214

001322300
205
001323010

001325929


206
001326096

001329516
207
001331352

001332602
208
001332770

001335980
209
001336732

001338149


210
001338317

001340443
211
001340611

001343613
212
001343781

001346324
213
001347368

001350286
214
001350454

001353790
215
001353958

001356292
216
001357253

001359712
217
001401215

001402674
218
001403259

001406010
219
001406178

001408471
220
001410057

001412433
221
001412601

001414644
222
001414812

001418481
223
001418649

001421860
224
001422027

001426739
225
001427449

001429659
226
001431328

001434455


227
001435332

001436541


228
001436709

001439127
229
001439295

001441880
230
001442047

001445049


231
001450723

001455476
232
001455644

001458688
233
001458856

001501733
234
001503402

001505653
235
001507698

001509157
236
001509325

001512577
237
001512745

001516080
238
001516248

001519792
239
001519960

001522754


240
001526592

001528551
241
001530012

001532639


242
001532806

001535683
243
001536936

001538937


244
001539104

001543316
245
001545694

001550114
246
001550282

001552617
247
001552785

001554202
248
001559041

001601918
249
001602086

001603503


250
001603671

001606631
251
001615557

001616599
252
001616809

001620353
253
001621855

001624315


254
001626860

001630446


255
001630614

001632865
256
001633033

001634784
257
001635577

001638913


258
001639123

001641040
259
001642292

001643418
260
001643585

001647755
261
001647923

001651342
262
001651510

001653052
263
001653262

001657765
$30
264
001659810

001702020
265
001702187

001705440
266
001705607

001708276
267
001708444

001710611
268
001713699

001716701
269
001717244

001720788
270
001720956

001722623
271
001724251

001727545


272
001731592

001732633
273
001732801

001737180
274
001739433

001741434
275
001741602

001744604
276
001744772

001748232
277
001748400

001751235
278
001751403

001754781
279
001754948

001758201
280
001800704

001806000
281
001806168

001811005
282
001812091

001813716
283
001814885

001818679
284
001818847

001821182
285
001822017

001823726
286
001829066

001831150


287
001831318

001834529
288
001834696

001837323
289
001838117

001840368
290
001840536

001841702
291
001842704

001844539

292
001844706

001847208
293
001847376

001850586
294
001852214

001856300
295
001856468

001858719
296
001858887

001900513


297
001902182

001904559
298
001904726

001908229
299
001908397

001913025
300
001916613

001917989


301
001921785

001923077
302
001923328

001927790


303
001928000

001932378


304
001932546

001935131


305
001937050

001940178
306
001940345

001943598
307
001943765

001947185
308
001948270

001949562
309
001949730

001953941
310
001954109

001955985
311
001956153

001959155
312
001959323

002000781
313
002000949

002004702
314
002004870

002009832
315
002013086

002016005
316
002016173

002019508
317
002020802

002022720


318
002022888

002029101
319
002029895

002032188
320
002033482

002035650
321
002036526

002039862
322
002046495

002047703
323
002050249

002052416
324
002057005

002058839
325
002100550

002102260
326
002108600

002110851
327
002111019

002114480
328
002120279

002122989
329
002123156

002125658
330
002125867

002127076
331
002128161

002129328
332
002129955

002133082
333
002133250

002134458
334
002139923

002142008
335
002142217

002145052


336
002146471

002148764
337
002151685

002153436