1
000002585

000004753


2
000005213

000008090


3
000008258

000010134
4
000010301

000012386


5
000012554

000016598
6
000016766

000018934
7
000019102

000024106
8
000024607

000026567


9
000026735

000029987
10
000030739

000033615
11
000034743

000036326


12
000036494

000039246
13
000040790

000044460
14
000047005

000049465
15
000050717

000052968
16
000053136

000056805
17
000057599

000059808
18
000101269

000102728
19
000103730

000106482
20
000106941

000109151
21
000109319

000111653
22
000113782

000117493
23
000208795

000211547


24
000215385

000219721
25
000219889

000224601
26
000224769

000227396
27
000227564

000230232
28
000230400

000233152


29
000235280

000238198
30
000238408

000240492
31
000241494

000245122
1800
32
000245290

000247457
33
000248918

000250586
34
000250753

000253964
35
000255049

000256717
12
36
000256926

000259469
1800
12
37
000259637

000302097
1788
38
000302265

000303307


39
000304684

000306226
40
000306728

000311190
400
41
000311357

000313692
42
000313860

000315485
43
000315653

000318030
44
000318198

000320908
45
000321075

000323785
46
000323953

000326163
47
000326331

000329625
48
000329792

000332628


49
000332795

000334630
50
000334797

000337049
51
000337217

000340636


52
000340803

000343889
53
000352148

000356276


54
000356444

000401531
55
000402325

000404660
56
000404827

000408330
57
000408539

000410332
58
000410833

000412459
59
000412627

000414836


60
000415046

000418507
61
000418675

000420509
62
000420677

000422761


63
000424055

000426098
64
000426266

000427975
65
000428142

000431019
66
000431187

000434356
67
000435275

000439027
20
68
000439195

000440988
69
000444492

000447703


70
000447870

000450706
71
000452041

000453709


72
000453876

000457379
73
000458298

000500966
74
000501384

000505721
75
000508099

000512686
76
000512854

000515731
77
000515898

000518400
78
000518609

000522738


79
000523072

000524906


80
000525074

000528702
81
000528870

000531413
82
000531622

000533248
83
000537211

000538879
84
000539255

000541590
85
000542091

000544426
86
000545428

000549931
87
000550099

000552100
88
000552268

000556688
89
000556898

000558231
90
000558399

000601651
91
000604155

000606573
92
000606741

000609743
93
000609911

000611244


94
000611412

000613038
95
000613539

000615916
96
000616084

000617459
97
000617752

000620545
98
000620713

000623632
99
000623800

000626176
100
000626636

000629971
101
000632266

000635435
102
000635603

000639147


103
000639315

000642067
104
000643319

000646154


105
000646322

000651201
106
000651828

000654287
107
000654455

000657666
108
000657834

000700502


109
000701671

000703797
110
000703965

000706216


111
000707009

000709511
112
000709720

000712347
113
000712515

000717018
114
000719605

000720856
115
000721858

000725652
116
000725820

000728989
117
000729740

000735203
118
000735830

000738665
119
000738833

000740876
120
000742128

000745630


121
000745798

000747716
122
000747884

000750635
123
000753556

000756516
124
000756684

000800228


125
000800730

000803023
126
000803858

000807569


127
000809572

000813700
128
000814160

000816411
129
000816662

000819498


130
000820583

000823919
131
000824086

000826338
132
000827590

000829591
133
000830259

000832093
134
000835181

000838016
135
000838309

000840727
136
000841521

000844397
137
000844565

000846942


138
000847109

000850737
139
000850905

000854574
140
000855076

000857452
141
000857703

000859579


142
000859747

000903124
143
000903459

000905252
144
000905419

000907796
145
000907964

000911633
146
000911842

000914553
147
000914720

000916638
148
000916806

000918557
149
000918766

000920809
2100
150
000920977

000923895


151
000924063

000928358
2030
152
000930486

000933405
153
000933573

000936575
154
000936742

000939077
155
000939245

000940996
156
000942748

000945500
2101
157
000946877

000948461
158
000948629

000952632
159
000954468

000956636
160
000956804

001000932
161
001001183

001005270
162
001005479

001008815
163
001008983

001013361
164
001015698

001018199
165
001018367

001021536
166
001021704

001025498
167
001025666

001028293
168
001028919

001033673
169
001033841

001038053
170
001040056

001043391
171
001045353

001048855
172
001049023

001050732
173
001050941

001053151
174
001053319

001056321
175
001056489

001058573
176
001058741

001102243
177
001102453

001105080
178
001105331

001107499
179
001107958

001110669
180
001111587

001115507
181
001115675

001118176
182
001118344

001120595
183
001120763

001124057
184
001127770

001130021


185
001130189

001132023
186
001133275

001134901
187
001144495

001147122


188
001147289

001148957
189
001149583

001152460
190
001152628

001155004
191
001155214

001158758
192
001158926

001202470
193
001206600

001208309
194
001209145

001211479
195
001211647

001214315
196
001214483

001218653
197
001220448

001221948
198
001222116

001224659
199
001225828

001228121
200
001229039

001233334
201
001234336

001237213
202
001237381

001238715
203
001238883

001241342
204
001241510

001244679
205
001245890

001250393
206
001250561

001252812


207
001252980

001255857
208
001256025

001259194
209
001259361

001302781


210
001304825

001306201


211
001306368

001308328


212
001308537

001311039
213
001311207

001314876
214
001319924

001323092
215
001325721

001327555
216
001328015

001331684
217
001331894

001334521
218
001334688

001337565
219
001338442

001341903


220
001342238

001345865
221
001346033

001349577
222
001349745

001353331
223
001353916

001356417
224
001356585

001358378
225
001403342

001407262
226
001407429

001409764
227
001409932

001411266
228
001412977

001414769


229
001414937

001418439
230
001418941

001420483


231
001420651

001423778
232
001430494

001432453
233
001432913

001434622
234
001436250

001438293
235
001448637

001450471
236
001450639

001452473
237
001453142

001454809
238
001457813

001459606
239
001500274

001503902
240
001505905

001509699
241
001509909

001511534
242
001512411

001515914
243
001516498

001518166
244
001519043

001524464
245
001524632

001528301
2
246
001530554

001533306
247
001533474

001535642
248
001535809

001538978
249
001539146

001541564
250
001543317

001545526
251
001545694

001547862
252
001548030

001551074
253
001552701

001555828
254
001556163

001558831
255
001558999

001600833
256
001601001

001606172
257
001606382

001608591
258
001608759

001610760
259
001613847

001616349


260
001616517

001619394
261
001619561

001621521
262
001621689

001624065
263
001626235

001628778
264
001631740

001633950
265
001634118

001635910
266
001636078

001637245
267
001638414

001643251
268
001643419

001646462
269
001646630

001650633
270
001650801

001654762
271
001654930

001658641
272
001701020

001703980
273
001704148

001708317
274
001710612

001712655
275
001712823

001714615
276
001715284

001718745
277
001722041

001723583
278
001725335

001729672
279
001729840

001733551
280
001734803

001736512
281
001736680

001738765


282
001738932

001741809
283
001741977

001744437
284
001744605

001746856
285
001747066

001748357


286
001752821

001756491
287
001756658

001758701
288
001758869

001802997
289
001803165

001807460


290
001807628

001810171
291
001810672

001814008
292
001820182

001822517


293
001822726

001827647
294
001828148

001830691
295
001830859

001834028
296
001834196

001837031


297
001837199

001838741
298
001842704

001846666
299
001847376

001850920


300
001851505

001854215
301
001855050

001859053
302
001900013

001902765
303
001902933

001905560
304
001906728

001908604
305
001908772

001910940


306
001911942

001914068
307
001914236

001917113
308
001917281

001920408
309
001920576

001925580
310
001925789

001929083
311
001929751

001932587
312
001932754

001934755
313
001936300

001939927
314
001940095

001944223
315
001944391

001947727
316
001948562

001950271
317
001950439

001952273


318
001952441

001955276
319
001957112

001958779
320
001959448

002000781
321
002001617

002005953


322
002007831

002011167
323
002011335

002015087
324
002015255

002018090
325
002018258

002020927


326
002021094

002023137
327
002023305

002025181
20
328
002025349

002028309
329
002028810

002032480
330
002032648

002034649
331
002034983

002038527
332
002039655

002041822
333
002053293

002057505


334
002057714

002100675


335
002100842

002103886
336
002104846

002107181
337
002107349

002109308
338
002109476

002113521
339
002113689

002116315


340
002116483

002119193
341
002119361

002122697
342
002122864

002125574
343
002126660

002128452
344
002129913

002132331
345
002134251

002138212
346
002139881

002141507
347
002149182

002151517
348
002151685

002154312
349
002159276

002200526
350
002201236

002206574
351
002207868

002211662


352
002211830

002214874


353
002215751

002218919
354
002219087

002224467
355
002224676

002226802
356
002227763

002230014
357
002231433

002234018
358
002234186

002236228
359
002236396

002238939


360
002239107

002240649


361
002240817

002244278
362
002244446

002247323
363
002247491

002250326
364
002250577

002255289
365
002255916

002258209
366
002258835

002301962
367
002302130

002305716
368
002305884

002307802


369
002307969

002310179


370
002310347

002314683
371
002315268

002317770
372
002317938

002321273
373
002322734

002325569
374
002325737

002327321
375
002331451

002333494
376
002333662

002335871
377
002341586

002346257
378
002346425

002349051
379
002350804

002356809


380
002356977

002401605


381
002401815

002405401
382
002405569

002407278


383
002409281

002411240


384
002411408

002415661
385
002415829

002419331
386
002419499

002421959
387
002422127

002424837
2300
388
002425005

002426338
389
002428383

002429925
390
002439728

002443856


391
002446359

002449487
392
002449654

002452740
393
002452908

002455075
394
002459664

002502333


395
002502501

002505461
396
002509257

002512134
397
002512302

002513636
398
002513803

002516639
399
002520185

002523020


400
002603478

002605312
401
002605814

002608023


402
002613238

002616156
403
002616324

002618200
404
002619744

002622746
405
002623540

002626834
406
002629379

002631505
407
002632966

002635175
408
002635343

002637595
409
002637762

002641515
410
002641683

002643851
411
002648189

002649857
412
002651693

002655779
413
002655989

002658866
414
002659034

002702494
415
002704414

002706790
416
002707000

002710919
417
002711254

002713589
418
002722724

002725142
419
002725310

002728395
420
002728563

002731023
421
002733610

002736570
422
002736738

002739573
423
002739741

002743243
424
002746164

002748749
425
002748917

002750334
426
002751920

002753837
427
002755548

002757549
428
002757801

002759343


429
002759552

002802805
430
002804599

002807101
431
002807268

002810020
432
002810188

002811814
433
002812857

002814316
434
002814484

002818612
435
002818780

002820614
436
002822200

002824785
437
002824953

002827996
438
002834879

002836839
439
002840885

002843887
440
002852313

002854481


441
002854649

002856817
442
002856985

002900028
443
002900905

002902906
2300
444
002903074

002906827
445
002906995

002909204


446
002909372

002911832
447
002912000

002915335
448
002916880

002918797
449
002920717

002922718