1
000002168

000005170
2
000005380

000007923
3
000008967

000012052


4
000012220

000015014


5
000015181

000017349
6
000017976

000021145


7
000021312

000024231
8
000024399

000026191


9
000029529

000031196
10
000031364

000034867
11
000035035

000039329
12
000040540

000044334
13
000044502

000045794
14
000047213

000050007


15
000139099

000142017


16
000142185

000143560
17
000143770

000147689
18
000148024

000151276
19
000151444

000153654
20
000154447

000156698
21
000156866

000201036
22
000202372

000204248
23
000204415

000206041
24
000206209

000208168
25
000208336

000211130
26
000211297

000215259
27
000215426

000218053
28
000218221

000219805
29
000220140

000223058


30
000225645

000227563


31
000227730

000230482
32
000230650

000232192
33
000232360

000235487


34
000235655

000240200
35
000240368

000242452
36
000243538

000247541

37
000248042

000250210


38
000250378

000252337
39
000252505

000254798


40
000257844

000302973
41
000305059

000307769
42
000307937

000309688
43
000309939

000313525
44
000315028

000318155
45
000318323

000320115
46
000320283

000322534
47
000322702

000324995
48
000325163

000327956
49
000328166

000330500
50
50
000330752

000333837
51
000334047

000336048

52
000336216

000339092
53
000339344

000342679
54
000343848

000346767
55
000347018

000349728
56
000355026

000357027
57
000402784

000405285
58
000405453

000407746
59
000410416

000412626
60
000414379

000416463


61
000417840

000419675
62
000419842

000420968
63
000421970

000423887


64
000424055

000426848
8
65
000427058

000429309
66
000429560

000431770
67
000432313

000434523
68
000434691

000435857
69
000436025

000437359
70
000437902

000440445
71
000442198

000443282
72
000445368

000448245
73
000448413

000449788
74
000449956

000453542
75
000455878

000458588

76
000458756

000501425
77
000501926

000503093
78
000503344

000506847
79
000508599

000509766
80
000510018

000512477
81
000514230

000516023
82
000521863

000523030


83
000523197

000524740
84
000524907

000527617
85
000527869

000530704
86
000530913

000532080
87
000532582

000533957
88
000534334

000535375
89
000540506

000541548
90
000541716

000544509
91
000544719

000547554
92
000547805

000551266
93
000552685

000554061
94
000554270

000557064
95
000557273

000559941


96
000603112

000604404
97
000605615

000606907
98
000607158

000609576
99
000610036

000611953
100
000612163

000613705
101
000618044

000619586
102
000620296

000622255
103
000622465

000624132

104
000626677

000627886
105
000628513

000630597
106
000633101

000635727
107
000635937

000640065
108
000641567

000643860

42
42

109
000644028

000645904
110
000646072

000648949

111
000649117

000651618


112
000651786

000654037


113
000655706

000659000
114
000659669

000701169
115
000702463

000705340
116
000705591

000707384
117
000707593

000711054

118
000711305

000714307
119
000714517

000716435

120
000718062

000721523
121
000724026

000728029
122
000728239

000729531
123
000729699

000734077
124
000737039

000738415
125
000738624

000742043
126
000742295

000745964
127
000747467

000749509
128
000749719

000750969
129
000752763

000755724
130
000755933

000757684
131
000757852

000800854
132
000801063

000804524
133
000806068

000809488
134
000809655

000811740
135
000812033

000813700
136
000813951

000816870
137
000817038

000820373
138
000821584

000823793
139
000826756

000829132
140
000829842

000830884
141
000837141

000839226
142
000839477

000842395
143
000842772

000845148

144
000845316

000848109
145
000848361

000850028


146
000850279

000852113
147
000852323

000856576
148
000858788

000903041


149
000903209

000905460
150
000905670

000907754
151
000908923

000911258
152
000911467

000915637
30
153
000915888

000917806
154
000918516

000920809


155
000920977

000923311
156
000923479

000926022
157
000926232

000927983
158
000928192

000930026
159
000931279

000934990
160
000936450

000939494
161
000944292

000946710
162
000946961

000948670
163
000948879

000951506
164
000952883

000954050
165
000954218

000958597
166
000959181

001001516
167
001002018

001003768
168
001005271

001009024
169
001009191

001010859


170
001011027

001013153
171
001013321

001016531
172
001017867

001021953
173
001022163

001025790
174
001026000

001028043


175
001028294

001031296
176
001031631

001035216
177
001039305

001044059
178
001045269

001047437
179
001047605

001050899
180
001051067

001054194
181
001054362

001056738
182
001056906

001059366


183
001059533

001101159
184
001102203

001104496
185
001104664

001106414
186
001107166

001111169
187
001111420

001113338
188
001113756

001115382
189
001115633

001117425
190
001120846

001123056
191
001123557

001125058
192
001128646

001131648
193
001131857

001134317
194
001136404

001137737
195
001147581

001150709
196
001150876

001153962


197
001154213

001156881
198
001158342

001159426
199
001159593

001201344
200
001201512

001202679
201
001206016

001207892
202
001208310

001209394
203
001209562

001210603
204
001211480

001212647
205
001212857

001215483
206
001215693

001216735
207
001217236

001219362


208
001219572

001222490
209
001223200

001227495
210
001228414

001230123
211
001230374

001234169
212
001234378

001236337
213
001236964

001238757
214
001243721

001245430
215
001247892

001249184
216
001250060

001251853
217
001252772

001254856
218
001255733

001257358
219
001301530

001302989
220
001303157

001304699
221
001304867

001309078
222
001309330

001312373
223
001312625

001314918
224
001315085

001318588
225
001318756

001321424

226
001321592

001324010
227
001324178

001327263
228
001327431

001328681
229
001332019

001333686
230
001333938

001336815
231
001337066

001340985
232
001341237

001342821
233
001343197

001344447
234
001346492

001347951
235
001348202

001350954
236
001351121

001353289
237
001353916

001357210


238
001359463

001402423
239
001402675

001407011
240
001407221

001408680
241
001408931

001411015
242
001411267

001413935
243
001415563

001417522


244
001422278

001424904


245
001425155

001426656
246
001426907

001427991


247
001428242

001429576
248
001429785

001430994


249
001431203

001432912


250
001433122

001435206


251
001435374

001437792
252
001438252

001440336


253
001444216

001445258
254
001445843

001448219


255
001448387

001452473
256
001456103

001457395
257
001508073

001509908


258
001510576

001513953


259
001520252

001524464
260
001526884

001528718


261
001531555

001534599
262
001536560

001538686


263
001542232

001544067


264
001544234

001545652
265
001547029

001550865
266
001551450

001553242


267
001553410

001555078
268
001555287

001557956
269
001558165

001602460
270
001612221

001613846
271
001618477

001620687


272
001621271

001623022
273
001623273

001624857


274
001625025

001628319


275
001630781

001633157
276
001633325

001636202
277
001636453

001639330
278
001639540

001643710
279
001643877

001645712


280
001654430

001656806


281
001657057

001700309
282
001702646

001706566
283
001710362

001712155
284
001712364

001715533
285
001715701

001716826
286
001716994

001720872
287
001721123

001722915
288
001726336

001729005
289
001729256

001731591
290
001733719

001735136
291
001735387

001736512
292
001736722

001739057
293
001739224

001741100


294
001741310

001743603
295
001744813

001747231
296
001750444

001751694
297
001752321

001754739
298
001754948

001756991
299
001757701

001759243
300
001759953

001801245
301
001801497

001804165


302
001804333

001807668


303
001807836

001809504
304
001809671

001812381

305
001813217

001814884
306
001815677

001817386
307
001819848

001823226
308
001823393

001826479
309
001828732

001831234
310
001831401

001834070


311
001835489

001838074

312
001842704

001845039


313
001847459

001849168
314
001851463

001853756
315
001853966

001855424
316
001855634

001857426
317
001857594

001901889
318
001906061

001907562
319
001909690

001913151
320
001913819

001917155


321
001917364

001921117
322
001922578

001925329
323
001925497

001931002
324
001931253

001934839
325
001936592

001938885
326
001940846

001942555
327
001942764

001946184
328
001946393

001949562
329
001949771

001952398
330
001953901

001956986
331
001958405

002002074
332
002003452

002005119
333
002006580

002008497
334
002009082

002010750
335
002012044

002015338
336
002015589

002017715
337
002017966

002020301
338
002020510

002022261
339
002022638

002024222
340
002024431

002027642
341
002027893

002030186
342
002031730

002036108
343
002036318

002037860
344
002038070

002041364
345
002041573

002044200
346
002045494

002047161
347
002051500

002053000
348
002054378

002056254
349
002057881

002059298
350
002100968

002102593
351
002102761

002104220
352
002111645

002113813
353
002114564

002117858
354
002118026

002119193
355
002119361

002122780
356
002123532

002124865
357
002125075

002127618
358
002136795

002139547
359
002140841

002143301
360
002145178

002146846
361
002151018

002152893
362
002153812

002156230
363
002212331

002214206


364
002218628

002219670
365
002219963

002221714


366
002221882

002225217


367
002226261

002228763

