1
000006089

000007131
2
000007298

000008632


3
000008800

000011468
4
000011678

000015347


5
000017058

000020060


6
000020270

000021520
7
000022897

000026233
8
000026443

000028402
9
000028611

000031113
10
000031322

000034783

11
000035869

000038454


12
000038663

000040456
13
000040665

000043417
14
000043626

000048047
15
000048298

000051258
16
000051509

000054511
17
000055055

000057306
18
000058767

000100559
19
000101728

000103896


20
000104105

000106482
21
000106983

000109818
22
000110445

000114615
23
000115408

000117034
24
000117368

000120245
25
000205208

000207042
26
000207252

000209336
27
000209796

000210838
28
000212382

000214466
29
000214676

000217636
30
000219055

000221265


31
000221474

000224643
32
000224853

000228188
33
000228439

000232442
34
000233111

000235654
35
000235822

000237990
36
000238199

000240576
37
000243204

000245414
38
000245623

000248959


39
000249169

000252171
40
000252380

000254131
41
000255633

000256800
42
000257010

000258844
43
000259012

000301054
44
000301264

000303056
45
000306477

000309730
46
000310732

000312649
47
000312859

000314526
48
000315570

000318655
49
000318865

000320699
50
000322577

000323660
51
000323870

000326455
52
000326664

000329291


53
000336257

000339635
54
000339844

000342888

4

55
000343598

000344640
56
000349187

000350229
57
000350438

000353565
58
000401241

000404743


59
000406746

000408747
60
000409249

000412042


61
000412252

000415921
62
000416130

000420008
63
000426849

000430852


64
000431521

000433355
65
000439195

000442281
66
000442448

000444074
67
000446703

000447744
68
000449956

000450998
69
000451207

000454334


70
000454544

000457796
71
000458006

000500132
72
000500800

000502968
73
000503219

000506221


74
000506431

000511393
75
000512312

000514479
76
000514689

000516273
77
000516482

000518066
78
000522238

000524406
79
000524615

000526408


80
000526576

000529036
81
000529287

000531455
82
000531664

000535375
83
000539213

000542049
84
000542342

000544176


85
000544427

000546678


86
000546929

000549181


87
000549349

000550807
88
000551476

000553643


89
000554312

000556104
90
000556314

000558148
91
000558358

000600525
92
000600985

000602903
93
000603196

000606198
94
000606824

000608325
95
000610620

000612788
96
000614999

000616249
97
000620922

000622047
98
000622840

000626927
99
000628471

000630263
100
000631557

000633809
101
000634894

000637562
102
000639899

000641191


103
000641401

000643902


104
000645446

000648573
105
000648783

000650659
106
000650993

000653829
107
000655415

000656957
108
000657208

000659376
109
000659627

000703839
110
000704340

000707592
111
000709720

000712722
112
000712932

000715308
113
000715560

000717394


114
000717562

000720480
115
000722608

000725527
116
000737915

000740250
117
000740460

000742836
118
000743087

000745088
119
000748509

000752387
120
000752597

000754431
121
000754640

000757017
122
000757685

000802063


123
000802273

000806610
124
000807570

000809779
125
000809989

000811114
126
000811324

000813241
127
000813409

000816995
128
000818289

000822876
129
000823461

000827547
130
000827757

000830967
131
000840269

000843188
132
000843397

000845690
133
000845900

000847400
134
000847652

000849986
135
000851239

000854491
136
000854867

000857285
137
000858454

000859871
138
000900081

000902666
139
000902875

000905961
140
000906212

000908964
141
000909840

000913760
142
000915012

000917222


143
000917473

000921268


144
000921978

000927065
145
000928859

000930277
146
000932154

000933613
147
000933948

000935448
148
000949922

000951381
149
000959557

001002350
150
001002560

001005937
151
001006856

001008940
152
001009734

001011109
153
001012778

001015488
154
001017283

001021119
155
001021329

001025040
156
001025291

001026791
157
001028628

001030712
158
001030921

001032881
159
001033090

001035717
160
001036135

001037886
161
001039680

001042098


162
001043684

001047062
163
001052943

001057322
164
001057782

001100825
165
001101035

001104037
166
001104246

001107123


167
001107333

001110377
168
001110586

001114005
169
001114256

001119219
170
001119804

001123765


171
001123974

001128019
172
001128229

001130438
173
001130648

001133900


174
001134151

001136319
175
001137154

001139155


176
001139365

001141783
177
001141992

001144994
178
001145913

001147247
179
001148082

001149499
180
001150793

001151835
181
001152211

001155463
182
001155673

001159759
183
001209437

001212689
184
001212898

001214649
185
001214859

001216776
186
001216986

001219904
187
001220156

001223283
188
001223492

001226911
189
001227830

001232000
190
001232209

001235128
191
001236130

001240508


192
001240718

001245180
193
001245389

001248057
194
001248350

001250769
195
001251187

001253521
196
001253731

001257400
197
001258569

001301821
198
001302072

001305867
199
001307244

001308745
200
001308954

001310246


201
001310456

001311706
202
001313542

001315376


203
001318464

001321216


204
001321425

001323426
205
001323636

001326805
206
001327014

001329307


207
001330476

001331518
208
001331685

001333520
209
001335272

001336564
210
001336774

001341444


211
001346033

001348535
212
001349703

001351037
213
001358337

001359379
214
001359588

001403967
215
001404176

001407512
216
001407972

001411057


217
001411267

001413768
218
001414603

001418690
219
001429201

001431035
220
001433664

001437500
221
001437710

001439752
222
001441714

001443506
223
001445259

001447385
224
001447636

001449971
225
001450180

001452765
226
001453517

001456769
227
001503193

001504485


228
001507573

001509449
229
001510951

001511993
230
001512202

001515330
231
001515539

001517707

232
001517875

001521127
233
001522046

001525423
234
001525633

001527425
235
001527676

001530553
236
001530804

001533890
237
001534141

001536392
238
001536644

001540688
239
001542691

001543983
240
001544860

001546569
241
001550616

001555119
242
001555621

001556996
243
001559583

001601626
244
001601835

001603086
245
001606006

001607840
246
001611428

001614013
247
001614181

001618685
10
248
001618894

001622939
249
001623148

001626401


250
001626819

001630571
251
001632116

001634200
252
001634410

001635785


253
001637496

001639706
254
001639915

001643251
255
001643460

001645294
256
001645546

001647130
257
001647923

001650591
258
001651051

001652260
259
001653012

001657849
260
001658517

001702145
261
001704148

001706858
262
001707109

001710445
263
001712197

001714365
264
001715909

001719996
265
001721749

001725334
266
001726503

001729005
267
001729214

001731924
268
001732134

001734677
269
001736555

001738139


270
001738849

001741100
271
001741268

001742560


272
001742811

001744812
273
001746106

001748983
274
001750527

001751569
275
001751779

001754238
276
001754490

001756991
277
001758452

001800661
278
001801288

001803998
279
001804208

001807543
280
001808962

001811464
281
001811673

001815259
282
001817888

001819514
283
001821517

001824227
284
001826814

001830566
285
001838617

001841202
286
001841411

001844288


287
001844540

001847750
288
001849962

001851921
289
001854007

001855925


290
001856218

001858010
291
001858637

001900513
292
001905227

001906269
293
001906979

001910857
294
001911233

001913025
295
001914153

001916070
296
001927958

001929167
297
001929376

001932753
298
001932963

001935339
299
001936884

001937925
300
001938844

001941012


301
001942723

001944307
302
001944933

001946601
303
001946894

001950354
304
001953859

001955234
305
001956445

002000656
15
306
002002201

002006829
307
002007039

002009165
308
002009374

002012501
309
002012711

002016172
310
002016381

002019842
311
002020052

002021510
312
002022221

002024096
313
002025390

002027725
314
002028477

002030853
315
002032022

002033773
316
002034483

002036525
317
002036735

002038778
318
002038987

002042740
319
002049581

002052124


320
002054169

002055294
321
002055963

002101384
322
002102386

002103761
323
002103971

002106597
324
002106807

002109892
325
002110102

002114021
326
002124783

002127910
327
002128120

002131247
328
002131456

002133791
329
002134001

002137837
330
002138046

002141924