1
000004838

000007172
2
000007382

000010092
7
3
000010260

000011677


4
000011845

000014805
5
000015056

000018851
6
000019060

000020519


7
000021021

000025399
8
000027068

000030404
9
000030613

000033532
10
000035493

000037077
11
000038079

000041915
1700
12
000042167

000043917
13
000046129

000049757


14
000050967

000053510


15
000055263

000057514
16
000057724

000102895
17
000103188

000105481


18
000105690

000108317
19
000153613

000155572
20
000155824

000159076
21
000159327

000202579
22
000205959

000207835
23
000209254

000211630
24
000212549

000215092
25
000216553

000218887
26
000219889

000223433


27
000223643

000226395
28
000226604

000228772


29
000232610

000233652


30
000233903

000235571


31
000236156

000239867
32
000241077

000242119
33
000242370

000244872
34
000245081

000247583
35
000247792

000252379
36
000255258

000257926
37
000259429

000300888
38
000301890

000303765
39
000309772

000312983
40
000313193

000314443
41
000322619

000324661
42
000327457

000329499


43
000329709

000334463
44
000335548

000338550
45
000338801

000342304
46
000342680

000344139
47
000344724

000346141
48
000354150

000357444


49
000400156

000402491
50
000402742

000407037
51
000409832

000412668
52
000412877

000416546
53
000417340

000420842
54
000422011

000423095
55
000425598

000429768
56
000430019

000432521
57
000432730

000435857
58
000438194

000441196
59
000441406

000443573
60
000445243

000446493
61
000446703

000448036
62
000458881

000502092
63
000510018

000511727
64
000540923

000542007
65
000545762

000548597
66
000548806

000550432
67
000551809

000552976
68
000554395

000557189
69
000557440

000559066
70
000601944

000604154
71
000604447

000608825
72
000608993

000610994
73
000611829

000615290
74
000615458

000619503
75
000621214

000622381
76
000623800

000626593
77
000628388

000630472
78
000633476

000635727
79
000636312

000639898
80
000649659

000651493
81
000654997

000659501
82
000659669

000701044
83
000702755

000705257
84
000705508

000707843
85
000708052

000710178
86
000711264

000714182
87
000714350

000716852
88
000717061

000719855
89
000720022

000722524
90
000722859

000724568


91
000724902

000728280
92
000728531

000730407
93
000735371

000736746
94
000738666

000741585
95
000741794

000745881
96
000748050

000749217
97
000755975

000758810
98
000759061

000800729


99
000802273

000805609
100
000806777

000810322


101
000810490

000813074
102
000813242

000814242
103
000814410

000818246
104
000818414

000819581
105
000819749

000822834
106
000824670

000826838
107
000827089

000829633
108
000829842

000831843
109
000832094

000835138
110
000835348

000839226
111
000839435

000843939
112
000844440

000846274
113
000846442

000851154
114
000851364

000855450
115
000855618

000900330
116
000901374

000903458


117
000903626

000906836
118
000907046

000910840
119
000911133

000913301
120
000914512

000918557
121
000926691

000929568
122
000930653

000932320
123
000933364

000936866
124
000937159

000940495
125
000940705

000944374
126
000945001

000950422
127
000951674

000954175
128
000956178

001001057
129
001001684

001004686


130
001004854

001007522
131
001007732

001011901
132
001014447

001017365
133
001017533

001021077
134
001024206

001027709
135
001027918

001031254


136
001035092

001038428


137
001038638

001041931


138
001042224

001043266
139
001043476

001047604
140
001047855

001052442
141
001052652

001054569
142
001059867

001102577
143
001102912

001106748
144
001107416

001110710
145
001113005

001114255
146
001123099

001124933
147
001129105

001132607
148
001136612

001139114
149
001142284

001143993
150
001144203

001148665
151
001154213

001155714
152
001155965

001158800
153
001159009

001201636
154
001201804

001204973
155
001205182

001209144
156
001209645

001212105
157
001212815

001214983
158
001215151

001216317
159
001217319

001220155
160
001221031

001224242
161
001224493

001227704
162
001229540

001233334
163
001233544

001237714
164
001237923

001241384
165
001243429

001244512
166
001245222

001247724
167
001249685

001252562
168
001259487

001300862
169
001302114

001303531
170
001307119

001308745
171
001309205

001312999
172
001313209

001316044


173
001316253

001318713
174
001319882

001323218
175
001324178

001326054


176
001339235

001340902
177
001345241

001346574
178
001351288

001352956
179
001353415

001355208
180
001356252

001359254
181
001403425

001404717
182
001404927

001406761
183
001408055

001409430
184
001411934

001415603
185
001420109

001423820
186
001424071

001427615
187
001429785

001433955
188
001434123

001436791
189
001437001

001438293
190
001438460

001440837
191
001441088

001442964


192
001443132

001444299
193
001450973

001453850
194
001500941

001505153
195
001505362

001506613
196
001511452

001514162
197
001514622

001516831
198
001518000

001521836
199
001523797

001527258
200
001528010

001530553
201
001531847

001535016
202
001535267

001537477
203
001539146

001542023
204
001544860

001546861


205
001547029

001550657
206
001550866

001555370
207
001556789

001559374
208
001559667

001601668


209
001601877

001603920


210
001605047

001608716
211
001609802

001613096
212
001615057

001619394
213
001619603

001621229
214
001624566

001627735
215
001628570

001630238
216
001630406

001632240


217
001632449

001635243
218
001635452

001637954


219
001640082

001641916
220
001642626

001643918
221
001651260

001655263
222
001701562

001703146
223
001704440

001706065
224
001715075

001716492
225
001717953

001720163
226
001720622

001721664
227
001723125

001724959
228
001727379

001728963
229
001729173

001732467


230
001732634

001733801


231
001734011

001736095
232
001736263

001738973
233
001739183

001741976
234
001746482

001748775
235
001801830

001805583
236
001805793

001807585
237
001809922

001811756
238
001816929

001820723
239
001820933

001822850
240
001823185

001824936


241
001825104

001826104
242
001826271

001829232
243
001829483

001832401
244
001833403

001835113
245
001835322

001838783
246
001839910

001842912
247
001843122

001847208
248
001847417

001849001
249
001849211

001852839
250
001853048

001855925
251
001856176

001858177
252
001858428

001859971
253
001902391

001904976
254
001905227

001908396
255
001921034

001922994
256
001927040

001929667


257
001929877

001932712
258
001935757

001937675


259
001937885

001941304
260
001941513

001945016
261
001945225

001946976
262
001948312

001950688


263
001951440

001954400


264
001957613

002000364
265
002001533

002006495
266
002014087

002016339
267
002016548

002019425
268
002020052

002023888


269
002029144

002030686


270
002032439

002036067
271
002036276

002039862
272
002041323

002044992


273
002045202

002046953
274
002054962

002059715
275
002101843

002102843
276
002104304

002107807
277
002108058

002111560
278
002117359

002119777
279
002119987

002121195
280
002125325

002126492
281
002126702

002130830
282
002131290

002133332
283
002134376

002138546
284
002139256

002140840
285
002141341

002142758
286
002142968

002146429