1
000002293

000003544
2
000003712

000005796


3
000006006

000007798
4
000007966

000010217


5
000011302

000014054


6
000014264

000017099
7
000017475

000019059
8
000019227

000021979
9
000022147

000023689
10
000024733

000029695
11
000030405

000031530
12
000031740

000033323


13
000033491

000035784
14
000035952

000037953
15
000038121

000039621
16
000044878

000046712
17
000046880

000048380
18
000048548

000050632
19
000050800

000055679
20
000056556

000058640
21
000058808

000103020
22
000103229

000105439
23
000105607

000107441
24
000107609

000109693
25
000109861

000113280
26
000113948

000116784
27
000116951

000120579
28
000120747

000122915
29
000123083

000125125
30
000125293

000128837
31
000129005

000133717
32
000133885

000136637
33
000136805

000141391
34
000142769

000144144
35
000144312

000147439
36
000238783

000240409
37
000240618

000243036
38
000243204

000244621
39
000244789

000246999
40
000247167

000249293
41
000249711

000252546
42
000252714

000253755
43
000253923

000254965
44
000255133

000257301
45
000257468

000300053
46
000300221

000301430
47
000301598

000303515
48
000303683

000305225
49
000305393

000307352
50
000307520

000309396


51
000309564

000311315
52
000311482

000315152
53
000316321

000318030


54
000318198

000320991


55
000322493

000323785
56
000323953

000326246
57
000326414

000328957
58
000329125

000331960
59
000332128

000335172
60
000335673

000336757
61
000336925

000339092
62
000342472

000344014
63
000344474

000348018


64
000352106

000353232
65
000353399

000355192
66
000356986

000400072
67
000401115

000403700
68
000403868

000406245
69
000407622

000408914
70
000409082

000410457
71
000410667

000412542
72
000412710

000416255
73
000416839

000418966
74
000420134

000422344
75
000423638

000424972
76
000425139

000426181
77
000426349

000429142
78
000429310

000431895
79
000432063

000436108
80
000436276

000439027
81
000439195

000441446
82
000441614

000444533
83
000444701

000446243
84
000446411

000449079
85
000449247

000452291
86
000452458

000454668
87
000454836

000457129
88
000457297

000459840
89
000501217

000504094
90
000508683

000510142
91
000514647

000516064
92
000516232

000518150


93
000518318

000519484
94
000519652

000521695
95
000521863

000524239

30

96
000524407

000526908
97
000527076

000528618
98
000528786

000532831
$2700
99
000533541

000536835
100
000537003

000539504
101
000539672

000541590
102
000543301

000544760
103
000544927

000547387
104
000550224

000554644
105
000556814

000559733
106
000559901

000604029
20
107
000607992

000611578
108
000611746

000614956
109
000616501

000619669
110
000619837

000622631
111
000623508

000627427
112
000628388

000631598
113
000632642

000635936
114
000636771

000639272
115
000642276

000645070


116
000645321

000647572
117
000647740

000650450
118
000650618

000652619
119
000653371

000655163


120
000655373

000656790
121
000657792

000701294
122
000703673

000705715
123
000706008

000707843
124
000708010

000712180
125
000715226

000716435
126
000716602

000721565
127
000721732

000722774
128
000722942

000725360
129
000730575

000732617
130
000735746

000737706
131
000737874

000739374
132
000739542

000743336
133
000743921

000748133


134
000748342

000750594
135
000750761

000754723
136
000758311

000759644
137
000759812

000801938
138
000802648

000804149
139
000804317

000806943
140
000807111

000810238
141
000810490

000811740
142
000811908

000816953
143
000817121

000819998
144
000821042

000822334
145
000822502

000825462
146
000826422

000829341
147
000833012

000837098
148
000837266

000839518
149
000842230

000843688
150
000843856

000846608
151
000847276

000851196
152
000857745

000859496
153
000900414

000902249
154
000902416

000904751
155
000907547

000908588
156
000908756

000911091
157
000911259

000914386
158
000916514

000919224
159
000920268

000922018
160
000922186

000924771
161
000926107

000928650
162
000931862

000933947
163
000934574

000936616
164
000937785

000940745
165
000941289

000942622
166
000942790

000945417
167
000945585

000947335
168
000948713

000949754
169
000949922

000953842
170
000954010

000957137
171
000957305

001001224
172
001005062

001007772
173
001007940

001010525
174
001010693

001013987
175
001014155

001017532
176
001017700

001022162
177
001027126

001031046
178
001032548

001035091


179
001035259

001039596
180
001042558

001045435
181
001045603

001048021
182
001048272

001050357
183
001050524

001053860
30yearold
184
001059492

001100867
185
001101035

001102118
186
001102787

001103870
187
001104038

001106122
188
001106290

001108958


189
001110294

001112420
190
001120554

001124057
191
001124600

001125934
192
001126102

001128186
193
001128354

001129979
194
001130481

001131523
195
001131691

001133108


196
001133275

001134859
197
001135027

001136152
198
001137655

001139239
199
001140366

001141491
200
001141659

001143368
201
001144203

001147372


202
001149750

001151376
203
001151752

001153420
204
001210938

001213440


205
001213607

001215900
206
001216068

001219154
207
001219321

001221406
208
001223075

001225285
209
001225453

001229789
210
001242678

001245388


211
001245556

001246598
212
001246766

001251352
213
001251520

001252812
214
001252980

001256441
215
001257401

001301237
216
001301405

001303156
217
001303699

001307535
218
001307703

001308828
219
001308996

001310705
220
001311415

001314209
221
001314376

001316377
222
001316545

001318505
223
001318672

001322008
224
001322176

001323384
225
001323552

001325887
226
001329475

001331142
227
001331310

001332894
228
001336899

001338608


229
001338776

001339901
230
001340069

001342862
231
001343030

001345073


232
001345241

001346658


233
001346826

001350370
234
001353165

001356334
235
001356502

001400588
236
001400756

001403550

237
001404301

001406052
238
001406220

001411641
239
001413143

001414227
240
001414395

001417981
241
001418148

001420441
242
001420609

001424028
243
001424196

001427657


244
001427825

001430869
245
001431328

001433830
246
001433998

001435999
247
001438794

001442046
248
001452016

001454893
249
001455060

001457520
250
001457688

001459856
251
001500524

001503192
252
001503360

001506195


253
001508532

001509908
254
001510075

001512035
255
001512202

001515246
256
001515414

001517415
257
001517583

001520251
258
001520920

001522837
259
001523839

001526090
260
001527301

001528551


261
001531138

001532180
262
001532932

001536559
263
001536727

001537936
264
001538103

001539395
265
001543442

001544484
266
001544652

001546819
267
001547571

001550031
268
001550199

001551574


269
001551742

001553368
270
001554453

001557372


271
001557539

001558665
272
001558832

001600124


273
001602920

001606089
274
001606256

001608341
275
001608509

001611386
276
001613222

001616474


277
001616642

001620144
278
001621063

001622438
279
001622606

001624899
280
001625067

001626859
281
001627361

001629404
282
001629571

001631864
283
001632032

001633241
284
001633409

001634534
285
001634702

001635743
286
001635911

001637078
287
001637287

001639163
288
001640082

001643292
289
001646714

001648214
290
001648382

001651342
291
001653220

001655304
292
001656348

001657515
293
001657683

001701019
294
001701186

001704939
295
001741143

001743227
296
001745731

001747815
297
001747983

001749817


298
001750652

001752278
299
001752446

001754614
300
001758535

001801079
301
001803499

001806125
302
001837616

001839033
303
001839201

001841619
304
001841787

001846249
305
001846416

001849502
306
001849837

001851879
307
001852965

001854006
308
001854174

001855508
309
001855676

001857552
310
001857719

001859762
311
001859930

001902181


312
001902349

001903933
313
001904101

001906811
314
001906979

001908437
315
001908605

001910857
316
001912776

001914777
317
001916780

001918781
318
001918949

001920324
319
001924913

001926497
320
001926665

001928749
321
001928917

001931419
322
001938635

001942305


323
001942472

001944765


324
001945017

001947393
325
001947895

001950354
326
001952482

001953608
327
002019218

002021260
328
002021511

002023554
329
002023722

002026766
330
002028352

002029936
331
002030103

002031437
332
002031605

002033814
333
002033982

002036484


334
002036652

002038945


335
002039112

002042114
336
002042282

002044408
337
002044576

002048579
338
002048747

002050790
339
002051416

002052500
340
002054211

002055670
341
002055837

002058839
342
002059007

002100508
343
002100676

002102426
344
002106390

002107974
345
002113313

002115773
346
002120404

002121696
347
002122614

002124573