1
000002836

000006005
2
000006172

000008799
3
000009300

000011802
4
000012345

000015639


5
000016099

000019810
6
000021312

000024440
7
000024607

000026942
8
000027110

000028986
9
000029154

000030195


10
000035035

000036702
11
000036870

000040122
12
000040290

000044960
13
000048965

000050591
14
000052052

000054595
15
000054763

000057139
16
000057307

000059641
17
000101561

000103645
18
000103813

000107357
19
000108359

000110944
20
000113740

000115991
21
000118161

000120037


22
000120205

000124166


23
000125293

000127669
24
000127879

000129421
25
000129589

000133425
26
000133635

000134843
27
000136846

000139765
28
000139933

000141350
29
000141518

000144269
30
000144437

000146647
31
000146856

000149691
32
000149859

000151777
33
000151945

000154822
34
000155448

000156698
35
000156866

000159910
36
000200578

000202871
37
000256342

000259178


38
000301347

000305976
39
000306144

000308020
40
000308188

000311148
41
000311316

000314067
42
000314235

000316195
43
000317906

000320991
44
000322577

000324620
45
000324829

000327497
46
000329083

000332794


47
000332962

000335297
48
000336257

000338050
49
000341971

000345182


50
000345975

000350062
51
000350271

000352356


52
000352523

000353815
53
000359197

000402866
54
000403826

000406286
55
000406496

000408372
56
000409540

000411291
57
000412418

000415087
58
000418508

000420759
59
000425723

000427641
60
000427809

000430352
61
000430853

000432688
62
000433898

000435983


63
000436150

000438735


64
000439320

000441321
65
000443449

000445993
66
000446911

000449538


67
000450915

000455335


68
000455503

000457546
69
000458840

000501717
70
000503261

000507014
71
000507181

000509433
72
000514731

000516273


73
000516441

000518650
74
000519193

000522696


75
000522864

000526241
76
000526409

000530287


77
000531748

000533165
78
000533333

000538545
79
000538713

000541089
80
000543134

000545594
81
000545762

000548221
82
000548389

000550807
83
000550975

000552351
84
000552518

000556021
85
000556189

000559691
86
000602153

000603612
87
000603821

000606323
88
000606491

000608075
89
000608242

000611036
90
000613414

000617000


91
000617168

000618543
92
000618711

000620504
93
000620671

000622839
94
000623007

000625675


95
000627512

000630222
96
000632350

000635811


5th
97
000635978

000638980
98
000639190

000642275


99
000644112

000646321
100
000646531

000649783


101
000651327

000654704


102
000656707

000659501
103
000701671

000704381
104
000704549

000707092
105
000707301

000708552
106
000708886

000710554
107
000711305

000713348
108
000713516

000715100
109
000715268

000718270
110
000718438

000720814


111
000721149

000724526
112
000726529

000729197
113
000729699

000731992
114
000732201

000735954
115
000736122

000740292
116
000740460

000745380
117
000745548

000748383
118
000750052

000751303
119
000751471

000753722


120
000753890

000756766
121
000756934

000758518
122
000800104

000802189
123
000810907

000813909
124
000814243

000817245
125
000817705

000819748
126
000819916

000824336
127
000826172

000828507
128
000832762

000834429
129
000834597

000837933


130
000838100

000839768
131
000841562

000844648


132
000844857

000847400
133
000847610

000849611
134
000849862

000854282
135
000857828

000859663
136
000901791

000905710
137
000905878

000907754
138
000909423

000911091
139
000913302

000917889
140
000918057

000921601


141
000923980

000925230
142
000929235

000932237
143
000932822

000935782
144
000935950

000939369
145
000940997

000943957
146
000944959

000948086
147
000948796

000950797
148
000951007

000955260
149
000956137

000957887
150
000959682

001001349
151
001001851

001005520
152
001006022

001008898
153
001009066

001014029
154
001014196

001017490
155
001019160

001022537
156
001024165

001026875
157
001027043

001029210


158
001029378

001032339
159
001037011

001040430
160
001040598

001043350
161
001043517

001045477
162
001050566

001052984


163
001053152

001056404


164
001056572

001059658
165
001102203

001103995
166
001104163

001107082


167
001107249

001109042


168
001112463

001115965
169
001118260

001121680
170
001121847

001124265
171
001124725

001126351
172
001126519

001128645


173
001128813

001129854
174
001139281

001140865


175
001141033

001145412
176
001146080

001150125
177
001150292

001152585


178
001152753

001155547
179
001155715

001158091
180
001159719

001202470
181
001202638

001204639
182
001204807

001207434
183
001208728

001211938
184
001213441

001217610
185
001217778

001222240
186
001222408

001224367
187
001225828

001227829
188
001227997

001231082
189
001231250

001233084
190
001233252

001235837
191
001236005

001239299
192
001240301

001242969


193
001243763

001246306
194
001246474

001248141
195
001248309

001250435
196
001255149

001258735
197
001258903

001302697
198
001302865

001305742
199
001305910

001307368
200
001309163

001312749
201
001314919

001317754
202
001321801

001323510


203
001323677

001326346
204
001326514

001328681
205
001328849

001334187
$500
206
001336440

001338900


207
001341278

001342487
208
001342655

001344864


209
001345032

001347784
210
001347952

001350662


211
001350830

001355500
212
001355668

001357710
213
001357920

001400046


214
001400214

001402298
215
001402466

001404884
216
001405052

001406886
217
001407054

001409556
218
001409723

001412559
219
001417523

001420441
220
001421193

001422986
221
001423153

001424571
222
001425030

001428491
223
001428659

001430869
224
001434623

001436583
225
001437001

001439294
226
001439461

001440503
227
001440671

001444799


228
001444967

001449220
229
001451724

001454309
230
001454518

001456769
231
001456937

001500481
232
001501525

001505653
233
001505821

001509407


234
001509575

001513244


235
001513412

001515622
236
001518167

001520668


237
001521086

001524505
238
001525090

001526758
239
001526926

001529135
240
001530304

001531763
241
001532598

001534682
242
001534892

001536267
243
001536435

001541147
244
001541315

001543066
245
001543233

001546361


246
001546528

001549530
247
001549740

001551532
248
001553452

001555828
249
001557039

001559791


250
001600000

001602835
251
001603045

001605546
252
001605714

001607590
253
001607758

001611219


254
001611387

001612553
255
001612721

001615807
256
001615975

001619560


257
001619770

001623064


258
001623273

001625358


259
001626902

001629320
260
001629488

001632699
261
001632866

001634784
262
001634952

001639205
263
001639415

001641958


264
001642167

001645962
265
001646130

001649841
266
001650384

001656180
267
001657766

001700685
268
001700853

001704063
269
001706650

001709318


270
001709486

001711738
271
001718078

001720329
272
001720497

001723833
273
001725878

001727920


274
001728088

001730089
275
001730340

001732050
276
001733761

001737513
277
001738348

001740433


278
001740601

001743102
279
001744188

001745521
280
001745689

001749400
281
001749568

001751402
282
001751612

001753780
283
001753947

001757283
284
001757534

001759202
285
001759369

001802789
286
001802956

001804499
287
001805292

001806834
288
001807002

001811297
289
001811590

001815343
290
001816553

001817595
291
001818847

001821516
292
001821725

001823559
293
001823727

001826437
294
001828107

001829440


295
001829608

001833694
296
001834905

001836823
297
001837032

001840034
8
9
298
001843247

001845706


299
001845874

001851003
300
001851547

001854590


301
001854758

001856300
302
001858011

001901931


303
001902891

001906602
304
001908230

001909856


305
001910566

001912024
306
001913861

001915820
307
001916029

001918865
308
001924288

001926789
309
001926999

001929375
310
001929585

001933254
311
001933630

001935173
312
001936008

001938134
313
001938969

001943347
314
001943724

001946100
315
001947519

001949187


316
001949354

001953274
317
001953483

001956402


318
001958322

001959363
319
001959531

002002200
320
002002367

002005745
321
002005913

002008998
322
002009708

002011792
323
002012002

002015338
324
002016798

002020051


325
002021094

002022803
326
002024640

002025890
327
002037027

002040905


328
002041448

002043616
329
002043784

002046244
330
002046411

002048371
331
002048580

002052166
332
002052376

002054293
333
002054461

002058339


334
002058507

002100299
335
002100676

002106264
336
002107683

002111602
337
002111812

002113062
338
002113230

002116983
339
002117150

002120653


340
002121280

002126033
341
002127119

002130371


342
002131373

002132999
343
002133166

002135960
344
002136128

002139505
345
002139715

002143843


346
002144428

002148139


347
002149725

002152768
348
002204948

002207366


349
002209745

002213998


350
002214166

002216375
351
002216543

002218711
352
002219796

002222423


353
002222591

002224759


354
002225969

002230389
355
002231016

002234727
356
002235437

002238939
357
002241443

002244320
358
002245739

002249575
359
002249743

002253371
360
002253538

002256165
361
002257584

002259960
362
002300253

002303339
363
002309262

002313099
364
002313266

002315184
365
002316895

002319355
366
002320774

002324402
367
002325695

002327947
368
002330909

002332910
369
002333829

002336497
370
002336665

002337998
371
002338583

002342795


372
002343004

002345172
373
002347676

002350302
374
002350470

002353055


375
002353265

002356225
376
002356435

002358060


377
002358228

002400604
378
002400772

002405568
379
002405735

002407820
380
002408029

002411907


381
002412659

002415995
382
002416163

002419248
383
002419416

002422418
384
002422586

002424879
385
002426798

002428090
386
002428633

002430843
15
387
002431052

002433846


388
002435265

002438058
389
002438268

002440227
390
002444649

002447276
391
002447444

002451030
392
002453617

002455618
393
002456161

002458162


394
002458371

002501248
395
002501416

002504752
396
002505795

002507755
397
002507923

002510591
398
002512219

002515721


399
002522270

002525147
400
002525315

002527650
401
002528902

002531862


402
002532030

002533948


403
002534783

002536450
404
002536618

002542248
405
002542707

002544917
406
002545085

002547002
407
002547170

002549880
408
002550048

002552091
409
002557597

002600307
410
002601393

002604895
411
002605063

002607898
412
002608066

002610484


413
002610694

002613195
414
002613363

002617575
415
002621580

002625207


416
002628753

002630838


417
002635343

002637052
418
002642142

002643225


419
002643393

002644810
420
002647397

002650107
421
002651693

002655154
422
002657657

002700075
423
002700243

002701660
424
002703121

002705247
425
002707334

002710377
426
002711421

002713172
427
002719679

002722181


428
002722390

002723557
429
002733068

002735569
430
002741493

002744703
431
002744871

002746997
432
002747165

002751043
433
002752504

002754713
434
002755799

002758759
435
002800303

002802805
436
002804516

002806100