1
000002168

000004503
2
000004879

000007256
3
000007757

000008799
4
000013930

000014930
5
000015181

000016473
6
000018226

000020269
7
000022897

000023939
8
000024149

000025607
9
000026109

000028444


10
000028695

000031822
20
8
11
000032073

000035576
12
000035827

000037995
13
000038496

000039913


14
000042667

000043709
15
000043877

000045794
16
000046046

000047087
17
000048631

000050007
18
000050925

000052051


19
000052302

000057181


20
000058725

000100476
21
000100727

000101769
22
000103146

000104897
23
000105106

000106940
24
000107192

000108567
25
000108818

000111612
6
7
26
000111863

000114239
27
000117035

000118202
28
000119996

000122164
29
000208169

000211046
30
000211297

000212673
31
000214217

000216135


32
000218179

000219221
33
000221057

000223976
34
000224227

000226979
35
000228815

000229857

36
000230024

000231066
37
000231234

000232693
38
000232944

000235070
39
000236698

000240534
40
000240743

000241952
41
000242453

000243579
42
000243913

000246915
43
000249878

000255007
44
000257760

000258802
45
000259220

000300262
46
000300680

000303223


47
000306686

000307936
48
000308104

000309605
49
000310190

000312733
50
000313568

000315903
51
000316112

000317946
52
000318114

000321700
53
000321951

000323243
54
000323786

000327956
55
000328458

000331001
56
000331252

000335797
57
000336049

000338800
58
000339093

000340219
59
000342013

000343055

60
000343264

000345515
61
000346142

000347976
62
000348895

000350771
63
000353274

000355067
64
000355276

000357152


65
000357445

000359238
8
66
000359489

000402324

67
000403076

000405827
68
000406079

000408455
69
000408665

000410666
70
000412252

000416004
71
000416256

000418840
72
000420134

000422344

73
000422762

000426682
74
000430561

000433438
75
000433856

000435190
76
000436442

000439111
77
000439320

000442531


78
000446661

000448161
79
000448371

000450998
80
000451207

000453125
81
000455169

000457671
82
000458131

000459881
83
000500383

000501633
84
000503136

000504177
85
000506556

000509057
86
000512729

000514229
87
000515732

000517357
88
000517608

000520402
89
000520695

000523071
90
000523239

000526074
91
000526326

000528702
92
000528911

000530996
93
000531205

000533332
94
000533583

000536626
95
000536836

000538837
96
000541424

000544343
97
000544552

000546595
98
000547347

000549765
99
000550058

000553101
100
000554395

000557731
101
000557940

000600108
102
000600360

000602736
103
000603196

000604613
104
000605782

000608033


105
000608284

000610118
106
000610370

000612037
107
000612538

000614581
108
000615625

000618960
109
000619796

000622047
110
000623633

000625801
111
000626094

000628303


112
000629680

000630722
113
000632809

000635811


114
000639690

000642067
115
000643319

000644319
116
000644654

000648198
117
000652328

000655914
19
118
000656165

000700335
119
000700753

000701837


120
000702088

000703630
121
000703840

000707426
122
000707635

000709344
123
000711472

000712806
124
000713015

000715016
125
000715268

000716518
126
000716811

000720772
127
000720982

000723191


128
000723443

000727821


129
000728030

000730949


130
000731117

000732159
131
000733619

000736746
132
000736998

000738457
133
000738708

000741877
134
000742128

000743170
135
000744046

000745964
136
000746174

000750552
137
000751304

000755515
138
000755725

000757809
139
000758394

000800896
140
000801147

000803690
141
000803900

000806651
142
000816829

000819539
143
000821876

000823585
144
000824045

000825420
145
000825713

000827672

146
000829550

000831843
147
000834180

000836806
148
000837016

000840268
149
000840520

000842521
150
000842730

000844356
151
000844607

000845941
152
000846234

000847776
153
000849195

000852614


154
000854909

000857869
155
000858579

000900830
156
000904126

000905752
157
000909465

000913134
158
000913386

000915971


159
000916138

000919140
160
000920518

000923812
161
000924480

000928483
162
000929485

000930485
163
000930695

000932404
164
000932655

000936825
165
000937118

000939661


166
000939870

000942497
167
000942707

000945375
12
168
000945668

000948378
169
000948671

000950880
170
000951173

000954509
171
000954760

000959556

172
001002018

001003393
173
001011068

001013695


174
001013946

001016031
175
001016198

001017907
176
001018200

001020785
177
001021871

001023705
178
001023914

001026374
179
001027043

001030670


180
001030880

001034215
181
001034675

001037385
182
001037678

001041431
183
001044060

001046728
184
001046937

001049272
185
001049565

001052901
186
001053110

001055236
187
001055446

001058782
188
001100201

001103203
189
001103412

001104412
190
001105414

001106581
191
001108000

001110794
192
001114465

001116925


193
001117093

001120595


194
001120805

001125642
195
001125935

001128520
196
001129730

001132107
197
001132358

001134109
198
001134360

001137654
199
001139990

001143451
200
001144286

001148456
201
001150793

001153878
202
001154130

001155547
203
001156549

001157799
204
001159635

001201261
205
001202138

001203680
206
001208978

001212147
207
001212356

001214816
208
001216569

001219654


209
001221157

001226161
12
210
001226662

001227662
211
001228706

001231291
212
001231500

001234335
213
001235004

001237589
733
7
214
001237840

001239007
215
001239175

001242177
216
001242511

001244888


217
001245097

001247390
218
001247683

001251686
219
001252188

001256816
220
001257026

001300111
221
001300362

001302864
222
001303032

001306534
223
001306744

001311372
224
001311582

001314250
225
001317046

001319547


226
001320424

001324093
227
001324345

001326221
228
001326472

001329557
229
001333562

001335396
230
001335731

001338066
231
001339401

001342487


232
001342738

001344572
233
001344740

001348076
234
001349620

001351412

235
001352665

001354123
236
001354625

001357669
237
001357962

001359254
238
001401465

001405426
239
001408430

001409472
240
001409932

001413935
241
001414186

001415311
242
001417314

001418773
243
001419441

001421484
244
001421819

001423695
245
001424280

001426906
246
001427116

001428783
247
001430703

001432787
248
001434290

001436124
249
001436333

001438960
250
001441630

001443923
251
001445509

001448428
252
001448637

001449971
253
001450306

001451472
254
001452725

001457061
255
001457313

001500481
256
001502943

001504861
257
001505154

001508573


258
001508741

001510491


259
001511827

001515163


260
001524423

001526007
261
001526175

001529844
262
001530095

001532764
263
001533182

001534849
264
001537019

001538227
265
001538520

001542190
266
001543609

001546527
267
001547237

001548529
268
001548781

001552533

269
001557414

001559749
270
001600209

001603503
271
001603712

001608132
272
001608384

001612387
273
001612596

001614806


274
001615057

001617016
275
001617226

001618726


276
001620020

001623064


277
001623315

001627777
278
001627945

001628987


279
001629154

001633241


280
001633450

001635576
281
001637621

001638663
282
001639248

001640415
283
001640624

001642625


284
001646046

001648256


285
001649758

001651467
286
001654179

001656180
287
001659351

001702645
288
001710571

001713114
289
001713490

001717326
290
001717870

001719454
291
001721123

001724792
292
001725085

001726627
293
001726837

001729797
294
001731383

001733676
295
001738807

001741100
296
001741310

001743895
297
001746648

001748983
298
001749234

001751861
299
001752112

001754614
300
001755115

001756616
301
001757659

001800328
302
001800537

001802997
303
001803207

001805666
304
001805876

001807752
305
001808003

001812131
306
001812341

001813633
307
001815344

001819222
308
001820432

001822350
309
001824895

001827522
310
001827940

001830233
311
001830526

001834195


312
001834446

001836572
313
001837366

001838407
314
001842955

001846958
315
001847209

001849877
316
001850087

001852964
317
001853715

001855716
318
001856969

001859887
319
001900180

001902974
320
001906228

001907436
321
001907688

001910314
322
001910566

001911732
323
001912609

001914569
324
001914778

001915820
325
001916738

001918906
326
001922452

001924453
327
001926290

001929125
328
001929334

001932628
329
001932838

001933963
330
001934548

001935590
331
001935757

001936924
332
001941430

001943097
333
001943307

001945933
334
001949271

001950730
335
001952608

001955109
336
001956153

001957737
337
001958447

001959947
338
002002159

002006120
339
002007623

002009624
340
002009875

002012835
341
002013045

002015963
342
002016632

002020301
343
002020510

002021969
344
002022638

002025306
345
002025515

002030269
346
002033190

002036776
347
002037903

002038903
348
002039071

002040363
349
002040572

002041989
350
002045160

002047078
351
002047329

002050289
352
002050499

002053167
353
002053377

002055836


354
002056088

002058172

355
002059883

002100925
356
002101093

002105388
357
002105597

002108849
358
002109101

002110393
359
002110602

002113729
360
002115691

002116732
361
002120570

002121612
362
002122572

002125199
363
002125701

002126867
364
002127703

002130871
365
002136962

002138587
7
366
002138839

002140423
367
002140632

002142425
368
002143427

002145261
369
002145554

002146554
370
002146930

002148139
371
002159651

002200735
372
002201028

002204530


373
002204948

002209618
374
002209911

002212121
375
002212414

002213748
376
002213999

002215041
377
002215584

002216625
378
002216918

002218711
379
002220088

002221714
380
002222299

002225217


381
002225427

002227553
382
002228305

002230639
383
002232184

002235019