1
000006006

000007673
2
000009676

000011385
3
000012137

000016098
4
000016266

000018017
5
000018184

000020102
6
000020270

000021854
7
000023565

000026275
8
000026609

000030529
9
000030697

000031905
10
000032073

000033866
11
000035744

000037202
12
000038163

000040164
13
000044210

000047296
14
000138723

000140891

15
000141059

000142351


16
000142519

000144103
17
000144270

000148023
5559323
18
000148191

000150484
19
000151069

000154446
20
000154614

000158534
21
000158827

000202538
22
000203498

000205415
23
000207418

000209753
24
000211297

000217594
25
000218304

000219471
26
000219889

000222975
27
000229399

000231567


28
000231985

000233819
29
000233987

000237739
30
000238158

000239449
31
000242829

000244371
32
000244539

000245956
33
000246124

000249168
34
000250753

000252254
35
000252422

000256967
36
000301890

000303765
37
000304100

000306685
38
000313401

000314860
39
000319073

000322201


40
000324120

000327372
41
000327624

000329333
42
000329584

000332461
43
000334339

000336673
44
000338259

000339927
45
000343389

000344806
46
000346142

000348560
47
000350647

000353732
48
000354984

000357611
49
000403117

000406328
50
000410375

000412709
51
000415004

000416338
52
000416506

000419591
53
000419759

000423512
54
000424347

000425430
55
000425848

000428141


56
000428309

000431812
57
000432855

000435524
58
000437026

000440028
59
000440196

000442114


60
000442448

000444199


61
000445201

000447202
62
000448329

000450455
63
000450623

000452416
64
000452583

000455544
300
65
000455712

000500757
$50
66
000500925

000505095
67
000507098

000508223
68
000511102

000512644
69
000513980

000515647
70
000516899

000519151
71
000519319

000522237


72
000525992

000529036
73
000529203

000532539
74
000532707

000534082
75
000534792

000536793


76
000537378

000539212
77
000539380

000540672
78
000541507

000542883
79
000544260

000548889
80
000550224

000552934
81
000554103

000556313
82
000556481

000600192
83
000600360

000601818
84
000601986

000605072
85
000605740

000608325
86
000609077

000612496
87
000614207

000618085
88
000618252

000620545
89
000623299

000626635
90
000630473

000632557
91
000636354

000637813
92
000639649

000643568
17
93
000646030

000649408


94
000652495

000653995
95
000654956

000658250
96
000659001

000700377
97
000702004

000705841


98
000706008

000708718
99
000708886

000710262
100
000710430

000715267
101
000716602

000719896
102
000720064

000722858
103
000723025

000724776
104
000724944

000727946
105
000728114

000730198
106
000730366

000732534
107
000732702

000734494
108
000734662

000738915
109
000740751

000742752
110
000745214

000747299
111
000749260

000752721
112
000755558

000758435
113
000758603

000800395
114
000800563

000803482
115
000803649

000807736
116
000807904

000809654
117
000810490

000813074


118
000813242

000814284
119
000814452

000816578
120
000816746

000818705
121
000819081

000820790
122
000824170

000827255
123
000827423

000829049
124
000829217

000831760
125
000831928

000835055
126
000835765

000838517
127
000839977

000841686
128
000841854

000844564
129
000844732

000846691
130
000848486

000851279
131
000851781

000853198
132
000853366

000856284
133
000856452

000858662
134
000900081

000903542
135
000903960

000906503
136
000907296

000909381
137
000909549

000911341
138
000911509

000916221
139
000916389

000918723
140
000921352

000926439
141
000928234

000930235


142
000930403

000934656
143
000935324

000936992
144
000938369

000940829


145
000940997

000942581
146
000943666

000945333
147
000945960

000947836
148
000948004

000952173
149
000952341

000954467
150
000958347

001000140
151
001011611

001014404
152
001014572

001016489
153
001016907

001019618
154
001020703

001024164
50
155
001024332

001025373
156
001033507

001035717
157
001035885

001037260
158
001039388

001040889
159
001041057

001043308
160
001043476

001046353
161
001046520

001049564
162
001050816

001052400
163
001058032

001101618
164
001101786

001103370
165
001103537

001107499
166
001109919

001112379
167
001112546

001116591


200dollar
168
001119470

001120887
169
001121055

001125058


170
001125726

001128103
171
001128270

001132190
172
001132608

001135527
173
001135695

001138613
174
001138781

001140615
175
001140783

001142158
176
001143869

001146454
177
001146622

001148832


178
001148999

001150875
179
001151043

001153211


180
001157967

001200218


181
001202012

001203179
182
001203681

001206224


183
001209103

001210937
184
001211105

001214274
185
001214442

001216818
186
001219196

001221072
187
001223492

001225076
188
001231417

001234502
189
001238424

001241259


190
001241427

001243636


191
001250352

001252645
192
001259111

001300862


193
001301030

001302530
194
001302698

001305825
195
001305993

001307952
196
001308120

001310663
197
001313042

001314584
198
001318047

001320048
199
001320216

001323301
200
001323469

001326638
201
001328974

001330517
202
001333103

001335563
203
001335731

001338608
204
001338776

001341027
205
001341862

001342904
206
001343072

001345782
207
001345950

001348243
5
208
001348410

001350912
209
001351080

001352705
210
001352873

001355708
211
001357878

001401214
212
001401632

001403216
213
001404760

001406761
214
001406929

001409347
5
215
001409640

001411766


216
001416689

001419232
217
001421694

001424904
218
001426991

001428950
219
001433414

001434581
220
001434748

001436833
221
001437001

001438501
222
001438669

001442297
223
001442464

001444382
224
001444550

001446467
225
001447011

001448303
226
001448470

001450972
227
001455102

001456352
228
001456520

001458521
229
001500524

001502775
230
001502943

001505153
231
001506113

001508239
232
001508407

001510617
233
001510784

001513661
234
001513829

001515830
235
001516206

001518416
236
001518584

001520835
237
001521337

001522462
238
001522630

001525673
239
001527217

001529010
240
001529178

001530678


241
001530846

001533306
242
001534642

001537310


243
001551200

001552367
244
001555037

001556537
245
001558832

001601793


246
001603003

001604837
247
001605005

001608967
248
001609385

001611511
249
001611679

001614055
250
001614431

001616516
251
001616684

001619435
252
001620396

001622730
253
001622898

001625608
254
001625776

001629112
255
001629279

001631239
256
001635327

001638871
257
001643919

001647463
258
001647631

001649674


259
001649842

001652176
260
001652344

001654721
261
001654888

001657306


262
001657474

001700393
263
001701437

001705940


264
001706108

001709068
265
001709236

001711946


266
001714324

001715575
267
001715743

001717952
268
001722583

001726377
269
001726545

001729297
270
001729465

001732884
271
001733761

001735553
272
001737765

001739098
273
001739266

001743936
28
274
001747983

001749817
275
001749985

001753404
276
001753864

001757825
277
001758619

001800244
278
001800412

001803331
279
001803499

001805291
280
001805459

001808336


281
001809880

001811130


282
001811298

001813299
283
001813467

001814509
284
001814676

001818012
285
001821600

001822809
286
001826605

001828523
287
001829441

001830817


288
001830984

001834112
289
001834571

001837657
290
001837825

001841119
291
001841286

001843496
292
001844039

001846749
293
001848168

001850586
294
001850754

001854257
295
001854424

001856759
296
001858554

001901055


297
001901223

001903808
298
001903976

001906394
299
001906562

001910106
300
001910274

001911774
301
001911942

001914569
302
001914736

001916612
303
001923328

001924579
304
001925581

001928249
305
001929418

001930751
306
001930919

001934630
307
001939136

001941429
308
001941597

001943931
309
001944099

001947560
310
001950981

001952148
311
001953275

001954734
312
001956403

001958404
313
002001158

002005119
314
002011752

002013920
315
002024973

002027725
316
002029895

002031687
317
002034608

002036317
318
002036485

002040780
319
002040948

002043282
320
002045535

002050831
321
002051375

002052458
322
002055545

002057088
323
002057756

002059757


324
002101468

002103427
325
002103595

002106347
326
002106515

002110851
327
002111019

002113604
328
002113981

002115481
329
002115649

002119235
330
002121113

002122780
331
002122948

002125116


332
002126368

002129078
333
002129705

002133165