1
000003545

000006338


2
000006506

000008298
3
000010844

000012011
4
000012178

000016765
5
000016933

000019768
6
000019936

000021645
7
000021813

000025274
8
000025942

000029319
9
000029487

000032906
10
000038913

000040122
11
000040290

000043709
12
000045920

000048881


13
000049049

000050090
14
000050258

000052593
15
000052761

000056513
16
000058767

000102394
17
000102562

000104938
18
000105106

000108734
19
000108902

000110694
20
000112530

000113989
21
000114365

000116200
22
000117786

000120120
23
000120288

000123624
24
000123792

000127336
25
000127504

000129129
26
000129297

000131673


27
000131841

000132883
28
000134969

000136220
29
000230400

000232359
30
000232610

000235445
31
000235613

000238323
32
000240869

000242119
33
000242287

000244746
34
000244914

000248041
17
35
000248209

000251295
17
36
000251462

000252754
37
000253715

000255924
38
000257802

000300596


39
000300763

000302931
40
000304350

000307477


41
000311900

000316028


42
000316196

000318030
43
000318198

000321366


44
000321534

000324328
45
000324495

000326079
46
000326247

000328081


47
000328249

000331752
48
000331920

000333754
49
000334339

000336256


50
000336424

000337507
51
000338343

000340802
52
000340970

000344264


53
000344432

000347976
54
000348144

000350646
55
000350813

000352564
56
000352732

000353941
57
000359364

000402032


58
000402200

000404451
59
000404619

000407079
60
000407247

000410874
61
000411042

000412960
62
000415129

000417673
63
000418633

000422886
64
000424097

000425764
65
000425932

000428684
66
000429811

000432521
67
000432689

000434523
68
000434816

000437109
69
000438695

000440529
70
000440697

000442572
71
000443449

000446994
72
000447161

000449538
73
000449706

000452040
74
000452208

000455669
75
000455837

000500090
76
000500258

000502884
77
000503052

000506513
78
000507557

000509349
79
000509517

000514062
80
000514230

000517316
81
000523072

000524573
82
000524741

000526867
83
000528494

000532622
84
000535460

000538587
85
000538755

000540839
86
000541007

000544968
87
000545636

000548597
88
000548765

000551558
89
000551726

000555354
90
000555521

000557230
91
000557690

000602069
92
000602236

000606073
93
000606616

000608450
94
000609911

000613663
95
000613831

000617042
96
000617210

000621254
97
000622465

000625050
98
000627595

000628637


99
000628805

000630055
100
000630223

000632307
101
000632475

000634351
102
000638606

000642317
103
000642485

000646154
104
000646322

000648657
105
000648825

000651076
106
000652036

000654704
107
000657792

000700710
108
000700878

000704172
109
000704340

000708510
110
000708678

000712764
111
000713724

000717018
112
000717186

000720063
113
000721649

000723066
114
000723234

000724860
115
000725736

000728572
116
000728739

000730490
117
000730658

000732659
118
000734912

000737164
119
000737790

000739916
120
000740084

000741126
121
000741294

000743795
122
000744922

000747966
123
000751345

000753889
124
000754640

000757058
125
000757602

000758852
126
000800104

000802439
127
000802607

000804399
128
000804567

000806818
129
000809030

000810614
130
000810781

000815410
72
131
000817038

000820499
132
000823294

000826463
133
000826631

000828215


134
000828382

000830175
135
000830343

000832886
136
000833304

000836681


137
000837600

000840936
138
000841103

000842521
139
000844023

000846566


140
000847610

000850111
141
000850279

000852864
142
000853282

000856743
143
000856911

000859371
144
000900081

000902207
145
000902375

000906628
146
000906796

000909214
147
000909382

000911758
148
000913970

000918473
149
000921894

000923186
150
000923980

000927857
151
000931070

000934155
152
000935157

000937534
153
000945626

000948420
154
000948588

000951673
155
000956387

000958263


156
000958431

001001474


157
001002184

001003435
158
001004645

001005687
159
001005855

001008189
160
001008357

001010400
161
001011235

001012444
162
001013904

001017866
163
001019035

001022871
164
001023039

001025832
165
001026876

001030045


166
001030212

001032339
167
001033507

001035592


168
001035760

001037927
169
001046896

001049397
170
001049565

001050899
171
001052985

001054694


172
001054862

001056154
173
001056322

001059574
174
001059742

001103662
175
001103829

001107916


176
001108542

001111211


177
001111379

001113838
178
001114006

001115298
179
001115466

001120011
180
001121681

001124849
181
001125017

001128812
182
001130606

001132565
183
001133275

001135777


184
001135945

001139406
185
001139573

001143451
186
001143619

001145745
187
001145913

001148915
188
001149083

001150709


189
001150876

001152585
190
001152753

001156673
191
001156841

001158341
192
001158801

001202387


193
001204682

001206015
194
001209228

001210270
195
001210438

001211563
196
001211731

001215233
197
001215401

001217777
198
001217945

001220905
199
001221073

001222782
200
001223451

001226161
201
001226328

001229289
202
001229457

001232792
203
001232960

001234919
204
001236255

001239966
205
001240134

001244179
206
001244346

001245638
207
001245806

001249309
208
001250561

001252687
209
001252855

001254481


210
001254648

001256191
211
001256692

001257817
212
001257985

001300612
213
001300780

001303740
214
001303908

001306701
215
001307036

001310246
216
001310414

001312582
217
001312750

001315376
218
001315544

001317837
219
001318005

001320381
220
001321300

001322759
221
001322927

001324886
222
001325054

001328556
223
001328724

001330600
224
001332144

001333686


225
001333854

001336898
226
001341529

001346241
227
001346909

001350078
228
001350246

001353122
229
001353290

001355124
230
001355292

001400046
231
001400214

001403550
232
001403717

001407095
233
001407471

001409430
234
001411308

001415436
235
001415604

001418147
236
001418315

001420275


237
001420442

001423403
238
001423571

001428032
239
001431245

001434205


240
001434373

001438293


241
001439503

001443172
242
001443340

001444632
243
001444800

001447927
244
001448095

001450930
245
001451098

001453016
246
001516457

001518291
247
001519627

001521669
248
001521837

001524964
249
001526508

001527592
250
001532014

001534766
251
001540189

001542607
252
001542775

001546694
253
001547321

001552450
$500
254
001553994

001558873
255
001559041

001600875
256
001601043

001604921
257
001605089

001608174
258
001608342

001612720
259
001612888

001617767
260
001617935

001620478
261
001620646

001623398
262
001623607

001626734
263
001627528

001629570


264
001629738

001632824


265
001632992

001635535
266
001637121

001638997


267
001639164

001641791
268
001641959

001647839
269
001648757

001651384


270
001651552

001653261
271
001653762

001656764
272
001658976

001701936
273
001702104

001705106
274
001705983

001708609


275
001709361

001712321
276
001713198

001716451
277
001718328

001720288
278
001721040

001723249
279
001723500

001727003
280
001727796

001729172
281
001730466

001733551
282
001733719

001736054
283
001736221

001738056
284
001741018

001744228
285
001744730

001746647


286
001747900

001750651
287
001753572

001755364
288
001759411

001801788


289
001801955

001805833
290
001806001

001808127
291
001808295

001810088


292
001810255

001812090
293
001815552

001817804
294
001818263

001821390
295
001821558

001823768


296
001823936

001825728
297
001825896

001828106
298
001828273

001830608
299
001831610

001835113


300
001836573

001837740
301
001837908

001840284
302
001840452

001841869
303
001842037

001848292
304
001851255

001854757
305
001855884

001859428
306
001859930

001900972
307
001902391

001904475


308
001904643

001907353
309
001907521

001910064

310
001910274

001911732
311
001911900

001914735
312
001914903

001917697
313
001919324

001922743
92
93
314
001922911

001926539
94
315
001926707

001927999
316
001928167

001929500
317
001929668

001930835
318
001931461

001933880
319
001935174

001937842
320
001938010

001941637
321
001943849

001945850
92
322
001951231

001954358
323
001954860

001958154
324
002004786

002006996
325
002007331

002008873
326
002009124

002010583
327
002011251

002015463
328
002016465

002019300
329
002019801

002022261
330
002024014

002025264
331
002025432

002027892
330
332
002028060

002029727
333
002029895

002032647
334
002032814

002036651
335
002036818

002040571
400
336
002042157

002045201
337
002047329

002051040
338
002051208

002052875
339
002053961

002055461
340
002055629

002058839
341
002059007

002103261
342
002106223

002107265
343
002107432

002109475
344
002109810

002112019


345
002112187

002114146


346
002115232

002117566


347
002117734

002119819
348
002119987

002121195
349
002122281

002124490


350
002125075

002127493


351
002137879

002142008
004
17
352
002145846

002148139


353
002148724

002151559


354
002152728

002155646


355
002155814

002157523
356
002157691

002159650
357
002201278

002203070