1
000002168

000004795
2
000004963

000007548
3
000007716

000010009
4
000010176

000011218

5
000011386

000013470
6
000018727

000019977
7
000020937

000022771


8
000022939

000025315
9
000025483

000026942
10
000030613

000032781
11
000032949

000036702
12
000036870

000039538
13
000039706

000043208
14
000044252

000047254
15
000047422

000050382
16
000050550

000053510
17
000053678

000055846
18
000056014

000057931

19
000058099

000059600
20
000059768

000102186
21
000102771

000105731
22
000105899

000109068
23
000111529

000113238
24
000113907

000114990
25
000116826

000119661
26
000121623

000125167

27
000130131

000132966
28
000133134

000135260
29
000141184

000143852
30
000233987

000235946
31
000236156

000240242
6
32
000240451

000242369


33
000242537

000243662
34
000243830

000246582
35
000246749

000248959
36
000249169

000252713
37
000254007

000257217
38
000257385

000300387
39
000300555

000302014
40
000302807

000306476
41
000307937

000310606
42
000312859

000316195
43
000316362

000319865
44
000320033

000322201
45
000322869

000326163
46
000328499

000331210
47
000340929

000343764
48
000343932

000345098
49
000353399

000356944


50
000357111

000359655
51
000401449

000403158
52
000404285

000406870
53
000407038

000409748
54
000409916

000413418


55
000413586

000415754
56
000415922

000420175
57
000420385

000422928


58
000423096

000426265


59
000426432

000430811
60
000432647

000434314
61
000438319

000440737
62
000440947

000442572
63
000442740

000446118
64
000446286

000447577
65
000447745

000450872
66
000451040

000455585
67
000457213

000458922
68
000459090

000502926
69
000503094

000505762
70
000505930

000507306
71
000507473

000509891
72
000510059

000512644
73
000512812

000514354
74
000516691

000519735
75
000519902

000522779
76
000522947

000525073
77
000525241

000526783
78
000526951

000530329
79
000530496

000534875
80
000535043

000538086
81
000539464

000542758


82
000542925

000544509
83
000544677

000547929
84
000551017

000552267
85
000559525

000600609
86
000600777

000601902


87
000602070

000604696
88
000604864

000608367


89
000608534

000611953
90
000612121

000614956
91
000615375

000618126
92
000618294

000621296
93
000622131

000625509


94
000626010

000628261
95
000629639

000631765


96
000635561

000637396

97
000637605

000640190
98
000640400

000642943
99
000644987

000647364
100
000647532

000648698


101
000648866

000651910
102
000652078

000654246
103
000654414

000657749
104
000657917

000700919
105
000701087

000703255


106
000703423

000705757
107
000705925

000707259
108
000708594

000710595
109
000710763

000714015
110
000714183

000717894
111
000719105

000720939
112
000721107

000725110
113
000725820

000727070
114
000727238

000731074
115
000731325

000732742


116
000735538

000739040
117
000739876

000743503
118
000743671

000744838
119
000745089

000746381
120
000747758

000750802
121
000750970

000752762
122
000754640

000757726
123
000800521

000803190
124
000803357

000804816
125
000804984

000806526


126
000806694

000808236
127
000808404

000811615
128
000811782

000812866
129
000813034

000816745
130
000818539

000820040
131
000820208

000822584
132
000824295

000826004
133
000826172

000828798
134
000828966

000830175
135
000830343

000832427
136
000832595

000836598
137
000836766

000841269
138
000842605

000843855


139
000844023

000849194
140
000849362

000852113


141
000852281

000855158
142
000855326

000858495
143
000858663

000901456
144
000901624

000903625

145
000905711

000907546
146
000910967

000913552
147
000914178

000917973
148
000918140

000921017
149
000921185

000922978
150
000926649

000928066
151
000928234

000929276
152
000929443

000931570
153
000931737

000934114
154
000936117

000939744
155
000939954

000944332
156
000944500

000945542
157
000945710

000946751


158
000946919

000949546


159
000950548

000951631
160
000954802

000956720
161
000958180

001001600


162
001001767

001003810
163
001005104

001007689
164
001007857

001009566
165
001013321

001014487
166
001014655

001017616
167
001017825

001019909
168
001020870

001023705

169
001023873

001025874


170
001026042

001028209
171
001028377

001030420
172
001030588

001033673
173
001035343

001038845
174
001041724

001044809
175
001044977

001047354
176
001048731

001050523
177
001052985

001056404
178
001056572

001058239


179
001058407

001100867

180
001104622

001106665
181
001108209

001110418


182
001112088

001113505
183
001114256

001118259
184
001118427

001121721


185
001121889

001123390


186
001123557

001126643


187
001126811

001129312
188
001129772

001133024
189
001133192

001137278
190
001140324

001142450
191
001143244

001144619
192
001144787

001146579
193
001147415

001150375
194
001151544

001153670
195
001156590

001158383
196
001158551

001200844
197
001204390

001207100
198
001207268

001209519


199
001211439

001215650
200
001217695

001219320
201
001223743

001224951
202
001228038

001229414
203
001230166

001233585


204
001233753

001235712
205
001235880

001237380
206
001240426

001242135
207
001242303

001244012
208
001244180

001246639

209
001246807

001250351
210
001250519

001253229
211
001253397

001256691
212
001256859

001258985
213
001259153

001302030
214
001302198

001304365
215
001304533

001307243
216
001307411

001309537
217
001309705

001311831
218
001311999

001313082
219
001313250

001316878
220
001317671

001319672
221
001330893

001334229
222
001334396

001336439
223
001336607

001337732
224
001338526

001340860
225
001341529

001344447
226
001345616

001348034
227
001348202

001351204
228
001351372

001352914
229
001353082

001357377
230
001357545

001359045
231
001359213

001400296
232
001401382

001403842


233
001405511

001408054
234
001411684

001415687
235
001415855

001417897
236
001418065

001421484
237
001421694

001424195
238
001424363

001428616
239
001428784

001431119
240
001433789

001436124
241
001436292

001438001
242
001438168

001441796
243
001441964

001444340
244
001444508

001448094
245
001448262

001452140
246
001452308

001456144
247
001458689

001503109
248
001504987

001509365
249
001509533

001510617
250
001511368

001512577
251
001512745

001516289
252
001516457

001519959


253
001520127

001524297
254
001524465

001528384
255
001528552

001530011
256
001530179

001531930


257
001532097

001535224
258
001535392

001537143


259
001537311

001540605
260
001541482

001544734

261
001544902

001548321

262
001549031

001551449
263
001551617

001552659


264
001552826

001554911
265
001555079

001558164
266
001558999

001602335


267
001602503

001604837
268
001605005

001610218
269
001610386

001611636
270
001611845

001615264
271
001617101

001620311
272
001620479

001622522
273
001622731

001625441
274
001625609

001627360

275
001627528

001630697
276
001630864

001632824


277
001633033

001634242
278
001634410

001636953
279
001641166

001643251
280
001654388

001657682
281
001657850

001701144


282
001702396

001704063
283
001705107

001708943
284
001709111

001711362
285
001713532

001715408
286
001715576

001718369
287
001718579

001720163
288
001720330

001723124
289
001724585

001726711
290
001726879

001728588
291
001728756

001731883


292
001733552

001735720
293
001735888

001738514
294
001738682

001740224
295
001745773

001748149
296
001759495

001800953
297
001801330

001803539
298
001803707

001804999
299
001805167

001807752
300
001807920

001810046
301
001810214

001813966
302
001814134

001815802
303
001815969

001817804
304
001817971

001821933
305
001822101

001823184
306
001823352

001826687
307
001826897

001828397
308
001828565

001832318


309
001832903

001834821
310
001834988

001837824
311
001838033

001839742
312
001840786

001842995
313
001843163

001846833

314
001847000

001849168


315
001850212

001852338
316
001853632

001854674
317
001854842

001858386
318
001858554

001901722
319
001901890

001904851
320
001906687

001907728
321
001907896

001910982
322
001911191

001912233
323
001912401

001914068


324
001914236

001915528
325
001915696

001918906
326
001919074

001920992
327
001921160

001922952
328
001923120

001925496
329
001925664

001927331
330
001927499

001929876
331
001930043

001934422
332
001934631

001936507
333
001936675

001939427
334
001941305

001942430
335
001942598

001945516


336
001945726

001949353


337
001949938

001951814

338
001952357

001955026
339
001955194

001957904
340
001958071

002000740
341
002000908

002003784


342
002013545

002015463


343
002023931

002024972


344
002025140

002026265
345
002026433

002029185
346
002029394

002031020

347
002031188

002032230
348
002032397

002035066
349
002035234

002037235
350
002037402

002040446
351
002040614

002043491


352
002044284

002045576
353
002046745

002051082
354
002051250

002053584
355
002053752

002054794
356
002054962

002056003

357
002056171

002057213

358
002057381

002058631


359
002058799

002102134
360
002102302

002103678


361
002103845

002104929
362
002105097

002106305


363
002106473

002109016


364
002113981

002115523

365
002115691

002116816
366
002116984

002119026
367
002119194

002121654
368
002121822

002123239
369
002123407

002127285
370
002128996

002130496
371
002130664

002135960
372
002136128

002137169


373
002141300

002145845
374
002149558

002151600
375
002153437

002156188
376
002156356

002159608
377
002159776

002202278
378
002202446

002203571
379
002203739

002206449

380
002206616

002210161
381
002210370

002211829
382
002211997

002213664
383
002213832

002216667