1
000002407

000004742
2
000004909

000007954
3
000008121

000011249
4
000011416

000015044
5
000015211

000016588
6
000018298

000020467


7
000021509

000024721
7
8
000024888

000026473
9
000026639

000029642
10
000029809

000032395


11
000032562

000036983
12
000037150

000040069


13
000040445

000044282
14
000044449

000048119
15
000048286

000050580
16
000050747

000053082


17
000053249

000054626
18
000054792

000058004
19
000058171

000100632
20
000100798

000103885
21
000104052

000107680
22
000109766

000113144


23
000113311

000116606


24
000116773

000119359
25
000119526

000122111
26
000122403

000125281


27
000127200

000128743
28
000128910

000132622
29
000224090

000226634
30
000226801

000228136
31
000228303

000232056


32
000232223

000235310
33
000238896

000240231


34
000240398

000244986
35
000245153

000247238
36
000247989

000250950


37
000251117

000254704
38
000255663

000257498
39
000301336

000304714


40
000306591

000308760
41
000308926

000311054
42
000311220

000314641
43
000314849

000319103


44
000319270

000323441
45
000324692

000326444
46
000326611

000329739
47
000329906

000333826
48
000335453

000337538
49
000340041

000342919
50
000343086

000345630
51
000345797

000349384
52
000349550

000353304
53
000353471

000355890
54
000356057

000357350
55
000358393

000400645
56
000400812

000402397
57
000402563

000404982
58
000405149

000408820
59
000408986

000413700
60
000415284

000417161
(Creep)
61
000425086

000429173


62
000436431

000438349
63
000439976

000442228


64
000442395

000443896
65
000444063

000445982
66
000446566

000450278
67
000450445

000453489
68
000453656

000455116


69
000455283

000457493
70
000457660

000500663
71
000502623

000506461
72
000506627

000510131
73
000514677

000516137
74
000518055

000523603


75
000523770

000526147
76
000527023

000529942
77
000530109

000532820
78
000533321

000536032
79
000536199

000540328
80
000542580

000546334
81
000546918

000551547
82
000554175

000556219
83
000604227

000605269


84
000605436

000606854
85
000607021

000609857
86
000610024

000612109
87
000613236

000614570
88
000614737

000618950
89
000620660

000622328
90
000623412

000626207
91
000626374

000629710
92
000629877

000632296
93
000632463

000638052
94
000639220

000645059
95
000646310

000647645


96
000647812

000649939


97
000650106

000653109
98
000653276

000656529
99
000656737

000657780
100
000658614

000659949
101
000700116

000702076
102
000702493

000704787
103
000705204

000706747
104
000708749

000711502
105
000711669

000714255


106
000715298

000717967
107
000718134

000719969
108
000720344

000722763
109
000722930

000725600
110
000730021

000731689
111
000732356

000735109
112
000736694

000739155


113
000739322

000742992
57
114
000743159

000746120
115
000751042

000752752
116
000752919

000757131


117
000800635

000802845
118
000803012

000806515
119
000806682

000810061
120
000810227

000813022
121
000814941

000818319


122
000819153

000822198
123
000822365

000827495
124
000829914

000832458
125
000832667

000834377
126
000834543

000838172
127
000841717

000843928
128
000844095

000846138


129
000846305

000848683
130
000848849

000852103


131
000852269

000853604
132
000853771

000855856


133
000856023

000857817
134
000859610

000903239
135
000903406

000906659
136
000910788

000912623
137
000914250

000918129
138
000919422

000921090
139
000921257

000925469
140
000926387

000929265
141
000929432

000933561
142
000934979

000936897
143
000937064

000938274
144
000938441

000941402
145
000942486

000944905
146
000946741

000948868
147
000949035

000952079
148
000952413

000954206
149
000954373

000957960
150
000958127

000959795
151
001000379

001002048
152
001006135

001007219
153
001013601

001016604


154
001019190

001020524
155
001020691

001022026
156
001022193

001025780
157
001026447

001028115
158
001029867

001032828
159
001032995

001034330


160
001034497

001035831


161
001035998

001038959


162
001040503

001042963


163
001043130

001045174
164
001050596

001051972
H93
165
001052139

001053474
166
001053933

001057144
167
001057853

001059939
168
001100106

001103651
169
001103818

001106445
170
001107029

001110032
171
001111117

001115162
172
001116122

001120835
173
001124672

001126882
174
001127049

001131345
175
001134223

001139186
10
176
001139353

001141647
177
001143899

001148362
178
001148779

001150614
179
001150781

001152533
180
001158164

001201876
181
001203460

001206213
182
001206714

001210217
183
001211594

001213262
184
001216765

001220352
185
001220686

001222938
186
001229486

001231655
187
001233324

001235701
188
001237411

001239246
189
001239580

001242416
190
001242583

001245461


191
001245628

001248130
192
001248297

001251050


193
001251217

001253594
194
001257973

001302186
195
001306065

001311612
196
001312947

001316492
197
001316659

001319411
198
001319578

001321163
199
001322957

001326460
200
001326627

001329922
201
001330464

001332800


202
001334969

001336595
203
001337680

001342101
204
001343811

001347147
205
001347314

001350401
206
001351485

001354280


207
001357491

001401161
208
001401328

001404081
209
001413132

001414466
210
001414633

001417594
211
001417761

001421682
212
001423809

001426645
213
001428522

001431108
214
001431859

001434486
215
001437072

001439241
216
001440367

001442745
217
001442911

001444621
218
001446290

001447333
219
001451420

001453589


220
001453756

001455424
221
001457384

001459887


222
001500054

001501972
223
001507394

001510314


224
001510481

001514151
225
001514318

001516612
600
226
001516779

001520157
227
001521617

001524787
228
001524953

001526705
229
001526872

001527998
230
001528165

001531460
231
001534963

001537132
232
001544890

001547226
233
001550437

001553190


234
001554108

001556360
235
001559655

001600697
236
001600864

001605077
237
001605244

001606870
238
001607037

001608705
239
001612751

001614420
240
001617464

001619842
241
001620008

001621927
242
001629518

001632896
243
001633063

001636442
244
001636608

001640863


245
001641029

001644616
246
001644783

001648787


247
001648954

001652583
248
001652749

001654668


249
001654835

001656879


250
001658589

001703969
251
001706096

001708474
252
001709600

001712478
253
001712644

001715105
254
001715272

001718692


255
001722654

001725032


256
001725199

001729495
257
001729661

001732748
258
001732915

001734333
259
001734500

001737044
260
001738295

001740422


261
001740589

001745260
262
001745427

001748305
263
001748472

001750307
264
001753477

001755896
265
001756063

001759316
266
001759483

001801777
267
001806865

001810077


268
001810244

001812246


269
001812412

001815332
270
001816291

001818293
271
001818752

001823048


272
001823215

001826260
273
001827386

001830180
274
001830347

001834476


275
001834643

001836395
276
001837688

001840107
277
001841567

001843151
278
001844778

001846446
279
001846613

001849658
10
280
001849825

001853787
281
001853954

001855872


282
001856039

001858709
283
001858875

001901712
284
001903839

001906842
285
001907009

001909720


286
001909886

001912264
287
001912431

001916351


288
001918186

001919479
289
001921064

001922482
290
001923984

001927613
291
001929197

001930907


292
001931074

001932451
293
001932618

001934578


294
001934745

001937497
295
001937664

001939625
296
001945422

001949009
297
001951803

001955057


298
001955223

001959936
299
002001730

002006151


300
002006693

002009196
301
002009363

002011823


302
002011990

002015952
303
002016119

002018664
304
002019414

002021208
305
002021375

002023460
306
002023627

002026838
307
002028548

002032094


308
002032511

002035305
309
002035472

002036890
310
002037057

002040018
311
002041311

002043897


312
002044064

002045774


313
002045941

002047818


314
002047984

002049778


315
002049945

002053448
316
002100997

002103959
317
002104126

002105669
318
002105836

002110549
10
319
002110716

002116012


320
002116179

002120809
321
002121435

002125647
322
002126690

002129609
323
002129776

002133572
324
002133739

002136491
325
002136658

002139119
326
002139578

002140996


327
002141163

002143373


328
002205771

002207981


329
002208815

002211318


330
002212652

002214905
331
002217073

002219743


332
002219910

002222496
333
002223288

002225582
334
002230796

002233006