1
000004421

000006797
2
000006965

000010843
3
000011136

000012720


4
000012887

000016473


5
000018518

000021020
6
000021187

000024189
7
000025191

000028485
8
000028653

000030821
9
000030989

000035159
10
000035326

000037369
11
000037537

000040289


12
000040915

000044168


13
000044335

000046754


14
000046921

000049631
15
000049799

000053052
16
000053219

000057723
17
000059517

000102227
18
000102395

000104646
19
000104814

000109401
20
000109569

000111820
21
000113573

000116575
22
000116743

000118827
23
000119037

000122748


24
000122916

000127044
25
000127212

000131757
26
000131925

000135761
27
000135929

000138764


28
000138932

000142351
29
000142519

000144728
30
000144896

000147689
31
000148274

000151026
32
000151194

000154404


33
000154572

000200119
34
000201079

000205499


35
000247292

000251920
36
000255925

000301680
37
000301848

000304892
38
000305727

000307895
39
000308062

000312733
40
000313359

000314610


41
000314777

000317863
42
000318031

000320782
43
000320950

000321992
44
000322160

000326246
45
000326414

000329124
46
000329292

000331335
47
000332837

000336632
48
000337300

000341136
49
000341304

000345390
50
000347227

000348310
51
000348478

000352773
52
000352941

000354608
53
000354776

000400447
54
000404911

000407746
55
000409540

000413377
56
000413544

000416630


57
000417131

000419383
58
000420677

000421927


59
000422095

000426431
60
000426641

000428934


61
000429102

000432562
62
000437610

000438944
63
000439112

000442739
64
000443116

000444533
65
000445702

000447369


66
000447537

000449329


67
000449497

000452666


68
000452834

000455294
69
000455461

000459423
70
000459674

000501133
71
000510143

000512686


72
000512854

000516064
73
000516232

000519693
74
000519861

000524948
75
000526409

000528493


76
000528661

000530162
77
000531080

000532414


78
000532582

000535459


79
000536294

000539963


80
000540131

000543592
81
000544844

000546303
82
000546471

000550182
83
000550350

000554269
84
000554437

000556646


85
000556814

000558815
86
000600109

000603070
87
000603237

000605280
88
000605448

000609159
89
000611579

000613205
90
000613373

000618377
91
000618753

000622339
92
000623466

000624508
93
000626969

000630013
94
000634727

000639272
95
000639440

000641483
96
000641692

000642734
97
000642902

000646071
98
000646239

000649324
100000
99
000649492

000653328
100
000653496

000655789
101
000655957

000700043
102
000700294

000702045
103
000702338

000707050
104
000707218

000710971
105
000711139

000715350
106
000715518

000718145
107
000722150

000724651
108
000729615

000732200


109
000732368

000734035


110
000734203

000735829
111
000735997

000740000
112
000740626

000742127
113
000742295

000743336
114
000743880

000747007
115
000747717

000751428
116
000753639

000758018
117
000758186

000801396
118
000802607

000805275
119
000805610

000808278
120
000808446

000811823
121
000811991

000815243


122
000815411

000817662


123
000818289

000820832
124
000823085

000825545
125
000825713

000829007
126
000829300

000830634
127
000830801

000832928
128
000833095

000834471
129
000836474

000838892
130
000839060

000840101


131
000840269

000842187
132
000842355

000846816
133
000855701

000858954
134
000859121

000903083
135
000903251

000905585


136
000905753

000910882
137
000911217

000912717
138
000912885

000916388
139
000916889

000917931
140
000918766

000919808
141
000920893

000921935
142
000922728

000923770
143
000923980

000926273
144
000928568

000931236


145
000931404

000935865
146
000936576

000938660


147
000938828

000943290
148
000943457

000946626
149
000946794

000950463
150
000950631

000952132
151
000953384

000955552
152
000955720

000958763
153
000958931

001000974
154
001001142

001004102
155
001004270

001006521


156
001006689

001010817
157
001016532

001019909


158
001025291

001026416


159
001026584

001029669
160
001029837

001033131
161
001033299

001035967


162
001036135

001038011
163
001038179

001040180
164
001040348

001042515


165
001045186

001048938


166
001049565

001053276
167
001057239

001058281
168
001058449

001101910
169
001102078

001107123
170
001109251

001113046
171
001113214

001116508
172
001117134

001120387
173
001120554

001123807
174
001123974

001126393


175
001126560

001130730
176
001132149

001134192
177
001134360

001138697
178
001138864

001139906
179
001141909

001143576


180
001144203

001147122
181
001147289

001149457
182
001154088

001157674
183
001157842

001201928
184
001202096

001204055


185
001206976

001210270
186
001210438

001215066


187
001216402

001217444
188
001217611

001221406
189
001221824

001222866
190
001223701

001226494
191
001227955

001232000
192
001232460

001236129


193
001236297

001238131
194
001238549

001240091
195
001240259

001242594
196
001242762

001244763
197
001251604

001255315


198
001255483

001258318
199
001258486

001302447
200
001302615

001304991


201
001306368

001309287
202
001309455

001312457
203
001313876

001316669


204
001318380

001319964
205
001320132

001322425
206
001322593

001325303
207
001325471

001329849
208
001330059

001333311


209
001333479

001337857
210
001338025

001339526
211
001339693

001342612
212
001342780

001348034
213
001348202

001350328
214
001350496

001352080
215
001352957

001357126
216
001400256

001403800


217
001403968

001405009
218
001408097

001412851
219
001413269

001416604
220
001418566

001420900


221
001421068

001423319
222
001423487

001427824


223
001428617

001432161


224
001432329

001434122
225
001435749

001439252
226
001440004

001444799
227
001445384

001448386
228
001450014

001451055
229
001452308

001455268
230
001455436

001458730
231
001458898

001500607
232
001501108

001504319
233
001506739

001507780
234
001508198

001511784
235
001514079

001516831
236
001517333

001519375
237
001519543

001523004
238
001523172

001525924
239
001529803

001533306
240
001533474

001535767
241
001536352

001538227
242
001538395

001539812


243
001540606

001541856
244
001542066

001546277
245
001546445

001548321
246
001548572

001550949


247
001553994

001556496
248
001601502

001605004
249
001605172

001606297


250
001607341

001611010


251
001611178

001614514
252
001614682

001617266
253
001617434

001620436
254
001625442

001626943


255
001627111

001629570


256
001629738

001634575
257
001634743

001639998
258
001640165

001642709
259
001642876

001646004
260
001646171

001648172
261
001648340

001649674
262
001654638

001655680
263
001657766

001700560
264
001700728

001703688
265
001703856

001708651
266
001708819

001711696
267
001713240

001714532


268
001714700

001718536
269
001718704

001723041
270
001724376

001725418
271
001759036

001800745
272
001803415

001808503
273
001809338

001811130
274
001813383

001815093
275
001827773

001829774
276
001830692

001832944
277
001834530

001837240
278
001837407

001841744
279
001841912

001842954
280
001843122

001846874
281
001847042

001851838
282
001852881

001857468
283
001857636

001901180
284
001901348

001903099
285
001903267

001905810
286
001905978

001909897
287
001919449

001920950
288
001921118

001922702
289
001922870

001925288


290
001925956

001928291
291
001928458

001930209
292
001932462

001933838
293
001934006

001936966
294
001937134

001938342
295
001938510

001940344
296
001940512

001943389
297
001943557

001945016
298
001945184

001948728
299
001948896

001951397
300
001952232

001953274
301
001954067

001956777
302
001956945

001958821


303
001958989

002002825


304
002003076

002004577


305
002004745

002009123
306
002009291

002011751
307
002011919

002014795
308
002014963

002017048
309
002017674

002020551


310
002020719

002024847
311
002025015

002027058


312
002027226

002029852
313
002030145

002032271
314
002032689

002035858
315
002036026

002039946
316
002040113

002042365


317
002042532

002047078
318
002047246

002050122
319
002050290

002051332
320
002052626

002053668
321
002055545

002058589


322
002058757

002100716


323
002103053

002105721
324
002105889

002108641
325
002110852

002114605
326
002115148

002117316
327
002117484

002120236
328
002120696

002123906
329
002126702

002128202
330
002128370

002130913
331
002131373

002133457
332
002133625

002135751
333
002135919

002137628
334
002137796

002140673
335
002141341

002145136
336
002147097

002149098


337
002149266

002150308
338
002151768

002153936
339
002154938

002156480
340
002156648

002159025
341
002201695

002202737
342
002202904

002205531
343
002205699

002208367
344
002210662

002212705
345
002212873

002217335
346
002217502

002222423
347
002222591

002226260


348
002227888

002230097
349
002230265

002234602
350
002234770

002236354
351
002237731

002241233


352
002241401

002243819
353
002243987

002247198
354
002247366

002250951
355
002252079

002253704
356
002254623

002255956
357
002259586

002301712
358
002302464

002303506
359
002304466

002306217
360
002307677

002310304
361
002310680

002314141
362
002315268

002316310
363
002316895

002321232
364
002321400

002325111
365
002326780

002330157
366
002330951

002331992
367
002332702

002336997


368
002337165

002338416
369
002338583

002341752
370
002342170

002344588
371
002344756

002349301
372
002349469

002353139
373
002358979

002400062
374
002400230

002402398
375
002402566

002404400
376
002404568

002406944
377
002407112

002408279


378
002408447

002410156
379
002410323

002412992
380
002413160

002415286
381
002415454

002417037
382
002417205

002420541


383
002422794

002426505