1
000002502

000006588


2
000006840

000008757
3
000008967

000011552
4
000011761

000013595
5
000019060

000020436
6
000022522

000024523
7
000024733

000027067
8
000027318

000029570
9
000029821

000032740
10
000033950

000038245
11
000038455

000041790
12
000042000

000044168
13
000044794

000047046
14
000048715

000051341
15
000053762

000056263
16
000056556

000059975
17
000102437

000106356
18
000106566

000108942
19
000158118

000159159
20
000159369

000201203
21
000201412

000203038
22
000203915

000205874
23
000206459

000211213
24
000213466

000215092
25
000215802

000217302
26
000217720

000221390
27
000221558

000224101
28
000224394

000227062
29
000227272

000230691
30
000231901

000234778
31
000236781

000239241
32
000239409

000242077
33
000242245

000246582
34
000246916

000248500
35
000248751

000253422
36
000254591

000256091
37
000256759

000257759
38
000258428

000302723
39
000302932

000306935
40
000307437

000310772
41
000310982

000313108
42
000313276

000315152
43
000317488

000319114
44
000319616

000321116
45
000322452

000326121
60
46
000326497

000329291
47
000329834

000331460
48
000335298

000337132
49
000337300

000339635
50
000339844

000343305
51
000343514

000345807
52
000346351

000349311
53
000351064

000352564
54
000354150

000357569
55
000357820

000400405


56
000400657

000402574
57
000404202

000408080
58
000408331

000411833
$500
59
000412043

000416672
60
000416839

000417881
61
000418091

000420509
62
000421094

000423220
63
000424180

000426306


64
000428017

000429810
65
000429978

000431019
66
000434691

000435857
67
000438528

000443031
68
000443241

000446368
69
000449872

000451873
70
000452083

000454710
71
000454877

000456003
72
000456170

000458964
73
000500049

000502259


74
000502468

000504261
75
000510268

000511601
76
000511894

000513061
77
000513396

000515605
78
000515857

000518400
79
000518735

000519818
80
000519986

000523739
81
000525575

000526867


82
000527076

000530078
83
000530997

000532914
84
000533124

000535584
85
000535752

000538086
86
000538463

000542132
87
000542383

000544301
88
000544510

000547262
89
000547805

000549765
90
000550141

000552851


91
000553019

000555479
92
000556647

000558023
93
000558191

000600609
94
000600818

000604321
95
000605907

000607991
96
000608284

000611620
97
000611788

000615123
98
000625718

000628678
99
000629347

000633183
100
000634727

000636603
101
000647824

000650242
102
000650827

000653662
103
000653830

000655664
104
000656499

000658834
105
000659669

000700877
106
000701087

000702462
107
000703589

000705674
108
000710263

000713223
109
000713474

000716017


110
000717395

000720522
111
000720731

000724526
112
000726070

000729197


113
000729365

000733034
114
000733244

000736705
115
000743880

000747215


116
000747383

000749718
117
000750094

000753013
118
000753222

000755223


119
000755391

000757726
120
000805109

000806735
121
000807236

000808904
122
000809071

000812532
123
000814035

000815535
124
000816037

000819915
125
000820917

000822751


126
000824086

000825170
127
000826297

000830091
128
000841979

000844272
129
000844482

000846608
130
000849153

000850612
131
000851864

000853323
132
000854617

000857494
1996
133
000859580

000901331
134
000901791

000904125
135
000905586

000907170
136
000909090

000910340
137
000910800

000912634
138
000913594

000915095
139
000915304

000917722
140
000921102

000922978
141
000923145

000927566
142
000927733

000930819
143
000932989

000934406
144
000935741

000937492
145
000938494

000942914
146
000944166

000946835


147
000947128

000948336
11
148
000950047

000952674
149
000955261

000959180
150
000959432

001002017
151
001002184

001003518
152
001003728

001005020
153
001005271

001009774
154
001011861

001016072
155
001016866

001018366
156
001018909

001020869
157
001023372

001026207
158
001026375

001028418
159
001030046

001033381
160
001034050

001035216
161
001035468

001038553
162
001039263

001042432
163
001042683

001046061
164
001048606

001052233


165
001052401

001055945
166
001056405

001057614
167
001057907

001100992
168
001101160

001103078


169
001104205

001105580
170
001105790

001109751
171
001109960

001112587
172
001112838

001115090
173
001115257

001119302
174
001120346

001121638
175
001121806

001123598
176
001123849

001127435
177
001127645

001129604
178
001130940

001132440
179
001132608

001136736
180
001137279

001139447
181
001146163

001149332
182
001149542

001153253
183
001153504

001157298
184
001158843

001201886
185
001203264

001206766
186
001206976

001209269
187
001211564

001213815


188
001214692

001216192
189
001216402

001218695
190
001218904

001221322
191
001221532

001224325
192
001225494

001228830


193
001229498

001231791


194
001232501

001233918


195
001234170

001236880
196
001238007

001240675
197
001240843

001244345
198
001244513

001246181
199
001246515

001248850


200
001249101

001252061
201
001301947

001305450
202
001305701

001308495
203
001308662

001309662
204
001309830

001314250
205
001314543

001317378
206
001317713

001321216
207
001321425

001324219
208
001324428

001325762
209
001327056

001329766
210
001330392

001333061
211
001333229

001336606
212
001336899

001338775
213
001338984

001342237
214
001342571

001344280
215
001346951

001350495
216
001350788

001353998


217
001357753

001358920
218
001405761

001407679
219
001408639

001409764
220
001411433

001413768
221
001416272

001418022
222
001418274

001422110
223
001422319

001424821
224
001425030

001426114
225
001426282

001428616
226
001432288

001435498
227
001436292

001439002
228
001440671

001443798
229
001448804

001451097
230
001451265

001452974
231
001453142

001456769
232
001456937

001457937
233
001458105

001500648
234
001501483

001503318
235
001503485

001506571
236
001506822

001508865
237
001509199

001510950
238
001511994

001513453
239
001514830

001517790
240
001520085

001524339
241
001524548

001527842
242
001528010

001529969
243
001530179

001534474
244
001534683

001538853
245
001540230

001542565
246
001543025

001544067
247
001552076

001554410
248
001556372

001559707
249
001605881

001607382
250
001608550

001609759
251
001611887

001613805
252
001623524

001626275
253
001650300

001653636


254
001653804

001656347
255
001657599

001700226


256
001710612

001712488
257
001713282

001714490
258
001714658

001717493


259
001718787

001721205
260
001726962

001728838
261
001730215

001732508
262
001736638

001738598
263
001739016

001741392
264
001741643

001745313
265
001745522

001747106
266
001748192

001749984
267
001753822

001755490
268
001755657

001758743
269
001758994

001800870
270
001802164

001803790
271
001809296

001811214
272
001811507

001813633
273
001813842

001815426
274
001816428

001818221


275
001818430

001819639
276
001819848

001823851
277
001824061

001826229
278
001828148

001831526
279
001831735

001834529
280
001836698

001838199
281
001838742

001840409
282
001840869

001842745
283
001842955

001846707
284
001847167

001849585


285
001849962

001851963
50s
286
001857427

001858803


287
001859054

001900721
288
001900889

001903808
289
001904059

001905226
290
001905477

001906769
291
001906979

001909897
292
001910107

001912150
293
001917739

001918781


294
001918949

001921117
295
001921326

001922743
296
001922911

001925246
297
001926748

001928082
298
001929918

001933337
299
001940262

001941762
300
001942764

001944015
301
001946435

001948269
302
001949104

001951272


303
001951440

001955818
304
001956445

001958779
305
001959531

002002033


306
002002826

002004118
307
002004536

002006370
308
002007289

002009457
309
002012628

002016130
310
002022346

002023471
311
002025057

002027475
312
002027851

002032647
313
002032856

002035650
314
002036652

002040321
315
002041823

002042907
316
002043158

002044700
317
002044910

002047828
318
002048038

002049288
319
002049790

002051832
320
002052042

002056587
321
002059341

002101175
322
002101426

002103386
323
002105681

002109684
324
002110435

002113729
325
002114022

002115439
326
002120445

002122697
327
002124616

002126867


328
002136211

002139422
329
002150058

002153394
330
002153603

002156856
331
002157065

002159400
332
002159651

002202570
333
002204448

002207825
334
002209870

002211120