1
000002168

000003252
2
000003420

000005254


3
000005422

000009883
4
000010093

000013178
5
000014264

000015556
6
000017100

000019852
7
000021062

000022438
8
000022605

000026025
9
000026234

000028527
10
000028695

000031405
11
000031573

000032948
12
000034075

000035534
&

13
000035702

000037828
14
000038538

000040831
15
000041791

000043250
16
000043418

000047087
17
000049090

000051383
18
000053094

000055054
19
000055221

000056930
20
000149275

000151485
21
000151653

000154822
22
000154989

000156323
23
000156491

000159660


24
000159828

000200994
25
000201162

000203622
26
000203790

000205958
27
000206126

000208127


28
000208294

000209920

29
000210088

000213090
30
000213883

000217177
31
000217345

000218887
32
000220682

000224726
33
000224894

000226937
34
000229023

000232109


35
000232277

000234278
96
97
36
000234445

000238657
100
37
000238825

000241660
38
000241828

000244913
39
000245081

000246915
40
000247083

000249710
41
000249878

000251879


42
000252046

000253547
43
000254299

000257217
44
000257760

000300095


45
000300263

000303557
46
000304142

000306977
47
000307979

000309688
48
000309856

000311857
20th
20th
49
000312025

000314568


50
000314736

000316153
20th
51
000316321

000319698
52
000320992

000323118
53
000323286

000326830
54
000326998

000329791
55
000330668

000332461
56
000334881

000336715
57
000336883

000341970
58
000342931

000345807
59
000347518

000349978
60
000350146

000352397
61
000352565

000354191
62
000354359

000356777


63
000356945

000358195
64
000358363

000401156
65
000401324

000403825

66
000403993

000406912


67
000407080

000408121
68
000408289

000412626
69
000413753

000415837
70
000416005

000419424
71
000421427

000422970
72
000423137

000425806
73
000429227

000431895
74
000432063

000434523
75
000434691

000437025
76
000437193

000439486
77
000439654

000442364
78
000444367

000446660
79
000448204

000450372
80
000450540

000452624
81
000453584

000458922

82
000459132

000500382
83
000500550

000501675


84
000501843

000503302

85
000503511

000506471
86
000506639

000509224
&

87
000519902

000522529
&

88
000524032

000525615
89
000525783

000526825
90
000526993

000528035
91
000528244

000529328
92
000534167

000537085
93
000538463

000540255
94
000540423

000543633
95
000543801

000546136
96
000546637

000548013
97
000548181

000551475
98
000554520

000558023
99
000558191

000600734
100
000602278

000603695
101
000603863

000607491
102
000607700

000610285
103
000610536

000613455
104
000613664

000615999
105
000616667

000617959
106
000618127

000619211
107
000625051

000626718
108
000626886

000628887
109
000629055

000630889
110
000631557

000635268
111
000636020

000641024
112
000641192

000642651
113
000642819

000644403
114
000644570

000646696
115
000646864

000649366
116
000650743

000651827
117
000651994

000653954
118
000655123

000657082


119
000657542

000658583
120
000700128

000701336
121
000701504

000704339


122
000704507

000706967
123
000708428

000711138


124
000711305

000715475
125
000715643

000717811
126
000718938

000720313
127
000720481

000722607
128
000727447

000730282
129
000731451

000734119
130
000734287

000738123
131
000740293

000744004


132
000744172

000746506


133
000746674

000747799
134
000747967

000752637


135
000752805

000756308
136
000756476

000758143
137
000758311

000801062
138
000801230

000803690
139
000803858

000805525
140
000806110

000809654
141
000809822

000813992
142
000814202

000819080
143
000819248

000822083
144
000830134

000832135
145
000833471

000835347
146
000835515

000837474
&
147
000839602

000843021
148
000843189

000844231
149
000844398

000847359


150
000850112

000853198
151
000853366

000855951
152
000856118

000857285
153
000857453

000859871
154
000900039

000904000
155
000904710

000907003
156
000909048

000911258
157
000911425

000913718
158
000913886

000917222
159
000918099

000919140
160
000919308

000921893
161
000922061

000926314


162
000928401

000930652
163
000930820

000932779
164
000932947

000935282
165
000935449

000938868
166
000939036

000942914
167
000943082

000944583
168
000944750

000946876
169
000947044

000950630
170
000953509

000956845
171
000957888

001001516


172
001002059

001004603
173
001005187

001007188
174
001012987

001016114


175
001016282

001017657
176
001017825

001020577
177
001020745

001024831
178
001025750

001029210
179
001029378

001033131
180
001033841

001036259
181
001036427

001039346


182
001039513

001040805
183
001040973

001043141
184
001043309

001045435
185
001045603

001050065
186
001050232

001051775
187
001052443

001053735
188
001054362

001057405
189
001057615

001100367


190
001100534

001104162
191
001104330

001108541
192
001108709

001112170
193
001112338

001116007
194
001116467

001120011
195
001120179

001122472
196
001122640

001125016
197
001125184

001127936
198
001128396

001131314
199
001131482

001134693
200
001134860

001136903


201
001138280

001141157
202
001141325

001144077
203
001144245

001147080
204
001147248

001148832
205
001152169

001155505
206
001157675

001159300
207
001200219

001203680
208
001204890

001208435
209
001208602

001211271
210
001211439

001213356
211
001216944

001220196
212
001220364

001223575
213
001223743

001227370
214
001227538

001229831
215
001229999

001233877
216
001235337

001236379
217
001236547

001238548


218
001239842

001243178


219
001243345

001246014


220
001257109

001258777
221
001258944

001303281
222
001307328

001310413
223
001311040

001312665
224
001312833

001315293
225
001315461

001317086
226
001318798

001321633
227
001321801

001324010
228
001324178

001328473
229
001328641

001332894


230
001333312

001334896
231
001335064

001337148
232
001337650

001340151
233
001341862

001343571
234
001343739

001348827
235
001348994

001350954
236
001351121

001356209
237
001356377

001358753
238
001358921

001401714
239
001402132

001403341
240
001403884

001404926
241
001405094

001407011


242
001407179

001409389

243
001409557

001413810


244
001416355

001418606
245
001419149

001422819
246
001422987

001427115
247
001429827

001432328


248
001432496

001435623


249
001435791

001439127
250
001439295

001441921
251
001442089

001444382
252
001445009

001449888
253
001450806

001452265
254
001452433

001456477


255
001457313

001459105
256
001459273

001501149


257
001501317

001503443


258
001503611

001507447
259
001509074

001510533
260
001512036

001513703


261
001513871

001515330
262
001518042

001519417
263
001519627

001521210
264
001522713

001523755
265
001523923

001526049
266
001526216

001528259
267
001528427

001531638
268
001531805

001535224
269
001535392

001539395
270
001539605

001542732
271
001542900

001544984
272
001545152

001547820


273
001548030

001550073
274
001550240

001552992
275
001553160

001556746
276
001601835

001604921
456
277
001605089

001608841
456
278
001609677

001610927
279
001611762

001614097
280
001614264

001616683
281
001616850

001619936
282
001623273

001626025
283
001626193

001628736
284
001630030

001631406
285
001631573

001634867
286
001635369

001637996
287
001638205

001639372
288
001642001

001643918


289
001644086

001646004
290
001646171

001648965
291
001649133

001650633
&
292
001655931

001659267
293
001659435

001701811


294
001701979

001704605
295
001704773

001708735
296
001708944

001711362
297
001711905

001713364
298
001713615

001716868
299
001717036

001720538
300
001720706

001723916
301
001724084

001725126
302
001725294

001728337
303
001729006

001732759
304
001732926

001735595
305
001735763

001738181
306
001739683

001741809
307
001741977

001744771
308
001744938

001747106
309
001747274

001748316
310
001748484

001751652
12th
311
001755282

001756365
312
001757493

001800161
313
001800329

001801370
314
001801538

001802747
315
001803624

001805041
316
001807586

001810379
317
001810547

001811964
318
001813008

001814842
319
001819640

001820973
320
001821683

001824519
321
001824686

001825937
322
001826814

001830817
323
001831276

001834445
324
001835864

001838241
325
001838909

001843538
326
001843705

001844747
327
001844915

001845957
&
328
001846125

001849252
329
001849461

001852630

&
330
001852798

001854340
331
001854508

001857135
332
001857594

001901389


333
001901557

001904058


334
001904226

001906227
335
001906395

001908855
336
001910858

001911899
337
001912067

001915778
338
001916446

001917488
339
001918198

001921826
340
001924288

001926414
341
001926623

001927915
342
001928083

001929125
343
001929293

001934589
344
001934756

001937550
345
001937718

001940344
346
001940512

001943973


347
001944141

001947101


348
001947269

001949520

&
349
001949688

001951564
350
001952024

001953399
351
001956904

002001991
352
002002868

002004410
353
002004578

002009040
354
002009958

002011083
355
002011251

002014420
356
002014588

002015880


357
002016048

002017882
358
002020427

002021719
359
002021887

002023554
360
002025641

002027683
361
002027851

002029852
362
002031104

002034398
363
002034566

002035733
364
002035901

002038486
365
002038654

002039904
366
002040072

002042865


367
002043700

002046786
368
002046954

002050539
369
002054044

002056087
370
002057089

002059966
371
002100133

002102218
372
002102386

002105513


373
002105681

002106722


374
002106890

002108849


375
002109017

002110977
376
002111144

002112770
377
002113897

002115064
378
002118193

002120736
379
002126410

002128035
380
002128203

002130746
381
002130956

002134375
382
002134543

002135584
383
002140674

002142216
384
002148056

002151142
385
002153854

002156188

386
002158608

002159984
387
002200986

002202486
388
002203030

002206907

389
002207075

002208993
390
002209202

002210661

391
002212914

002213956
392
002214166

002218044
393
002218211

002221756
394
002221923

002223299
395
002223467

002224675

396
002224843

002227178
397
002229473

002230973
398
002231141

002232558
399
002232726

002234101
400
002235228

002237396