1
000004754

000006714
2
000008717

000010300
3
000010552

000013971
4
000014222

000016432
5
000016683

000018600
6
000020770

000024606
7
000024858

000027943
8
000029320

000031864
9
000032532

000037077
10
000037287

000039121
11
000039664

000042166
12
000044210

000045753
13
000048339

000049631
14
000049883

000052301
15
000053845

000057014
16
000057515

000100976
17
000101227

000103604
18
000103855

000106190
19
000106441

000111236
20
000111780

000114823


21
000115075

000117534
22
000118036

000119620
23
000119871

000123415
24
000123666

000127169
25
000127420

000131256
26
000131800

000134426
27
000134636

000136970
28
000137138

000138263
29
000138431

000141100
30
000141351

000142476


31
000142644

000144645


32
000145688

000147564
33
000229232

000231358
34
000231651

000234611
35
000234863

000237906
36
000238324

000241034
37
000241286

000243245


38
000244247

000245831
39
000246082

000248500
40
000249169

000251587
41
000252172

000256008


42
000300638

000304725
98
2
43
000305018

000306518
2
44
000306769

000308270
45
000310982

000313400

9010

46
000317530

000320365
47
000323953

000326622
48
000326831

000328081
49
000335965

000338926
50
000339135

000341720


51
000341971

000345557
52
000346100

000349561
53
000350480

000352105
54
000352357

000355943
100
55
000356194

000400197
56
000401324

000402699
57
000403701

000406870
58
000407080

000409623
59
000409874

000411291
60
000412293

000413543
61
000413795

000416588
62
000416839

000420217
63
000420802

000422552
64
000422804

000426515
65
000428017

000430018
66
000432313

000434815
67
000440446

000443115


68
000444701

000447327
69
000447912

000452124
80
70
000453376

000456295


71
000456546

000458797
72
000459048

000503635
40
73
000503928

000505512


74
000505763

000507514
75
000509100

000510517


76
000510768

000512019


77
000512270

000515188


78
000515440

000517107
79
000520278

000525324
40
80
000525575

000527284
81
000527994

000531955
82
000533166

000534666
83
000534876

000536835
84
000539589

000540839
85
000541716

000543842


86
000552018

000553226
87
000553436

000555645
88
000557190

000558940
89
000559609

000600859
90
000601110

000603612
91
000605698

000608992
92
000609327

000610952
93
000611162

000614498
94
000614707

000617751
95
000618002

000621088


96
000621339

000625425
97
000625676

000626927
98
000627887

000629262
99
000629764

000631390
100
000633142

000635977


101
000636229

000638897
102
000641818

000645070
103
000645321

000648323
104
000648574

000650575
105
000651786

000654538
106
000654747

000657207


107
000657625

000659584
108
000701337

000704297


109
000705133

000707134
110
000709429

000711555
111
000711806

000715308
112
000715560

000718103
113
000718563

000720730
114
000727905

000730407


115
000731284

000733535


116
000734036

000736997
117
000737248

000741251
118
000741502

000743587
119
000743838

000745380
120
000746215

000748341
121
000749469

000750719
122
000751137

000753388
123
000753639

000757142
40
124
000757393

000800437
125
000800688

000804649
126
000804901

000806610
127
000809906

000814159


128
000814410

000816495
129
000818039

000819289


130
000819540

000820790
131
000821667

000824419
132
000824670

000826922
133
000827715

000831510
134
000831761

000834679
135
000834931

000836348
136
000836599

000840060
137
000844440

000845690
138
000846609

000849611
139
000851572

000854533
140
000854909

000856785


141
000857036

000858411
142
000858663

000902415
143
000903084

000905210


144
000906295

000909297
145
000909549

000910924


146
000911133

000914886
147
000915263

000916763
148
000918641

000921601
149
000922478

000923687
150
000923896

000927274


151
000927858

000929734
152
000929986

000931403
153
000931821

000933071
154
000933906

000935240
155
000936325

000939494
156
000955219

001000265
157
001003144

001004811
158
001005521

001007063
159
001009567

001010984
160
001011235

001012652
161
001013529

001015155
162
001016032

001019117
163
001021704

001023496
164
001023748

001024998
165
001026292

001028752


166
001029587

001031004
167
001033883

001036593


168
001036927

001039346
169
001041098

001043433
170
001044810

001046853
171
001049231

001050815
172
001051108

001052817
173
001053069

001055320
174
001055613

001056821
175
001058491

001101451
176
001101702

001103787


177
001104038

001107499
178
001108834

001110335


179
001110586

001112045
180
001114131

001117300
181
001118135

001119678
182
001119970

001121221
183
001122765

001123973
184
001125726

001129604
185
001130314

001132482
186
001133609

001135276
187
001140199

001143034
188
001143285

001144953
189
001145621

001147247
190
001147498

001150083
191
001150334

001153002


192
001153879

001155171
193
001155423

001156715
194
001156924

001159551
195
001200261

001204431
196
001204682

001206558


197
001206809

001210437
198
001211313

001213398
199
001213649

001215108


200
001215359

001217986
201
001219238

001220530
202
001220781

001222991
203
001223242

001224492
204
001224744

001227120
205
001227371

001229581
206
001229832

001231166
207
001231417

001233960
208
001234128

001237213
209
001237465

001239466
210
001239675

001242677
211
001242928

001244471
212
001244722

001247098
213
001247349

001249517
214
001252646

001255356
215
001255608

001257817
216
001258027

001259319
217
001259570

001302447
218
001302698

001304324
219
001304575

001306993
220
001307203

001308870


221
001309121

001310663
222
001310915

001312415
223
001315085

001316795


224
001317797

001319923


225
001322176

001324511


226
001326806

001328807


227
001332478

001334312
228
001334522

001336856
229
001337107

001339484


230
001339902

001344030
231
001344615

001345865
232
001347284

001349953
233
001350246

001351955
234
001353374

001356000
235
001356252

001359128
236
001359338

001403716
237
001404385

001408096
238
001409431

001411015
239
001411225

001414352
240
001414603

001417480
241
001417731

001420108
242
001420359

001423736
243
001423988

001426865


244
001427074

001429284
245
001431245

001432912
246
001437459

001440628
247
001441755

001443006
248
001444675

001446467
249
001447177

001449637
250
001449889

001452473
251
001452683

001454183
252
001455311

001457520
253
001458439

001500398
20
254
001502151

001504861
255
001520586

001523171


256
001523422

001525298
257
001527176

001529844
258
001531180

001532555
259
001532765

001535183
260
001535434

001536935
261
001538812

001541189
262
001541440

001542815
263
001543067

001545568
264
001545945

001550198
265
001550449

001552200
266
001552451

001556329
267
001556580

001559248
268
001559750

001601334
269
001601543

001603836
270
001604088

001606297
271
001608008

001609676
272
001611011

001612929
273
001613180

001617225
274
001617476

001620812
275
001621063

001625608
276
001626777

001629821
277
001630739

001633866
278
001636578

001638454
279
001638706

001642125
280
001642376

001644502
281
001644712

001647005
282
001647214

001650550
283
001651260

001653469
284
001656348

001657598
285
001658434

001659934
286
001700853

001702103
287
001702813

001704313
288
001704648

001706274
289
001711905

001713156
290
001716660

001719120
291
001719413

001721205
292
001722291

001723958
293
001724209

001725626
294
001728589

001732050
295
001734428

001735803
296
001736930

001738347
297
001752446

001754238


298
001754406

001755448
299
001755908

001759243


300
001759495

001801454


301
001801705

001804916
302
001805167

001807543
303
001807795

001811047
304
001811340

001812423
305
001812633

001813883
306
001814134

001816677
307
001816929

001819388
308
001820057

001821599
309
001821975

001824185
310
001835489

001837365
311
001847751

001849335
312
001855968

001857343
313
001858804

001900680
314
001901515

001904016
315
001907646

001911315
316
001912651

001914235
317
001915362

001919073


318
001919241

001921951
319
001926206

001927832
320
001931837

001934881
321
001935090

001938634
322
001939344

001941345
323
001941805

001944891
324
001948520

001952857
325
001955986

001958029
326
001958697

002002825
327
002011835

002013461
328
002015380

002016714
329
002018967

002020551
330
002034483

002036776
331
002039780

002042281
332
002043450

002045076
333
002047120

002048913
334
002054169

002055419
335
002055671

002058714
336
002059341

002102385
337
002102678

002103844


338
002104513

002107390
339
002107683

002109433
340
002134042

002136377
341
002136545

002142300