1
000004129

000006380


2
000006548

000009800
3
000011052

000012261


4
000013346

000016890
5
000019686

000022771
6
000022939

000024523
7
000025734

000027443
8
000027652

000030070
9
000032907

000034450
10
000035827

000037244
11
000038788

000040330
12
000040498

000044668
13
000044836

000046879


14
000047255

000048297
15
000048506

000051341
16
000051509

000053010


17
000053178

000055387
18
000055555

000056597


19
000056765

000058265
20
000153863

000155948
21
000156116

000158242
22
000158409

000201203

23
000201371

000205457
24
000206459

000208961
25
000209170

000210504
26
000210672

000213882
27
000217095

000220556
28
000221975

000223350
29
000223518

000226311


30
000227313

000229982
31
000230191

000232609
32
000232777

000234611


33
000234779

000236446
34
000236614

000239074
35
000239826

000242870
36
000244414

000247833
37
000248918

000251503
38
000251713

000255215
39
000255466

000258719
40
000300722

000302264


41
000302473

000305184


42
000305351

000307186
43
000307812

000309271
44
000309981

000312858
45
000313651

000315777
46
000315987

000317863
47
000318031

000321491
48
000323036

000326288
49
000327081

000329374
50
000329584

000332002


51
000332170

000335214
15
52
000336674

000338800


53
000339010

000340886
54
000352232

000354399


55
000354859

000356944
56
000358154

000401323


57
000401491

000404785


58
000404953

000407746
59
000407914

000409623
60
000409791

000412876


61
000413044

000416546
62
000417173

000418632
63
000418800

000421426
64
000422887

000425347
65
000425515

000427015
66
000427183

000429643
67
000429811

000431937
68
000433273

000436566
69
000436734

000439736
70
000440905

000442197
71
000443658

000445367
72
000450456

000451498
73
000451666

000455085
74
000455253

000457796
75
000457964

000501883
76
000502051

000505012
100
77
000510643

000513312
78
000515148

000517691
79
000517942

000520777
80
000520945

000523113
81
000524073

000525324
82
000525533

000528076
83
000528453

000532247
84
000532498

000534916
85
000535877

000537961
86
000538254

000541590
87
000542717

000547429
88
000547597

000550098


89
000551059

000553101
90
000553811

000557064
91
000557273

000558732
92
000558900

000600442


93
000600610

000601985
94
000605406

000607282
95
000607450

000609785
96
000619045

000620295
97
000620463

000623799
98
000623966

000626676
99
000628429

000631056
100
000633810

000636812


101
000636979

000639231
102
000640108

000641608
103
000641776

000644069


104
000644237

000646488
105
000646656

000649825
106
000649992

000653620
107
000654872

000656248
108
000656416

000659167
109
000659335

000701670
110
000701838

000705006
111
000705550

000709469


112
000709637

000712347


113
000712932

000714599
114
000717645

000721148
115
000721315

000723733
116
000723901

000726445
117
000728739

000730532
118
000730700

000731825
119
000731993

000734161
120
000734328

000736371
121
000736539

000739958
122
000740460

000742461


123
000742628

000745172
124
000745339

000748133
125
000751512

000754264
126
000803733

000806526


127
000806694

000809529
128
000809697

000811531
129
000813242

000814951
130
000817121

000818163
131
000818372

000819915
132
000820625

000822626
133
000823294

000825253


134
000830009

000831593
135
000836349

000837557
136
000837725

000841061
137
000841229

000842896
138
000844815

000847692
139
000850780

000852572


140
000852782

000854449
141
000854617

000857953
142
000858162

000900163
143
000900414

000903500
144
000903751

000905585
145
000905753

000907587
146
000908548

000910006
147
000911175

000913134
148
000914011

000916429
149
000916597

000918223
150
000918391

000919975
151
000920142

000922060
152
000924647

000927816
153
000927984

000929025
154
000929193

000932195


155
000937577

000939369
156
000949380

000952382


157
000952550

000954968
158
000958431

001000974
159
001002518

001007272
160
001008774

001012861
161
001013654

001015280
162
001015489

001017866
163
001018117

001020493
164
001020703

001022871
165
001023080

001026249
166
001029545

001033089
167
001033257

001035050
168
001035217

001038011
169
001038304

001040597
170
001041432

001045518
171
001047355

001048480
172
001048689

001050940
173
001052109

001053818
174
001054028

001055820
175
001059450

001101993
176
001102203

001103953
177
001104455

001106539
178
001107249

001109584
179
001109752

001111753
180
001118469

001120637


181
001120846

001123014
182
001124225

001127727
183
001128813

001132107
184
001132358

001135235
185
001135486

001137987
186
001138239

001141074
187
001143869

001146663
188
001146872

001149249
189
001149458

001151084
190
001153129

001154212


191
001154714

001155964
192
001156173

001159050
193
001159552

001203471
194
001205766

001209060


195
001209228

001211521
196
001211689

001214107
197
001215067

001218194
198
001219280

001221573
199
001221741

001223575
200
001223784

001227162
201
001227413

001230373
202
001231625

001234461
203
001236005

001238798
204
001238966

001241134
205
001241302

001245096
206
001245347

001248433
207
001248642

001251519
208
001252271

001255774
7
209
001256317

001257525
210
001258068

001300028
211
001300237

001302155
212
001302364

001303698
213
001303949

001307118
214
001308120

001313249
215
001313959

001316544


216
001316712

001318338


217
001318506

001321216


218
001321383

001322801
219
001327223

001330266
22
220
001330434

001332477
221
001332645

001335396
222
001335564

001337482


223
001337691

001340193
9th
224
001340402

001344113


225
001348661

001350578
226
001350746

001353206

17

227
001353415

001354457
228
001354625

001356793
229
001357837

001400421
17
230
001400589

001403299
16
231
001404802

001406427
232
001407596

001410682
233
001410850

001414561
17
234
001418983

001422485
16
235
001429869

001433746
236
001433956

001437083
237
001441463

001443965
238
001444174

001445717


239
001445926

001447093
240
001448721

001452473
241
001452683

001454100
242
001454310

001456060
243
001500691

001502233
244
001502401

001503651


245
001503819

001506070
246
001506238

001510199
247
001512494

001513745
248
001513913

001517332
249
001518667

001520335
250
001524173

001527133
251
001527718

001531471
252
001531639

001534390
253
001534558

001538770
254
001539021

001542023


255
001542191

001546319
256
001547613

001551908
257
001552076

001554869
258
001555037

001558164
259
001558332

001600166
260
001600751

001603336


261
001603504

001607048
262
001608008

001609634
263
001610010

001612971
264
001616308

001617392
265
001617559

001620687
266
001620896

001625525


267
001625693

001628611
268
001628821

001630697
269
001630948

001633616
270
001634743

001638621
271
001640249

001641833
272
001642001

001646879
273
001648590

001650925


274
001651093

001652677
275
001652845

001654971


276
001655139

001658016


277
001658225

001700643
278
001700811

001704731
279
001706442

001708026


280
001708235

001709736
281
001712781

001715241
282
001715451

001718369
283
001718620

001723082
284
001724668

001726502
285
001726670

001731299
286
001733177

001735136
287
001735304

001738181
288
001738766

001743603
289
001743854

001745021
290
001746982

001750568
291
001750736

001752403
292
001752613

001755448
293
001755657

001758785
294
001800204

001804791
15
2032
295
001805000

001807168
296
001807336

001810338
297
001811256

001813216
298
001816887

001819847
299
001820015

001823601
300
001823769

001825603
301
001825771

001829357
302
001831235

001832276
303
001833028

001836280
304
001837491

001839867
305
001843247

001844914
306
001845207

001847792
307
001849753

001852255
308
001854758

001856134
309
001859263

001900429
310
001901014

001904934
311
001905102

001906811
312
001906979

001910940
313
001911108

001913651
314
001917781

001919031
315
001919199

001921909
316
001922077

001924745
317
001924913

001928291
318
001928458

001930960
319
001931128

001935506
320
001935674

001937717
321
001937885

001940094


322
001940262

001942680


323
001942848

001946559
324
001948061

001949312
325
002004411

002007371
326
002019593

002022845
327
002023055

002025681
328
002026725

002028142
329
002028310

002031479
330
002031647

002032855
331
002033023

002036275


332
002038362

002040905


333
002041073

002042865
334
002043033

002045284


335
002045577

002047203
336
002047371

002050623


337
002053085

002054669


338
002054836

002058005
339
002058173

002059924


340
002100092

002102593
341
002105472

002108349