1
000002168

000003585


2
000003753

000005671
3
000005839

000009258
5th
4
000009426

000012052


5
000012220

000014763
12th
6
000014931

000017558
7
000018393

000020853
8
000021021

000025733
19th
9
000031364

000032656


10
000032824

000035200
11
000038455

000040122
12
000040290

000043584
13
000043752

000046253
14
000046421

000048839
15
000049007

000051425
16
000052510

000054762
17
000054929

000058599
18
000058767

000101727
19
000103271

000106231
20
000108109

000110986
21
000111154

000112446
22
000152946

000158075
23
000158284

000201954
24
000203248

000205874
25
000206543

000210003
14
26
000210171

000212548
27
000212715

000216260
28
000218012

000219054


29
000219222

000220973


30
000221141

000223475
31
000224102

000226645


32
000228064

000230774
33
000230942

000232568
34
000232735

000235070
35
000238449

000240742
36
000240910

000243495
37
000243663

000245831

38
000245999

000247541


39
000247709

000250544
40
000255884

000300512


41
000301806

000304975
42
000305143

000307686


43
000307854

000309646
44
000309814

000312107
45
000312275

000314776


46
000314944

000318197
47
000319490

000320574
48
000320742

000323660
49
000324329

000326038
50
000326831

000329291


51
000329459

000330792
52
000330960

000335881


53
000341471

000343347
54
000346351

000350354


55
000350521

000353815
56
000353983

000357152
57
000358154

000401949
58
000402116

000405452
59
000405620

000406662
60
000416172

000417839
61
000419342

000423262
62
000423429

000425847
63
000426015

000429476
64
000430812

000433021
65
000433189

000435482
66
000436359

000437901
67
000439862

000441113
68
000441281

000443282
69
000443992

000446201
70
000446369

000449538
71
000449706

000452374
72
000452542

000455294
73
000455461

000500799
74
000500967

000503427


75
000503594

000506763
76
000506931

000509057
77
000510101

000511977


78
000512145

000514479
79
000519360

000520694
50
80
000522030

000523071
81
000523239

000526408
82
000526576

000529703
83
000529871

000533040
84
000534917

000537627
85
000537795

000541798
86
000543551

000547637
87
000547805

000550682
88
000550850

000554644


89
000556481

000557647


90
000557815

000601985


91
000602612

000603904
92
000604072

000606198
93
000606366

000608283
94
000608451

000612746
95
000612914

000615082
96
000617085

000619711
97
000620588

000622881
98
000624342

000628720
99
000628888

000631848


100
000632016

000634142
101
000634310

000638021
102
000638189

000641733
103
000641901

000644569
104
000644737

000647239
105
000647407

000650409
106
000651953

000654830
107
000654997

000657457
108
000657625

000701086
109
000704882

000707676
110
000707844

000709469
111
000709637

000711513


112
000711681

000713390


113
000713558

000715642
114
000716394

000720522
115
000720690

000723108
116
000723276

000726319
117
000728281

000729656
118
000730867

000733285
119
000733453

000736079
120
000736247

000738123


121
000738291

000742169
122
000742336

000744921


123
000745089

000748675
124
000752889

000757142
125
000757310

000800645


126
000800813

000803231


127
000803399

000806151
128
000806319

000808695
129
000808863

000811198


130
000811365

000813992
131
000814160

000816995


132
000817163

000818705
133
000818873

000822667
134
000824462

000828965
135
000835348

000837891


136
000838059

000841436


137
000841812

000843897
138
000844065

000846066
139
000847360

000848527
140
000849820

000852322


141
000853407

000855033


142
000855201

000856868


143
000857036

000858870


144
000859038

000902082
145
000902250

000904668
146
000904835

000908421
147
000913553

000914636
148
000914804

000917639
20yearold
149
000917807

000919599
150
000919767

000924396


151
000924564

000926940
152
000927108

000931695
153
000932196

000933989
154
000934156

000936825
155
000936993

000938159
156
000938327

000942122


157
000942290

000944583
158
000947628

000949087


159
000949255

000951006


160
000951173

000953633
161
000953801

000957137
162
000958222

001000724
163
001000891

001004227
164
001004395

001006771
165
001006939

001008607
166
001008774

001012444
167
001012612

001015905
168
001017825

001020118
169
001020286

001022579
170
001022747

001026458
171
001026626

001029628


172
001029795

001033715
173
001033883

001035842
174
001036010

001037761
175
001039597

001041348
176
001042516

001043767
177
001046687

001048229
178
001050191

001051274
179
001054487

001057781
180
001105081

001106247
181
001107208

001109626


182
001109794

001111628
183
001111796

001114047
184
001114215

001116800
185
001116967

001119427
186
001119595

001121429
187
001122640

001126726
188
001126894

001129938
189
001130106

001132065
190
001134694

001136111


191
001136278

001137946


192
001138114

001140740


193
001142159

001145787
194
001146997

001151126
195
001151293

001152711
196
001155047

001156506
197
001156674

001158758
198
001158926

001203221
199
001203389

001206307
200
001207727

001210395
201
001210563

001214816
202
001214984

001218111


203
001218279

001222407


204
001223075

001226286
205
001226454

001229539
206
001229707

001232959
207
001233127

001237005
208
001237173

001241509
209
001241927

001244888


210
001247808

001250643
211
001250811

001252187
212
001252354

001255857
213
001256025

001258026


214
001258194

001300487
215
001300654

001302864
216
001303032

001306284
217
001306452

001310371
218
001311540

001313374
219
001313542

001318087
220
001318255

001321591
221
001325054

001327639
222
001327807

001330391
223
001330559

001332685
224
001336023

001339359


225
001339527

001342987
226
001344198

001346908


227
001348202

001352121
228
001352289

001353331


229
001353499

001357001


230
001357169

001359963


231
001401215

001405426
232
001411308

001412934
233
001413102

001415436
234
001415604

001419315


235
001419859

001424279
236
001424446

001427657
237
001427825

001430326
238
001430494

001433079
239
001433706

001437792
240
001439795

001442839
241
001444550

001447010
242
001451891

001455393
243
001455561

001500148
244
001500316

001502525


245
001502693

001504235
246
001504403

001507864
247
001510159

001514787
248
001514955

001518458


249
001520794

001525006
250
001525174

001529260
251
001529428

001533056
252
001533223

001536976
253
001539480

001543107
254
001543275

001548988
255
001549782

001551282
256
001552409

001554118
257
001554870

001556704
258
001558499

001600458
259
001600626

001604504
260
001604672

001608216
12yearold
261
001608384

001612345
262
001613764

001618893


12yearold
263
001619061

001623147
6
264
001623315

001625817


265
001625985

001628778
266
001628946

001631614
267
001631782

001633574
268
001633742

001635702
269
001636787

001638913
270
001639081

001642000
271
001642167

001644794
272
001648173

001651759
273
001654555

001656055
274
001658183

001700351
275
001700519

001703479
276
001706442

001709444
600
277
001709611

001712530

700

600
278
001712698

001714699
600
279
001714867

001719954
700
600
280
001720122

001723166
700
281
001723333

001727420

00
282
001728005

001730715


283
001730883

001733176


284
001733343

001736721
285
001737890

001740767


286
001740934

001744771
287
001744938

001747648
288
001747816

001750443
289
001751361

001753112


290
001753280

001755448
291
001757284

001800620
292
001800788

001804749
293
001805751

001807877
294
001813092

001816135
295
001819014

001825019
296
001825187

001827355
600
297
001827523

001829440
700
298
001830442

001833611


299
001833779

001837448
300
001838117

001840868
301
001847042

001849001
302
001849169

001851796
303
001851964

001855383
304
001901181

001903724
305
001903892

001908312
306
001908480

001911107


307
001911775

001915403
308
001915571

001917613
309
001917781

001921701


310
001922661

001926330
311
001926498

001930126
312
001930294

001932670


313
001932838

001935590
314
001935757

001938050
315
001938677

001941262
316
001941430

001944265
317
001944433

001949687
318
001949855

001952607
319
001954234

001955735
320
001955903

001959113
321
001959281

002002200


322
002002367

002003993
323
002004161

002007330
324
002007497

002009665
325
002013545

002015254
326
002020344

002022261
327
002022971

002024764
328
002024932

002026807
329
002027017

002028392
330
002028560

002033105
331
002033273

002035733
332
002035901

002039403


333
002039571

002041530
334
002042908

002046494
335
002046662

002049956
336
002050457

002052041
337
002052209

002054418
338
002054586

002057630
339
002100050

002103302
340
002106556

002108266
341
002108433

002111769
342
002111937

002114522


343
002114690

002116482


344
002116650

002119360
345
002121822

002124949
346
002125117

002127743
347
002127911

002130538


348
002134835

002137336
349
002137504

002140923


350
002141091

002144885
100
351
002145053

002146679
352
002151977

002153978
353
002156732

002158733