1
000003420

000005295


2
000005463

000008674
3
000008842

000010009


4
000010176

000012636


5
000014556

000016348
6
000016516

000021562
7
000021730

000023522
8
000023690

000025441
9
000025608

000027359
10
000029904

000032781


11
000032949

000038746
12
000038913

000040706
13
000042042

000043959
14
000044127

000047046


15
000047213

000048464


16
000048631

000052718
17
000052886

000055596
18
000055764

000059016
19
000059184

000102686
20
000103646

000106982
21
000107192

000110194
22
000110361

000115115
23
000115283

000118077
24
000200870

000202830


25
000202997

000205582
26
000205750

000208502
27
000209212

000210629
28
000210797

000212923
29
000213091

000216844
30
000217011

000218762


31
000218930

000222057
32
000222225

000223517
33
000223685

000225185
34
000225353

000226687
35
000226855

000228522
36
000229023

000233735
37
000233903

000235529


38
000235697

000237990
39
000238158

000240868
40
000241035

000243745
41
000243913

000246415
42
000246583

000248834
43
000249002

000252087
44
000252255

000255340
45
000256009

000300345


46
000301139

000302764
47
000302932

000304850
48
000311232

000313358


49
000313526

000315569
50
000315737

000318780
51
000318948

000321825
52
000321993

000323911


53
000324078

000326288
54
000326456

000327789
55
000329167

000331335


56
000331502

000333045
57
000333213

000336465
58
000336716

000339635


59
000344599

000347476
60
000347644

000352481


61
000352649

000356360


62
000356527

000357903
63
000358071

000400280
64
000401324

000403408
65
000403576

000407412
66
000407580

000411208


67
000413670

000416213
68
000424264

000426807
69
000428184

000430060
70
000430812

000433230
71
000435149

000438235
72
000443908

000446076
73
000446244

000447494
74
000448579

000450539
75
000450707

000452791
76
000452959

000455419
77
000457005

000459339
78
000459507

000502134
79
000504762

000507097


80
000507265

000509975
81
000515064

000516648
82
000517775

000520569


83
000520737

000521737
84
000523114

000526658


85
000526826

000529911


86
000535084

000537044


87
000540089

000543842
88
000544344

000546053
89
000546220

000549014
90
000549182

000551433


91
000553436

000557105
92
000557273

000559066
93
000559233

000601651
94
000601819

000603779
95
000609243

000611370
96
000611537

000614414


97
000614582

000618168
98
000618336

000620337
99
000623174

000624883


100
000626344

000631098


101
000633017

000637646
102
000637814

000640899
103
000641067

000644194
104
000648199

000651827
105
000653663

000656081
106
000658126

000701503
107
000703673

000707342


108
000716352

000717853


109
000720523

000722983


110
000723151

000725485
111
000726821

000728989


112
000729157

000730866


113
000731033

000734536


114
000734704

000738165
115
000738332

000741960


116
000744464

000746047
117
000746215

000751761
118
000751929

000753805
119
000753973

000756766


120
000756934

000759728


121
000759896

000801563


122
000801856

000803023


123
000803191

000806067


124
000806235

000808403
125
000810823

000815494


126
000815661

000817913
127
000818080

000820916


128
000821083

000824127
129
000824295

000826922
130
000827089

000830759
131
000831469

000835764


132
000837350

000840727


133
000840895

000846149


134
000846484

000850445


135
000856827

000858828


136
000858996

000902374


137
000903084

000906670
138
000906837

000909089


139
000909257

000912592
140
000912760

000914719


141
000914887

000920642
142
000920810

000922978
143
000923729

000925105


144
000925273

000928483


145
000928651

000930986
146
000931153

000934072
147
000934240

000937617
148
000937785

000942831
149
000942999

000945208
150
000947670

000950547
151
000950715

000953258
152
000953426

000959222
153
001000558

001002684


154
001002852

001004894
155
001005062

001006605
156
001008190

001010150
157
001013821

001015488


158
001015656

001019826
159
001019994

001024914
160
001025082

001027459


161
001027627

001031463


162
001034759

001037260
163
001039513

001041723


164
001041891

001043892


165
001044060

001047562
166
001048522

001051274
167
001053235

001056780
168
001058616

001100617


169
001100785

001105163


170
001105331

001106956
171
001107124

001109751


172
001110586

001112212
173
001113339

001115632
174
001115800

001118593
175
001118761

001121262
176
001121430

001123932


177
001124350

001127435


178
001127687

001128937
179
001130773

001133942
180
001134110

001136569


181
001136737

001140573
182
001140783

001143660
183
001143828

001144911
184
001145079

001147497


185
001149417

001152377


186
001155172

001157799
187
001157967

001201386
188
001201595

001205515
189
001207935

001210854


190
001212440

001214482
191
001216485

001218695
192
001219405

001220822
193
001220990

001225869
194
001226704

001230540
195
001235671

001238339
196
001238507

001241634


197
001241802

001242886
198
001243596

001247056


199
001249852

001252353


200
001252521

001256691
201
001257985

001302864


202
001303032

001305116
203
001305284

001309996
204
001310915

001313666
205
001313834

001317128
206
001317296

001319380
207
001319548

001323218
208
001325262

001329682


209
001330434

001333394


210
001333562

001334771
211
001334939

001337899
212
001346659

001349911
213
001350079

001352997


214
001353165

001357210
215
001359088

001401089


216
001401549

001405176
217
001405928

001408721
218
001409890

001413309
219
001413477

001416604
220
001417731

001420650
221
001420818

001422193
222
001422361

001425780
223
001425948

001427949
224
001428450

001429742
225
001431662

001435790


226
001435958

001438376
227
001439378

001441546


228
001444008

001446134
229
001446302

001447927
230
001448888

001450722
231
001450890

001452765
232
001452933

001455059
233
001455227

001457395
234
001457563

001500440
235
001500608

001504903
236
001505070

001508156
237
001508324

001511451
238
001511911

001513077
239
001513495

001515204


240
001516123

001518499
241
001518667

001521878
242
001522046

001524631


243
001525424

001527216
244
001528135

001531012


245
001531180

001536017
246
001536185

001537310
247
001537478

001542357
248
001542524

001545193
249
001546028

001547695
250
001547863

001550823


251
001554078

001558081


252
001558958

001602961
253
001603128

001606130
254
001609176

001612595
255
001613806

001616265
256
001616433

001618309


257
001618477

001621187
258
001621355

001623398
259
001625109

001626734
260
001633200

001638830


261
001639248

001642834
262
001648424

001653720


263
001653887

001656264
264
001658434

001701561


265
001702604

001707859
266
001708944

001713114
267
001713282

001716075
268
001716243

001717827
269
001717995

001721622
270
001723584

001726294
271
001727212

001732300


272
001733761

001736095


273
001736972

001739474


274
001740851

001743061


275
001743228

001744812
276
001744980

001746731
277
001746899

001748232
278
001752654

001755448


279
001755616

001759410
280
001759578

001801204
281
001801371

001803748
282
001806335

001810046
283
001810214

001814008


284
001814176

001818513
285
001820349

001824310


286
001824478

001828689
287
001828857

001832193
288
001832361

001836322
289
001837991

001842995
290
001843163

001845540
291
001845707

001848668
292
001848836

001851963


25
293
001852548

001854882
294
001856343

001859428
295
001902057

001903641
296
001904601

001906811
297
001907020

001912483
298
001914611

001916863
299
001917698

001918823
300
001923453

001927915
301
001928083

001930293


302
001930460

001933838
303
001934006

001936215
304
001938760

001942722


305
001942890

001944515
306
001946435

001949145
307
001950647

001954192


308
002000073

002002783
309
002012502

002014086


310
002014463

002017381
50
311
002018675

002021719


312
002021887

002023763
313
002024514

002027141
314
002027309

002031729
315
002031897

002034649
316
002035651

002038402


317
002038570

002045076
318
002045327

002048412
319
002048664

002052124
320
002052334

002054585
321
002059758

002102510
322
002102678

002106472
323
002106640

002109850


324
002110018

002112353


325
002112521

002114730
326
002114898

002118150
327
002120070

002124156
328
002126201

002129120
329
002129288

002130913
330
002131081

002132999
331
002134001

002135584
332
002137170

002139338
333
002145387

002147096