1
000002962

000005715
2
000005881

000008259


3
000010720

000012805
4
000013180

000014849


5
000015266

000017268
6
000017435

000020479


7
000020688

000023441
8
000025443

000027737
9
000027903

000029905
10
000030072

000032616
11
000035161

000037121
12
000037329

000039206
13
000039415

000042460
14
000044420

000046589
15
000046756

000049925
16
000050092

000053095


17
000053262

000056891
18
000059769

000102354
19
000103314

000105232
20
000106901

000109070
21
000109236

000111322
22
000111489

000114241
23
000114408

000116410
24
000118412

000121123
25
000212341

000213384


26
000213551

000216804
27
000217012

000219473
28
000220141

000222893


29
000224728

000227189
30
000227398

000228941


31
000229108

000230776


32
000230985

000233195
33
000233362

000235531
34
000235739

000237074


35
000237241

000240953
36
000241120

000245249
37
000245457

000247084


38
000247251

000249420
39
000251046

000253757


40
000253924

000256427
41
000256635

000300431


42
000300598

000302641


43
000302808

000304268
44
000304435

000306395


45
000306562

000308731
46
000308898

000312776
47
000312943

000314904
48
000315112

000317406
49
000327833

000330586


50
000330753

000333714
51
000333881

000338469
52
000338677

000340471
53
000340638

000344183
54
000344934

000346644
55
000347853

000353067
56
000355986

000358113
57
000359740

000401617
58
000409124

000412169
59
000412336

000415297
60
000415923

000417758
61
000419426

000423847
62
000424014

000427518
63
000427685

000432856
64
000434024

000437319
65
000437528

000440197
66
000440364

000444743
67
000444952

000449081
68
000449248

000450582


69
000450749

000453836
70
000454044

000455462


71
000455629

000457256
72
000459133

000501302
73
000501885

000503178


74
000503387

000505055
75
000505222

000508267


76
000508434

000511812
2
77
000511979

000513772
78
000516025

000518652
79
000519320

000521071
80
000521238

000523615


81
000523824

000527328
82
000527536

000530205


83
000530372

000534084
84
000536253

000538380
85
000539256

000545304
86
000546930

000551310
87
000551477

000554938
88
000555105

000556857


89
000557024

000600903
90
000601070

000602905
91
000603072

000604698


92
000604865

000606033
93
000606200

000608619
94
000608786

000609953
95
000612539

000614708
96
000615250

000620172
97
000620339

000621382
98
000623092

000625094
99
000626887

000628514
100
000628680

000631725
101
000633894

000635729
102
000635896

000637940
103
000638107

000642111
104
000643487

000648534
105
000648742

000652996
106
000653163

000655499
107
000658836

000702965
108
000703132

000704174
109
000704341

000707094
110
000707261

000709179


111
000709388

000712141
112
000712349

000714560
113
000715144

000719022
114
000719231

000721483


115
000721650

000722734


116
000722901

000725154
117
000725320

000728991


118
000729158

000733704
119
000738625

000740586
120
000744715

000746800
121
000746967

000750554
122
000750721

000754141
123
000754308

000758937


124
000759313

000801982
125
000802149

000803942


126
000804151

000807321
127
000809281

000811742
128
000813702

000817414


129
000817623

000821168
130
000822586

000825422


131
000825631

000830302


132
000830469

000834932
133
000835098

000837518


134
000837726

000839853
135
000840062

000844274


136
000844483

000847945


137
000848153

000849905
138
000850072

000851782
139
000851990

000853367
140
000853575

000854618
141
000854785

000858121
142
000859623

000902543
143
000906630

000907798
_H6Y
_H6Y
144
000907965

000911426


145
000911593

000914346
146
000914513

000918183


147
000918350

000923689
148
000924439

000928110


149
000930195

000932281
150
000933532

000934658
151
000934866

000939997
152
000940163

000941707
153
000941873

000944835
154
000945043

000950591
155
000950841

000956221
156
000956388

000958181
157
001001184

001003437


158
001003604

001006189
159
001006356

001009151
160
001009318

001010861
$500
161
001015032

001018076


162
001018243

001021955


163
001022122

001028045
164
001029588

001033342
165
001033508

001036928
166
001037095

001041475
167
001043310

001045479
168
001046229

001050734
169
001051526

001053403
170
001053612

001056156
171
001056323

001058325
172
001107626

001108794


173
001108960

001111338


174
001111505

001114174


175
001114383

001116968
176
001117844

001119221
177
001119429

001123684
178
001123850

001126978
179
001127187

001128897
180
001129064

001132609
181
001132776

001137989
182
001138198

001142077


183
001142244

001145789
184
001146498

001150669
185
001150877

001154005


186
001156466

001201430
187
001201638

001203014
188
001204683

001207686
189
001207894

001210689


190
001210897

001214151


191
001214317

001216486
192
001216653

001221658
193
001221867

001223910
194
001225078

001227205
195
001227372

001230834
196
001233837

001237299
197
001237466

001239760


198
001239926

001242804
199
001242971

001248810
200
001249311

001252189
201
001252397

001255275
202
001256985

001259029
203
001259196

001302407
204
001302616

001305702
205
001305869

001307412
206
001312542

001315378


207
001315587

001320717
208
001320884

001323804


209
001323970

001328767
210
001330560

001331603
211
001331812

001335273
212
001335482

001337692
213
001340821

001344741


214
001351665

001353583


215
001353750

001355502
216
001355710

001359714


217
001401007

001403593
218
001403802

001406179


219
001406388

001409432


220
001410308

001414187


221
001415063

001418942


222
001419109

001421862


223
001424072

001429911


224
001432581

001435292
225
001435458

001439004


226
001439170

001442757
227
001443258

001445927
228
001446136

001447637
229
001447804

001450348
230
001450515

001453643
231
001453810

001455395
232
001455562

001459900
233
001501359

001505322
234
001505488

001510285
235
001514497

001517250


236
001517417

001520211
237
001520378

001523089


238
001523256

001528261
239
001531306

001533475


240
001541942

001544527
241
001544819

001546321
242
001547322

001552160
243
001552327

001554913
244
001555080

001557832

245
001557999

001602587


246
001604547

001608885
247
001609094

001614224
248
001614641

001618728
249
001621398

001623942
250
001626277

001627779


251
001627988

001630532
252
001631324

001633451
253
001634619

001637664


254
001637831

001642210
255
001642377

001644921
256
001645255

001648842
257
001649009

001652012
258
001652554

001657892
259
001658101

001701604
14yearold
260
001701813

001703356


261
001703565

001707736
14yearold
262
001707944

001711656


263
001713199

001717120
264
001717871

001721374
265
001721541

001724252
266
001726004

001730133
267
001730300

001733845
268
001734012

001738641
269
001739768

001741603
270
001742604

001745899
271
001746107

001749819
272
001750028

001753239


273
001756326

001800080
274
001800246

001802707
275
001804834

001807295
276
001807837

001811341
277
001813676

001816471


278
001816971

001819474
279
001819641

001821684


280
001821851

001823561
281
001824229

001827273
282
001827440

001829984
283
001830151

001833863
284
001834030

001837659
285
001837826

001840537
286
001841412

001845375


287
001845542

001848545
288
001849838

001854634
289
001854801

001857804


290
001857971

001903685
291
001905603

001908523


292
001908731

001910692
293
001920743

001923621
294
001928293

001934757
295
001934966

001938469
296
001939804

001942932
297
001943099

001947937
298
001949647

001952275
299
001957739

002000325
300
002000491

002005079
301
002005246

002006289
302
002008750

002011753
303
002012420

002014214
304
002015673

002018760
305
002020678

002023139


306
002023306

002024349
307
002025683

002027060
308
002027227

002028519


309
002028978

002031773
310
002031981

002034442
311
002034609

002036986
312
002037820

002041324
313
002041532

002046621
314
002049332

002052335
315
002052502

002054462
316
002054671

002059092
317
002059676

002101177
318
002104013

002107558


319
002107725

002109644


320
002109852

002115775


321
002120321

002122240
322
002123533

002126077
323
002126286

002128997
324
002129163

002134252
325
002136254

002138506
326
002140758

002144804


327
002145013

002148933
328
002149100

002152937
329
002205616

002207827
330
002208911

002213875
331
002214584

002217086
332
002217420

002219797
333
002222008

002225303
334
002225511

002227972
335
002229098

002231684
336
002231893

002235521

