1
000005755

000007423

2
000007632

000008924
3
000009134

000010175
4
000010385

000013178
5
000013388

000016056


6
000016266

000017307
7
000017517

000020602
8
000020812

000022855
9
000024065

000025274
10
000025483

000028819
11
000029029

000032239
12
000033616

000034992
13
000035201

000037161
14
000037370

000039788
15
000040623

000043292
16
000043501

000045002
17
000046463

000047880
18
000048089

000050049
19
000050258

000052801
20
000053011

000055429
21
000055638

000058682
22
000058892

000101393
23
000101603

000104313
24
000105148

000108567
25
000108777

000111195
26
000111404

000113947
27
000114157

000115991
28
000118578

000120954
29
000215218

000218095
30
000218304

000221640
31
000221850

000226728
32
000227939

000229648


33
000229858

000231191


34
000231401

000236238
35
000238783

000242661
36
000242871

000244621
37
000252505

000253964
38
000255633

000257384
39
000257886

000301513
40
000302557

000304391


41
000304601

000306351
42
000306561

000307603


43
000307812

000309062
44
000310023

000312107
45
000312567

000313984
46
000315862

000319239


47
000319449

000322784
48
000323578

000326622
49
000326831

000330834
50
000331669

000333962
51
000334172

000336506


52
000336716

000338342
53
000340094

000342346
54
000345099

000347601
55
000355652

000356693
56
000356903

000400072
57
000400281

000401907
58
000408539

000410290
59
000411709

000413168
60
000415213

000417589
61
000418383

000421260
62
000423221

000424972
63
000426099

000427307
64
000429435

000430602
65
000431229

000434231


66
000434440

000435857
67
000445034

000446451
68
000449622

000452457


69
000452667

000454001
70
000454210

000455460
71
000455670

000457504
72
000457714

000500340
73
000500550

000502009
74
000504137

000506680
500
75
000506889

000510142
76
000510852

000513312
77
000513521

000516732


78
000516941

000519568
79
000519777

000523363
80
000524574

000525699
81
000525908

000527993
82
000528202

000530495
83
000530705

000533123
84
000533333

000536168
85
000536377

000539546
86
000539756

000541381
87
000541591

000546636
88
000546846

000549222
89
000549432

000551266
90
000554312

000556355
91
000557065

000559399


92
000559609

000602194
93
000602403

000604988
94
000606282

000609659
95
000609869

000611745
96
000611954

000614456


97
000615750

000617376
98
000617585

000619544
99
000623591

000625675
100
000625885

000628345
101
000628554

000632682
102
000632892

000634851

103
000635061

000636812
104
000637021

000638897


105
000639107

000642109


106
000642318

000645779
107
000648699

000649741
108
000649951

000653078
109
000653287

000654913
110
000655415

000656456
111
000656666

000658250
112
000701712

000703171
113
000703381

000706299
114
000706509

000710345
115
000711055

000715392
116
000715601

000719396
117
000719605

000722107
118
000722316

000725652
119
000725862

000729573
120
000729782

000731616
121
000733578

000735120
122
000735329

000737080
123
000741252

000742419
124
000742628

000745338

125
000745548

000748467
126
000751095

000752637
127
000756058

000800270
128
000806694

000808195
129
000810072

000813241
130
000813451

000817579
$500
131
000817788

000820665
132
000823920

000825921
133
000826130

000829382
$1000
134
000831052

000833345
135
000833554

000834638
136
000834847

000836389
137
000838059

000839100

138
000839310

000841102
139
000844232

000846608
140
000846817

000848527
141
000848736

000850237
142
000850947

000854491
143
000856118

000858370

144
000859539

000902457
145
000908881

000911174
146
000914262

000915679
147
000915888

000919307
148
000919517

000921351
149
000921561

000922727
150
000923145

000924521
151
000925439

000926898
152
000929569

000931987
153
000932196

000933655
154
000933864

000935323
155
000935533

000938118

156
000938327

000940412
157
000940621

000942414

158
000942623

000943957
159
000948504

000951464
160
000951674

000953675
161
000954552

000955677
162
000957096

000958430
163
000958639

001000890
164
001001100

001003727
165
001006814

001009024
166
001009233

001010442
167
001010651

001013403
168
001013613

001014779
169
001014989

001017532
170
001017742

001018825


171
001019035

001022495
172
001022705

001025332
173
001029128

001031630


174
001032465

001035675
175
001038512

001040055
176
001053277

001054861
177
001057198

001058365
178
001059742

001101117
179
001101327

001103870


180
001104705

001107624
181
001108709

001111002


182
001111212

001114756
183
001114965

001118426
184
001122056

001125475
185
001125685

001127686
186
001127895

001130522

187
001131857

001133441
188
001133651

001136111
189
001136320

001140281


190
001140491

001143910
191
001144120

001148832
192
001149166

001151376


193
001157383

001200218


194
001200428

001203138


195
001203347

001206349
196
001207143

001208768
197
001208978

001210061
198
001210271

001212647
$1000
199
001213232

001214607
200
001215735

001217318
201
001217570

001220196


202
001220406

001222115
203
001222324

001224242
204
001224952

001227412
205
001227621

001229247
206
001229457

001231374
207
001231584

001234461
208
001234670

001236796
209
001237423

001238840
210
001239049

001241551
211
001242511

001243803

212
001345825

001347283
213
001348035

001349077
214
001349286

001350453
215
001350663

001353665


216
001359338

001401214
217
001401590

001402924
218
001403133

001404676
219
001405052

001407220
220
001407429

001410849
221
001412768

001415395
222
001417940

001419148
223
001419358

001420775
224
001421777

001424237


225
001424446

001425947
226
001427741

001429534
227
001429743

001434038


228
001434248

001436958
229
001437167

001439335
230
001439545

001441671
231
001441881

001444215
232
001446176

001449470
233
001456645

001459898
234
001501984

001503359
235
001503819

001505528
236
001506572

001507739
237
001508449

001513119
238
001515956

001519083
239
001519293

001521544
240
001522880

001523922
241
001524131

001525381
242
001527593

001530845
243
001531055

001533848
244
001536018

001537769
245
001537978

001541064
246
001542358

001546694
247
001547279

001548863
248
001602252

001605838
249
001606215

001607465
250
001608926

001612887
251
001614348

001616724
252
001616934

001620395
253
001621480

001622772
254
001622982

001624565
255
001624775

001627735
256
001627945

001630530
257
001630781

001633366
258
001633575

001635535
259
001638122

001640915
260
001641125

001643042
261
001643252

001645128
262
001645337

001650008
263
001650801

001652343
264
001652553

001654637
265
001654847

001657098
266
001657307

001659100
267
001659309

001702937
268
001705441

001706816
269
001707026

001708776
270
001708986

001710820
271
001712239

001714407
272
001716035

001718369
273
001719163

001723166
274
001724084

001725877
275
001728130

001729672
276
001732384

001736179
277
001736597

001738723
278
001749109

001750151
279
001751987

001753404
280
001753614

001755406
281
001800496

001802121
282
001802331

001804957
283
001806001

001809921
30
284
001811465

001816052
285
001817429

001818846
286
001819765

001820807
287
001821016

001824143
288
001825771

001827688
289
001829441

001832151


290
001832694

001834195
291
001834988

001837240
292
001838325

001841077
293
001843122

001845915
294
001847501

001848918
295
001850003

001851337
296
001851922

001855383
$7000
297
001855592

001857635


298
001857845

001900221
299
001901640

001903850
300
001904059

001905143
301
001905352

001908187
302
001908397

001911524
303
001914444

001917155


304
001919741

001921951

305
001922161

001924120
306
001924329

001927123
307
001927332

001928624
308
001931503

001933629


309
001937050

001938885
310
001939553

001941846
311
001943348

001947393
312
001948395

001950813
313
001955360

001957361
314
001959781

002001741
315
002001950

002004952
316
002005329

002007205
317
002009791

002011709
318
002013337

002014712
319
002015797

002017548
320
002017758

002020843
321
002024348

002026933


322
002027142

002029393
323
002029603

002031395
324
002031688

002033689
325
002033899

002037777
326
002039905

002043908


327
002045661

002047078
328
002047287

002051958
329
002053126

002056170
330
002056380

002057546
331
002102427

002105972


332
002106181

002108808
333
002109726

002111310
334
002116441

002117858
335
002118068

002121988


336
002122614

002124782
337
002124992

002126867


338
002127077

002129412
339
002130080

002131831
340
002139172

002142383
341
002144428

002146178
342
002146722

002150266
343
002155105

002157106

344
002159067

002200943
345
002202029

002204947


346
002210370

002212955
347
002219629

002220838
348
002221048

002223841

349
002227471

002229764

350
002229973

002231223
351
002231433

002234560
352
002234770

002237355
$7000
353
002238607

002240024