1
000003420

000005671


2
000006214

000007840


3
000008008

000010843
4
000011052

000013220


5
000013388

000017307
6
000019728

000021770


7
000022188

000024231
8
000024399

000027067
9
000029738

000031947
10
000032115

000037119


11
000037287

000039747
12
000039956

000043375
13
000044586

000046920
14
000047088

000049423


15
000049591

000053010


16
000053178

000055846


17
000056056

000059058
18
000059517

000102561


19
000102729

000106065
20
000108318

000109443
21
000109694

000111487
22
000113656

000116116
23
000116326

000120913


24
000121081

000123499
25
000123917

000125751
26
000128004

000129296
27
000129506

000132049
28
000225979

000228105
29
000228273

000230899


30
000232902

000235863
31
000236030

000239908
32
000240451

000243787
33
000246166

000247499


34
000247667

000249960
35
000250128

000252004
36
000252213

000254673
37
000256509

000258343
38
000258553

000301180
39
000301347

000306810
40
000307562

000311273
41
000311608

000314526
42
000314694

000317696
43
000317906

000319448


44
000319616

000322075
45
000322243

000324786


46
000324954

000327247
47
000327457

000329124
48
000329292

000333045
49
000340595

000342471


50
000342639

000345349
51
000345558

000348560
52
000348728

000350604
53
000350897

000353649


54
000353816

000357319
55
000357570

000400197
56
000400365

000403617
57
000403785

000408705
58
000408873

000411250


59
000411417

000414586
60
000414754

000418423
61
000419676

000422719
62
000422887

000425681
63
000426140

000428100


64
000428268

000430269
65
000430478

000434439
66
000434607

000439236
67
000440154

000442698
68
000442865

000444992
69
000445159

000446493
70
000446703

000448370
71
000448538

000451873
72
000453167

000455669
73
000455837

000458588
74
000458756

000502134
75
000502343

000505846
76
000506014

000509266
77
000509434

000512894
78
000514188

000517816
79
000517984

000522446
80
000523197

000525949
81
000526159

000527868
82
000529662

000531538
83
000531706

000535250
84
000535418

000541089
85
000541466

000543925
86
000545386

000547804
87
000548014

000551016
88
000551184

000553977
89
000554145

000556938


90
000557148

000559775
91
000603863

000607783


92
000608368

000609951
93
000612789

000614414
94
000615333

000617125
95
000617293

000619711
96
000620254

000622130
97
000622298

000625384
98
000625593

000628887
99
000629055

000631681
100
000631849

000634643
101
000634811

000636645
102
000637814

000639940
103
000640358

000642567
104
000642735

000645862
105
000647156

000650826


106
000650993

000653412


107
000653579

000657040
108
000657208

000658542


109
000658709

000701169
110
000701337

000703713
111
000703965

000706133
112
000706342

000708468
113
000710304

000715308
114
000715518

000716560
115
000716727

000718562
116
000718729

000722566
117
000722775

000724818
118
000724986

000728280
119
000728448

000730574
120
000731451

000733785
121
000733953

000738915
122
000739125

000742252
123
000742420

000746131
124
000746924

000749551


125
000749760

000752179
126
000752346

000757267
127
000757727

000759394
128
000807153

000808361
129
000813618

000816036


130
000816245

000818663


131
000818873

000823460


132
000823669

000826922
133
000827089

000829716
134
000829884

000831801
135
000831969

000834888
136
000835181

000838934


137
000839101

000843230
138
000843397

000845815
139
000847485

000849194
140
000850988

000856117
141
000856285

000857869
142
000858037

000900497
143
000900665

000902415
144
000905586

000909506
145
000909674

000912342
146
000912510

000914886
147
000919141

000921142
148
000922353

000924479
149
000926315

000929276
150
000929485

000930860
151
000931028

000933613
152
000933823

000935949


153
000936158

000938868
154
000939036

000942914
155
000943666

000946376
156
000946544

000950213
157
000950381

000953967
158
000954135

000957345
159
000957555

001000015
160
001000224

001002100
161
001002268

001004894
162
001005062

001008523
163
001009942

001012652
164
001012820

001016323
165
001018993

001021202


166
001028794

001031046
167
001035426

001037135
168
001037303

001039304
169
001039555

001044851
170
001046103

001048355
171
001048648

001050357
172
001051567

001055070
173
001055780

001057906
174
001058908

001102452


175
001102620

001107123
176
001107291

001111086
177
001112797

001114673
178
001114840

001117092
179
001117301

001120011
180
001120221

001124057
181
001125685

001128728
182
001128896

001131022
183
001131232

001133817


184
001138698

001140824


185
001140991

001142534
186
001143994

001147414
187
001147581

001152752
188
001153921

001156756
189
001159719

001202846
190
001203013

001206057
191
001206350

001209728


192
001209895

001213356
193
001214233

001215650
194
001215818

001219112
195
001222158

001224534


196
001224702

001226536
197
001226704

001230206
198
001230374

001233877
199
001234044

001235378
200
001237673

001239090


201
001239258

001241092


202
001241260

001244345
203
001244513

001247682
204
001247850

001250685
205
001250895

001252687


206
001252855

001254397
207
001254607

001257984
208
001258152

001300612
209
001301238

001305533
210
001307620

001311790
211
001311999

001314459


212
001314627

001316461
213
001317713

001320089
214
001320257

001323218


215
001332520

001334562
216
001334730

001336773
217
001336941

001339734
218
001339985

001343530
219
001343697

001347408
220
001347576

001349619


221
001350079

001353122
222
001353290

001356000
223
001356168

001358628
224
001358796

001402048
225
001402216

001405510
226
001407555

001410640


227
001410808

001412851
228
001416021

001418565
229
001418732

001421276
230
001421819

001423236
231
001425114

001427574
232
001427741

001430159


233
001430327

001431494
234
001432955

001435039
235
001435958

001437792
236
001437960

001439168
237
001440296

001445758


238
001445968

001448303
239
001451056

001454475
240
001456020

001459689
241
001459899

001502817
242
001503027

001505361
243
001505529

001507780
244
001507948

001509908
245
001510075

001511910
246
001513746

001516623
247
001516832

001518791
248
001520377

001522670
249
001522838

001525632
250
001525841

001528217
251
001528385

001531054
252
001538479

001540396
253
001540564

001542065
254
001542274

001544776
255
001545903

001548947
256
001549281

001551950
257
001553744

001556037
258
001556246

001559916
259
001600125

001603002


260
001603212

001609092


261
001611971

001615765
262
001615975

001618226


263
001620187

001623231
264
001623565

001627735
265
001627945

001631155
266
001632491

001635535
267
001635703

001637286
268
001637454

001641708
269
001641875

001643876
270
001645462

001650466
271
001650634

001653970
272
001654930

001656431


273
001702771

001704647
274
001704815

001707025
275
001707526

001712739


276
001714283

001716993


277
001726170

001731340
278
001732426

001736304
279
001737639

001741017
280
001744480

001746773
281
001746940

001748649
282
001748817

001751944
283
001752154

001754030
284
001754198

001756699
285
001758327

001801037
286
001801246

001804749
287
001804958

001807335
288
001807544

001810505
289
001810839

001813299
290
001813467

001816886
291
001817679

001819764
292
001819932

001823392
293
001825062

001827605
294
001827773

001830900


295
001831068

001833694
296
001833862

001837824
297
001840911

001844038
298
001845040

001846999
299
001847209

001849627
300
001849795

001856384
301
001858428

001902014
302
001902182

001905518
303
001906145

001911649
304
001911817

001914193
305
001914361

001916279
306
001917573

001921367


307
001921535

001923035
308
001923537

001924787
309
001924955

001928374
310
001928542

001931711
311
001932671

001937550
312
001943557

001945975
313
001955986

001958279


314
001958447

002001741
315
002001909

002006078
316
002009291

002011459


317
002011627

002013127
318
002013295

002015922
319
002016089

002018424


320
002018592

002019967

321
002020135

002022220
322
002024806

002027934
323
002028101

002031729
324
002033649

002037109


325
002037277

002040071
326
002040239

002045743
327
002046078

002048829
328
002048997

002053709


329
002054878

002058589
330
002058757

002101592
331
002103971

002105888
332
002106098

002109433
333
002109601

002115189
334
002116108

002118567


335
002122364

002125658
336
002125826

002127368
337
002127577

002129787


338
002132082

002135334
339
002137337

002141757
340
002141925

002144010
341
002145262

002146804
342
002147097

002152018
343
002152227

002154312
344
002156189

002159358


345
002200819

002202153
346
002202404

002206449
347
002210203

002212538
348
002230557

002235686
349
002239816

002241150


350
002241318

002243110
351
002243362

002246614
352
002246782

002248991
353
002250702

002253162
354
002253372

002257792
355
002257959

002301253
356
002302839

002303881