1
000005380

000009133


2
000009384

000012845
3
000013430

000016432
4
000016599

000020936
5
000021396

000024982


6
000025150

000029028
7
000029195

000032489
8
000033033

000036618
9
000036786

000039163
10
000039330

000041123
11
000042959

000046920
12
000047088

000050549
13
000052927

000054053
14
000054721

000056055
15
000056222

000057306
16
000057474

000059850
17
000100060

000102478


18
000102645

000105147
19
000106733

000107775
20
000109152

000110611
21
000110779

000112321
22
000112489

000114281
23
000114991

000118077
24
000119829

000122623
25
000123291

000125459
26
000125627

000128504
27
000128713

000130798
28
000221766

000223100
29
000227355

000228730
30
000230525

000232526
31
000234320

000238407
32
000238575

000241910
33
000242120

000243162
34
000243329

000246123
35
000246291

000248834
36
000249002

000252129
37
000253715

000256925
38
000258636

000301805
39
000301973

000304725
40
000304893

000307311
41
000307478

000310856
25
42
000312400

000313692
43
000315069

000317070
44
000317238

000319573
45
000321868

000325537
46
000327916

000330751
47
000330919

000333462

&
48
000334881

000337132
49
000337300

000338342
50
000338509

000343013
51
000343181

000346183


52
000346351

000349686


53
000351231

000352898
54
000353107

000354524
55
000354734

000356902
56
000357570

000400948
57
000401741

000403408
58
000404452

000408330
59
000408498

000410374
60
000414545

000416296
61
000416506

000420175
29yearold
62
000420343

000423387
63
000423554

000425722
64
000425890

000428767
65
000430061

000432562
66
000432730

000435649
67
000435817

000437359
68
000440446

000441863
69
000445451

000447202
70
000447370

000450580
71
000452375

000453750


72
000453918

000454960
73
000455169

000458380


74
000458548

000459756


75
000501634

000504970
76
000506389

000509266
77
000510810

000512644
78
000513730

000516064
79
000516232

000518275
80
000518443

000520569


81
000520737

000523322
82
000523531

000527200


83
000527368

000529995
84
000530163

000532497
85
000533207

000535584
86
000535752

000536960
87
000537128

000538128
88
000540006

000544176
89
000548139

000551391
90
000551559

000553643
91
000554062

000555604
92
000555772

000558398
93
000558566

000600817
94
000600985

000604613
95
000604781

000608700
96
000608868

000612412
97
000615708

000618835


98
000620880

000623799
99
000624008

000627719
100
000628471

000629596
101
000629764

000633892
102
000634060

000635769
103
000636521

000639147


104
000639315

000642609
105
000642777

000645153
106
000645822

000647656


107
000647824

000649533


108
000649700

000651201
109
000655456

000657666
110
000657834

000701044
111
000701212

000702921
112
000703089

000704506
113
000704757

000707008
114
000708678

000711596
115
000711764

000713598
116
000713766

000716017
117
000716185

000718603
118
000718771

000722149
119
000722316

000725444
120
000725611

000727529
121
000727697

000731616
122
000731784

000733577
123
000734787

000736913
124
000737748

000741293
125
000741461

000745589
126
000747467

000748800
127
000755391

000756933
128
000803774

000807277


129
000807445

000811281
130
000812950

000814868
131
000815036

000818955
132
000819123

000821124
133
000821292

000823084


134
000823252

000826880
135
000832470

000835805
136
000836599

000838975


137
000839143

000843188
138
000843356

000847234
30
139
000847985

000849528
140
000850279

000853073
141
000853241

000854991
142
000855159

000856326
143
000857161

000900413
144
000900581

000903542
145
000903709

000907003
146
000908422

000910924
147
000911092

000912759
148
000916222

000918640
149
000921477

000924104
150
000924272

000928567
151
000929694

000931570
152
000932196

000934072
153
000934240

000936616
154
000936826

000937951
155
000938119

000942163
900
156
000943708

000946251
157
000946419

000949004
158
000953968

000955552
159
000956262

000959306
160
000959473

001001683
161
001003060

001008315
162
001009442

001011234
163
001011402

001014487
164
001014655

001016323
165
001018743

001022203
166
001022371

001025498
167
001025666

001028293
168
001028461

001032047
169
001032214

001034257


170
001034425

001038762
171
001050608

001053443


172
001053611

001056738
173
001105373

001108625
174
001108793

001111961


175
001112129

001114381
176
001114882

001118677
177
001118844

001120720
178
001120930

001124307


179
001124475

001126559
180
001126727

001128061


181
001128229

001131106
182
001131273

001134275


183
001134443

001135694


184
001135861

001138238


185
001138406

001139989


186
001140157

001142784


187
001142952

001145787


188
001150292

001152502
189
001157091

001159884
190
001200553

001202721
191
001202888

001204597
192
001204765

001207016

193
001207184

001209436


194
001209603

001210854
195
001211063

001212856
196
001213566

001217861


197
001218028

001220655
198
001222366

001225160
199
001225327

001227954
200
001228414

001230999
201
001231167

001234252
202
001237047

001238548


203
001238716

001240592


204
001240760

001245430
205
001245598

001247307


206
001247475

001250226
207
001251395

001253688
200
208
001255733

001257734
209
001258944

001301112
210
001301280

001303948


211
001304116

001307410
212
001307745

001309245
213
001309413

001310747
214
001312166

001313708
215
001315961

001317879
216
001319590

001321758


217
001321926

001324093
218
001324386

001327514
219
001328808

001329933
220
001332186

001333436
221
001334230

001335939
222
001340236

001341778
223
001341946

001344864
224
001349453

001352455
20
225
001352873

001357001


226
001358003

001359671
227
001359839

001402465
228
001402633

001406094
229
001406679

001410723
230
001410891

001413601
231
001413769

001415895
232
001417398

001420775
233
001421944

001424612
234
001424780

001426865
235
001427032

001429659
236
001430703

001432370
237
001432538

001436040
238
001436208

001439210
239
001439378

001441671
240
001441839

001444424
241
001444592

001448094
242
001448262

001452348


243
001453767

001457228
244
001457438

001459480


245
001459648

001502483


246
001509575

001512452
247
001512620

001515496
248
001515664

001518666
249
001519960

001522670
250
001523088

001526507
251
001526675

001529427
252
001529595

001533056
253
001534725

001538019
254
001538187

001542440
255
001543734

001545735
256
001549031

001552116


257
001552284

001553326
258
001601335

001603586
259
001603754

001607006


260
001608092

001610677
261
001611887

001614555


262
001614723

001618101


263
001618268

001619644
264
001632282

001633324
265
001633492

001636244
266
001636537

001640373
267
001641041

001644043
268
001645879

001648089
269
001648340

001650550
270
001650718

001653553
271
001654972

001658224
272
001659143

001703104
273
001704982

001706733
274
001706900

001710194
275
001710362

001711446
276
001711613

001715950


277
001716952

001719620
278
001720247

001721789
279
001727796

001730798
280
001741143

001746022

7

281
001746190

001747857
282
001748067

001749317
283
001749485

001752570
284
001752738

001756324
285
001757826

001801662
286
001801830

001805917


287
001806085

001811297
288
001811465

001815176


289
001815385

001817887
290
001818055

001820890
291
001821058

001824602
292
001825521

001827939
293
001828107

001830149
294
001830317

001833820
295
001837032

001839408


296
001844081

001846999
297
001847167

001850503
298
001851213

001854465
299
001854633

001857718
300
001859680

001904475
301
001904643

001908020
302
001909523

001912650
303
001917197

001921909
304
001922077

001926497
305
001928709

001933045
306
001933213

001937300
307
001938594

001940845


308
001942139

001945850
309
001946018

001948936
310
001952274

001955818


311
001957404

002001240
312
002001408

002004952
313
002005120

002009832
314
002012336

002016839
315
002017174

002020009
316
002024932

002028476
317
002028727

002031479
318
002034942

002037610
319
002037819

002039862


320
002040030

002043866
321
002045452

002048246
322
002048705

002050915
323
002052501

002055461
324
002056255

002059257
325
002059424

002103719
326
002103887

002106555
327
002106723

002110268
328
002112271

002113896
329
002115148

002117358
330
002118443

002120403
331
002120570

002126117
332
002131498

002133499
333
002133709

002137128
334
002137879

002141465


335
002141633

002144385
336
002146555

002148097
337
002148265

002152643
338
002155230

002158149


339
002158317

002200109
340
002200277

002204488