1
000005630

000007715


2
000007924

000009425
3
000009592

000013137
4
000013304

000014847
5
000015015

000016056


6
000016266

000019143
7
000019310

000021186
8
000023398

000026483
9
000027235

000031530
10
000031698

000034992
11
000035160

000036285
12
000036453

000037953
13
000039289

000041707


14
000041875

000042916


15
000043084

000044710


16
000044878

000048380
17
000048548

000052509
18
000052677

000055262
19
000055430

000057639
20
000059642

000101351
21
000102645

000104396
22
000104564

000106982
23
000107317

000109026
24
000109194

000111028
25
000111237

000112404
26
000112572

000115741
27
000115909

000117785
28
000119162

000122539
29
000122707

000126543
30
000127504

000130798
31
000130965

000133258
32
000134636

000136887
33
000138014

000140724
34
000145105

000146522
35
000227939

000229523
36
000230316

000231859
37
000232485

000234069


38
000234237

000235279
39
000235446

000237990
40
000238158

000240659


41
000240827

000243871
42
000244038

000247374
43
000247542

000250752
44
000251504

000254006
45
000254174

000257467
46
000259262

000301180
47
000302432

000304641
48
000304809

000309563
49
000310648

000312983
50
000313651

000315777
51
000315945

000317863
52
000318031

000319281
53
000319490

000321992
54
000322160

000326747
55
000328082

000330083
56
000330251

000333879
57
000338968

000340219
58
000343431

000344973


59
000345141

000347643
60
000347810

000350520
61
000350688

000354399
62
000354567

000356068
63
000356236

000358278
64
000358446

000401782
65
000401950

000404534
66
000404702

000407746
67
000408665

000410040


68
000410208

000413752


$25000
69
000413920

000417089
70
000417298

000421093
71
000421261

000423428
72
000423596

000426598
73
000427642

000430852


74
000431020

000433188
75
000433356

000435399


76
000435566

000439987
77
000440154

000442781
78
000443283

000445575
79
000445743

000448578
80
000448746

000451832
81
000452000

000454793


82
000454961

000457629
83
000457797

000500674


84
000500842

000503010
85
000503219

000505262
86
000509309

000512352


87
000512520

000516148
88
000516316

000518066


89
000518234

000522571
90
000522739

000524781
91
000526617

000528994
92
000529203

000532497
93
000532665

000534291
94
000535293

000537794


95
000537962

000539463
96
000539630

000541131
97
000541632

000543425
98
000546637

000549431


99
000550099

000554436
100
000557190

000600400
101
000600568

000606156


102
000606866

000609201
103
000609494

000611536
104
000611704

000614331
105
000615124

000617334


106
000617543

000620462
107
000620630

000622839
108
000623049

000626635
109
000626803

000630305
110
000630473

000632391
111
000636437

000638188


112
000638356

000640148
113
000640316

000643485


114
000643653

000647781
115
000648866

000652452
116
000653246

000657541
117
000657708

000700585
118
000700753

000702712
119
000704632

000707843
120
000708010

000709678


121
000709846

000712639
122
000712807

000715434


123
000719730

000722441


124
000725736

000728196


125
000728364

000730198
126
000730366

000732868
127
000733035

000735662
128
000735830

000737873
129
000738040

000740125
130
000740293

000742794
131
000742962

000745964
132
000747800

000750385
133
000755808

000758643
134
000758811

000801271
135
000801439

000803899
136
000804901

000808487
C3PO
137
000810156

000812782
138
000814660

000816495
139
000818372

000822167


140
000822335

000825420
141
000826297

000828798


142
000828966

000830008
143
000833638

000835013
144
000835181

000838767
145
000838935

000842437
146
000842605

000847067
147
000847235

000848860


148
000849362

000853448
149
000853616

000855492
150
000856035

000859663
151
000859830

000901414
152
000903125

000906962


153
000909715

000913218
154
000913386

000917430


155
000917598

000919224

156
000919392

000922018
157
000930111

000932779


158
000932947

000936116
159
000936284

000941746
160
000943374

000947419
161
000950339

000952048
162
000952216

000956011
163
000956178

000957387
164
000957555

001000181
165
001000349

001001516


166
001001684

001003059
167
001004228

001008273
168
001009400

001014863
169
001015031

001017449
170
001017617

001019701
171
001019910

001023496
172
001023664

001025999
173
001026167

001028543
174
001030796

001033298


175
001033466

001035842
176
001037261

001039054


177
001043351

001046061


178
001046228

001050231


179
001050399

001053234
180
001054570

001059866
181
001101661

001104162
182
001104580

001107791


183
001107958

001110710
184
001110878

001115423
185
001115591

001118677
186
001120763

001124391


187
001124934

001128269
188
001128813

001130939
189
001131107

001134901


190
001135069

001137404


191
001137571

001141491


192
001143285

001145620
193
001145788

001148248
194
001151419

001152460


195
001152628

001155213


196
001156340

001200385
197
001203597

001205557


198
001205725

001208852
199
001209019

001211730

200
001212398

001213732
201
001216277

001220321


202
001221574

001227287
203
001231709

001236212


204
001236380

001239215
205
001239383

001242510


206
001242678

001245805


207
001247141

001248892


208
001249059

001251144
209
001253272

001255857


210
001259445

001302781
211
001302948

001306618
212
001306786

001310914
213
001311081

001314959
214
001315127

001318296
215
001318464

001320298


216
001320466

001322759
217
001323427

001327305
218
001327473

001330183
219
001330351

001334813
220
001341237

001343029
221
001345032

001347200
222
001349703

001353748

12

223
001354792

001357126
224
001357336

001359295


225
001359463

001401798
226
001401966

001405802
1965
227
001405970

001409180
228
001411225

001412809
229
001412977

001415478
230
001415688

001419399
231
001419817

001420984
232
001422778

001424904
233
001425072

001428283
234
001428450

001430952
235
001431120

001433329
236
001434582

001438918
237
001439086

001441129
238
001444300

001447760


239
001447928

001450096
240
001456812

001500481
241
001500691

001502066
242
001503485

001505361
243
001506614

001508072


244
001508240

001512702
245
001512870

001517040
246
001517207

001519792
247
001519960

001522879
248
001523047

001528593
249
001530429

001532347
250
001532514

001535141
251
001535309

001537518
252
001537937

001539854
253
001541315

001542982
254
001543150

001548029
255
001548197

001550990
256
001551158

001553576
257
001554203

001555244
258
001557289

001615264
259
001619103

001621396
260
001624566

001626859
261
001633784

001637996
262
001641166

001643918


263
001644086

001647880
264
001649091

001655263
265
001655681

001658725
266
001658934

001700560
267
001700728

001705231
268
001706358

001709944
269
001710112

001712030


270
001712531

001714615
271
001715492

001718161
272
001718328

001721039


273
001725711

001727503
274
001727671

001731424
275
001731592

001734218
276
001734386

001736137
277
001738640

001743019
278
001743187

001746064
279
001746231

001748357
280
001749068

001751986
281
001753697

001758159


282
001758660

001801454


283
001804124

001808419


284
001809046

001810254
285
001812841

001814467


286
001821391

001822475
287
001824686

001828940


288
001829108

001833945
289
001834113

001837740


290
001840953

001843663
291
001843831

001846207
292
001846375

001847875
293
001848418

001852839
294
001855217

001858136
295
001858303

001902557
296
001902724

001904559
297
001906061

001908354
298
001908522

001912525
299
001912693

001914944
300
001915112

001918739
301
001924246

001927331


302
001927499

001930501


303
001930669

001932920


304
001933088

001934338


305
001934506

001937008


306
001938552

001942138


307
001942306

001945433
308
001945934

001949312
309
001957404

001958988


310
001959156

002000323


311
002005287

002007955
312
002008123

002012168
313
002012336

002015296
314
002015464

002017298
315
002017466

002020051
316
002020260

002021344
317
002024765

002027642
318
002028602

002031020
319
002031188

002033397
320
002033565

002036025
321
002037819

002039570
322
002042324

002043699
323
002051333

002053751
324
002055337

002057797


325
002057965

002101342
326
002101510

002102551
327
002102719

002105096
328
002105264

002108474
329
002108642

002112895


330
002113814

002116482
331
002116650

002118526
332
002119403

002120861
333
002121029

002123364
334
002123532

002126575
335
002126743

002129829


336
002129997

002132164
337
002132332

002135876
338
002136044

002137211
339
002140882

002144093
340
002144261

002146137
341
002146305

002150016
342
002150183

002155479
343
002156273

002158357
344
002158525

002202611
345
002202779

002207658
346
002208910

002209952
347
002211163

002215916
348
002216084

002219086
349
002219254

002221881
350
002223008

002227136


351
002227304

002232350
352
002232517

002234143
353
002234936

002237188


354
002238023

002241901
355
002242069

002244278
356
002244738

002246822
357
002248992

002251202
358
002251370

002254830
359
002257459

002259293
360
002259753

002303589
361
002305300

002309053
362
002309221

002314016
363
002314184

002316602
364
002324403

002328322


365
002330409

002333411
366
002353723

002354765
367
002401815

002405568
368
002406945

002410906

