1
000003336

000005170
2
000005422

000008924
3
000011344

000013262
4
000013513

000016015
5
000016266

000021353
1200
6
000028236

000029737
7
000034617

000036869


8
000037078

000038412
9
000038621

000040372


10
000040582

000041915


11
000042083

000044001
12
000044961

000046128
13
000046546

000048922
14
000049174

000050507
15
000050717

000053218
16
000054512

000056972
17
000057557

000059892


18
000100143

000103228
19
000103688

000104730
20
000104981

000106398
21
000106649

000111779
22
000112906

000114948


23
000115200

000118494
24
000118745

000121497
25
000122874

000125084


26
000127087

000129171
27
000129422

000130923
28
000137680

000139098
29
000221307

000225060
30
000225353

000227104
31
000228815

000231900
32
000232152

000234278


33
000234487

000236196
34
000236447

000238157
35
000238408

000239741
36
000239993

000242870
37
000243204

000245164
38
000245415

000246456
39
000247417

000249376


40
000249627

000252337
41
000253882

000256008
42
000256259

000259928
43
000301222

000302723
44
000302932

000305767
45
000306477

000310189
46
000310440

000313650
47
000313818

000314860
48
000315028

000316862


49
000317030

000318197
50
000320617

000322910
51
000324204

000326246


52
000326497

000328373
53
000329751

000332085


54
000332337

000334838
55
000335006

000336548
56
000336716

000338217
57
000339928

000343513
58
000349312

000351146
59
000351397

000355442


60
000355610

000359363
61
000359530

000401448
62
000402784

000404993


63
000405245

000407329
64
000407580

000410874
65
000411125

000413335
66
000414337

000415420
67
000417131

000419258
68
000419509

000421510


69
000421761

000423136
70
000424639

000426265
71
000427558

000430018


72
000431771

000434523
73
000434774

000437025
74
000437360

000438568
75
000439153

000442948
76
000443116

000444741
77
000445034

000446076
78
000446327

000448120
79
000449289

000451290
80
000451541

000453583
81
000454252

000456545
82
000456796

000500507
83
000500758

000504845
84
000505471

000509016
85
000509726

000510934
86
000511185

000514021
87
000514230

000516189
88
000520611

000523864
89
000532165

000534249
90
000545303

000546595


91
000551392

000554061


92
000554270

000556063


93
000556314

000558357
94
000558733

000600817
95
000601235

000604821
96
000605073

000607699
97
000608201

000609534
98
000609702

000611453
99
000611621

000615749
100
000615958

000620462
101
000620713

000621838
102
000623466

000625175
103
000625968

000627010


104
000627261

000629596
105
000629847

000632015
106
000632266

000636895
107
000637688

000639564
108
000639816

000644361
109
000644612

000646196
110
000646447

000649408
111
000650201

000652035
112
000652662

000654413
113
000654664

000657916
114
000658084

000659167
115
000702672

000705757
116
000705967

000707926
117
000711264

000712889
118
000716686

000718770
119
000718938

000720063
120
000720231

000724109
121
000724986

000727696
122
000727905

000729614
123
000729866

000732909
124
000733119

000735537


125
000737165

000738415
126
000740293

000742294
127
000742503

000743879
128
000744130

000747716
129
000747925

000752596
130
000753306

000754598
131
000756017

000800353
132
000800605

000801813
133
000803900

000804941
134
000805943

000807944
135
000808446

000810489
136
000810740

000813950
137
000814911

000817746
138
000818581

000821708
139
000821959

000824711
140
000825505

000826546
141
000828549

000830467
142
000830718

000832761
143
000832970

000835388
144
000842063

000844064


145
000844315

000846525


146
000846734

000849569
147
000850279

000852155
148
000853366

000854449
149
000854951

000857202
150
000857453

000859704


151
000859956

000901331
152
000901916

000904042
153
000907672

000910215
154
000910466

000911550
155
000911759

000914177
156
000915555

000918056
157
000918724

000921434
158
000923229

000926147
159
000926357

000929067
160
000929360

000931528
161
000932655

000935448
162
000936325

000937617
163
000938452

000940787
164
000941038

000944499
165
000946127

000948587
166
000948838

000950338
167
000952216

000955010
168
000955261

000957429
169
000957680

000959639
170
001007315

001009858
171
001010109

001013528
172
001013779

001017198
173
001017700

001019743
174
001020578

001021953
175
001022622

001023705
176
001024165

001027042
177
001027209

001028251
178
001028628

001030629


179
001030963

001032922
180
001033591

001034799
181
001035176

001036426
182
001036844

001038928
183
001040806

001042057
184
001044018

001046019


185
001046228

001048229


186
001048481

001049898
187
001051025

001054361


188
001056030

001058448
189
001058699

001101451
190
001106832

001108458


191
001109001

001111961
192
001113756

001115882
193
001116133

001117967


194
001118177

001121179
195
001123224

001125308
196
001127603

001129229


197
001129397

001132816
198
001135444

001137612
199
001137780

001138822


200
001140324

001141366
201
001143786

001145370
202
001145621

001146705
203
001148582

001149874
204
001150042

001152335
205
001153754

001155630
206
001155840

001158383
207
001159260

001202137
208
001202304

001204097
209
001210771

001212063
210
001217945

001219529
211
001228289

001229956
212
001231000

001232542
213
001236714

001240759
214
001241010

001244888
215
001245890

001249684
216
001249935

001252312
217
001255399

001258234


218
001258444

001300945
219
001301155

001304073
220
001304283

001305950
221
001306994

001309913


222
001310122

001312540
223
001313417

001316711

224
001316921

001321716
225
001322092

001326429
226
001326680

001328681
227
001328933

001333061
228
001334730

001336773
229
001338567

001340151
230
001340361

001344572
231
001346492

001348159
232
001348327

001352539
233
001354416

001356626
234
001402424

001403800


235
001404051

001405760
236
001406178

001411391
237
001411600

001413226
238
001413435

001418940
239
001421110

001422360
240
001422611

001424946
241
001425155

001427240
242
001427408

001429325
243
001431078

001435498
244
001436625

001438001
245
001439086

001441462
246
001443007

001445925
247
001446635

001448720
248
001449722

001451973
249
001453225

001454976
250
001455144

001456936


251
001457146

001459939
252
001512244

001514746
253
001514997

001517123
254
001518959

001524505
255
001526258

001528468
256
001528761

001530470
257
001531263

001533723
258
001533933

001536809
259
001536977

001539270
260
001539438

001541105
261
001542066

001544359
262
001544610

001547570
263
001550407

001554077
264
001556538

001559165
13
265
001601293

001603503
266
001604254

001605922
267
001606131

001608132
268
001608592

001611678


269
001612888

001616474
270
001616767

001618476
271
001618727

001620728
272
001622523

001623564
273
001626902

001628695
274
001631824

001633491
275
001633742

001638454
276
001638706

001641541
277
001641750

001644877
278
001645504

001646546
279
001646797

001651968
280
001652469

001654679
281
001654930

001657390
282
001657599

001701019
283
001708485

001710319
284
001712823

001713865
285
001714116

001715575
286
001715951

001719078
287
001719329

001720538
288
001726128

001729088


289
001730507

001732800


290
001734720

001736054
291
001736221

001738181

292
001738348

001739515

293
001740017

001741851


294
001742061

001744729


295
001750069

001753279
296
001754323

001756657
297
001756909

001759410
298
001759661

001804373
299
001804625

001807376
300
001808754

001810046


301
001810214

001811255
302
001811507

001814050
303
001814301

001816552


304
001821517

001824602
305
001824853

001826104
306
001826313

001830024
307
001831151

001833361


308
001833612

001835530
309
001835781

001838991
310
001839243

001841452


311
001841662

001843496
312
001844414

001846707
313
001846959

001850128
314
001850379

001851879
315
001852256

001854173
316
001855467

001858803
317
001859054

001902056
318
001902266

001903349
319
001904268

001905643
320
001911900

001916487
321
001916780

001918030
322
001920742

001922118
323
001935299

001937675
324
001937926

001941512
325
001941972

001945516
326
001946977

001949979


327
001950230

001952940


328
001957070

001958738
329
002002242

002004285
330
002004536

002007371
331
002007623

002010458


332
002010626

002011709
333
002012127

002013169
334
002013337

002017465
335
002017716

002019550


336
002020928

002022011
337
002022179

002024680
338
002024848

002027350
339
002027935

002031854


340
002033398

002037818
341
002048664

002049705
342
002051959

002054418


343
002055087

002058506
344
002058757

002100466
345
002102844

002103970


346
002104388

002106597
347
002106807

002110142
348
002111478

002116190
349
002116692

002118276
350
002120195

002123698


351
002125534

002129203
352
002131915

002133082


353
002134084

002135918


354
002136295

002138671
355
002141717

002143467