1
000004045

000006338
2
000006589

000008382
3
000009009

000013012
4
000013888

000015514
5
000015765

000019018
6
000019269

000024189
7
000024399

000027151
8
000027402

000030612
9
000031364

000033490
10
000033700

000037036
11
000038913

000041749
12
000042876

000044251
13
000047380

000048380
14
000048548

000050340
15
000050550

000052885


16
000142644

000144728


17
000144938

000145979
18
000147732

000149608
19
000149818

000152111
20
000152320

000154905
21
000157534

000200410
22
000200620

000201954
23
000202205

000206625
24
000207168

000208168


25
000208336

000212297
26
000212841

000213966
27
000214217

000216468


28
000217095

000218137
29
000218346

000219763
30
000220056

000221056
31
000222642

000226687
32
000228898

000232484
33
000232694

000234153
34
000234779

000237698
35
000237866

000239158
36
000239409

000242286
37
000242787

000246081
38
000246332

000248542
39
000250086

000252379
40
000252589

000254631
41
000254883

000256633
42
000257260

000258260
43
000303141

000304683
44
000304934

000310105
45
000312400

000314151
46
000315320

000317154
47
000317405

000318614
48
000318865

000320073
49
000320325

000321825
50
000322785

000325245
51
000325413

000328165
52
000328666

000331084
53
000331336

000334338
54
000334547

000338217
55
000338468

000341720
56
000343932

000347935
57
000350146

000351563
58
000351814

000354441


59
000355526

000357611
60
000357946

000401698
61
000402158

000404243
62
000405245

000409289
63
000410375

000412834
64
000413044

000415295
65
000417048

000419258


66
000419509

000422386
67
000429519

000430519
68
000430770

000433438
69
000437068

000438360
70
000444492

000449288
71
000449539

000451999
72
000452208

000454584
73
000455169

000458171
74
000504971

000506013
75
000506264

000510183
76
000510435

000513895
77
000519110

000521236


78
000556397

000558690
79
000600401

000601485
80
000603196

000604571
81
000605198

000606615
82
000608618

000612037
83
000612205

000613497
84
000614165

000618585
85
000619629

000622089
86
000622298

000624508
87
000625551

000626885
88
000627053

000631431
89
000633351

000637104
90
000641359

000644611
91
000646280

000650075
92
000651369

000654538
93
000655206

000657124
94
000657375

000700836
95
000701045

000702754
96
000708094

000709469
97
000709720

000713390
98
000715768

000717018
99
000718354

000719354
100
000719564

000721731
101
000721983

000725277
102
000726404

000727612
103
000727822

000729906
104
000730158

000732451
105
000732660

000734786
106
000735121

000736955
107
000739750

000741251
108
000743379

000744379
109
000744589

000748341
110
000748551

000750343


111
000750553

000752637
112
000752889

000756600
113
000756809

000801354


114
000801647

000803148
115
000803357

000804357
116
000807445

000808612
117
000808863

000811323
118
000813868

000817996
119
000818206

000820499
120
000820666

000821666
121
000822251

000824503


122
000828216

000830175
123
000830384

000832010
124
000832220

000835096


125
000836891

000837974
126
000838392

000839559
127
000839769

000844564
128
000844815

000846566
129
000847026

000849110
130
000855034

000857661
131
000857912

000900372
132
000906504

000908213
133
000908422

000910423
134
000910675

000915095
135
000928818

000930235
136
000931195

000932946
137
000933531

000935031
138
000937702

000938952
139
000941998

000944791
140
000946002

000948003


141
000948212

000949212
142
000950798

000953133
143
000953384

000956970
144
000957513

000959389


145
000959640

001002017
146
001003185

001004185
147
001004353

001007689
148
001008441

001009816
149
001010526

001011526
150
001011736

001014613
151
001014822

001017741
152
001017992

001020243
153
001023039

001025081


154
001025291

001027167
155
001039889

001041890
156
001042058

001043475
157
001049899

001052567
158
001058741

001101660


159
001102161

001104871
160
001105915

001106956
161
001107333

001109876


162
001110086

001112045


163
001112254

001117300
164
001118427

001119969
165
001120388

001123556
166
001123766

001125350
167
001125935

001128561
168
001128813

001130271
169
001130481

001132565
170
001132817

001135652
171
001138864

001140448
172
001140866

001144911
173
001146288

001148331
174
001149625

001150709
175
001152712

001154754


176
001205307

001207350
177
001208144

001209728
178
001218654

001220989
179
001223576

001227620
180
001227997

001231124
181
001231709

001235378
182
001251437

001254355
183
001254774

001256775
184
001257943

001301404


185
001302448

001304574
186
001305326

001307952
187
001308120

001311206
188
001312124

001315293
189
001316504

001319964
190
001320299

001324093
191
001324678

001328473
192
001331393

001333353
193
001335231

001336981
194
001339276

001340652
195
001340820

001343404
196
001346075

001348076
197
001349161

001350995
198
001356418

001401005
199
001401465

001403299
200
001407471

001409556
201
001409807

001412642


202
001412852

001416521
203
001416730

001418106
204
001418566

001421651
205
001424196

001426030
206
001427741

001428908
207
001430286

001431953
208
001432162

001435206
29
209
001435624

001438167
210
001438961

001441045
211
001441255

001442463
212
001442673

001445091
213
001445301

001449178
214
001449430

001450513
215
001450931

001451931
216
001452141

001455518
217
001455895

001458146


218
001458314

001459314
219
001459523

001500607
220
001500774

001501774
221
001503569

001507030
222
001507323

001510033
223
001510326

001514621
224
001522463

001523463


225
001523631

001527926
226
001528135

001529385
227
001530471

001535183
228
001535392

001537560
229
001538854

001539854
230
001541565

001543733


231
001543984

001547779
232
001547988

001551532
233
001553410

001554702
234
001554954

001559707
235
001559959

001603127
236
001603379

001605296
237
001605547

001609133
238
001610928

001613054
239
001613305

001618434
240
001621355

001622897
241
001628529

001632448
242
001632616

001634826
243
001637579

001638788
244
001639039

001640373
245
001640582

001642458


246
001642668

001646421
247
001647214

001650717
248
001650968

001652844
249
001653762

001657682
250
001657933

001700435
251
001700853

001704647
252
001704857

001706441


253
001706650

001709277
254
001709778

001711904
255
001712114

001714782
256
001714992

001717994


257
001718662

001720371
258
001720622

001722290
259
001722541

001724042
260
001724376

001727003


261
001731175

001734385
262
001739933

001741893


263
001742061

001743936
264
001744646

001746147
265
001746398

001749567
266
001751070

001752820
267
001753072

001754572
268
001755491

001756866
269
001758285

001759744
270
001802456

001804165
271
001804583

001806793
272
001807753

001808753
273
001808962

001809962
274
001810464

001812757
275
001813008

001814801
276
001815010

001816135
277
001816678

001820848


278
001821141

001823267
279
001823519

001827271
280
001829691

001832735
281
001832986

001837240
282
001837491

001840034
283
001840285

001842954
284
001843831

001845832


285
001846291

001849418
286
001851880

001855049
287
001856051

001858845
288
001859054

001903933
289
001905144

001908980
290
001910149

001912984
291
001913193

001914443
292
001916196

001917613
293
001917865

001919574
294
001920075

001921534
295
001922744

001927373
296
001927583

001930334
297
001930544

001932962
298
001933172

001934797
299
001935007

001937091
300
001938051

001940761


301
001941930

001945349
302
001945559

001946559
303
001946810

001949854
304
001950105

001953399
305
001953609

001958446
306
001958697

002000198
307
002000782

002001908
308
002002075

002006162
309
002006496

002008831
310
002010626

002011834
311
002012085

002014503
312
002014755

002016589
313
002016798

002021093
314
002021261

002022261
315
002022471

002025014
316
002026600

002031479
317
002037861

002039820
318
002040405

002042657
319
002057256

002100049
320
002101927

002103261
321
002103553

002106806
322
002107057

002110101
323
002119569

002121779
324
002125325

002126826
325
002129037

002130454
326
002130664

002133708
327
002134584

002136043
328
002138338

002140548
329
002146179

002148556
330
002150559

002154186


331
002154396

002155813


332
002156606

002158858
333
002159067

002200526