1
000002157

000003783
2
000003950

000006619


3
000006786

000011499
4
000013126

000017547


5
000018214

000020675
6
000020842

000021885
7
000022051

000024012
8
000024179

000027599
9
000027765

000029559
10
000030018

000031644


11
000055126

000057253


12
000057420

000100673
13
000100840

000104469
14
000105345

000107430
15
000108056

000110517
16
000111392

000115897
17
000116064

000117565


18
000117732

000119067
19
000209450

000213288
20
000214664

000216666
21
000216874

000218376
22
000218543

000221588
23
000223506

000225341
24
000225508

000228511


25
000229929

000233182


26
000233391

000236769


27
000236936

000239814
28
000239981

000241816
29
000242900

000246154
30
000246988

000250617
31
000250783

000254787
32
000254954

000256122
33
000302879

000307675
34
000309427

000311804
35
000314724

000316434
36
000316684

000319187
37
000322065

000324359
38
000324525

000328655
39
000329781

000332867


40
000333034

000337747
41
000341459

000344879
42
000346756

000347882
43
000348049

000350551
44
000354389

000356140
45
000402480

000403815


46
000403981

000405733


47
000405900

000409404
48
000410905

000412824


49
000412990

000415910
50
000416411

000419163


51
000419330

000422250
52
000422417

000424585
53
000424752

000427630
54
000428589

000430425


55
000430591

000434762


56
000438266

000441185


57
000441352

000444856
58
000445022

000447942


59
000448109

000450778
60
000450945

000453156
61
000455867

000458619


62
000458786

000501038
63
000501205

000503374
64
000503624

000506627
65
000507795

000510631
66
000510798

000513301
67
000513468

000517305
68
000518973

000520391
69
000520558

000523478


70
000523644

000526314


71
000526481

000529817


72
000529984

000532028
73
000532195

000535823
74
000535990

000541120
75
000542163

000544207
76
000544499

000545666

77
000545917

000547418
78
000548419

000550713
79
000550880

000553800
80
000553966

000557720
81
000557887

000601015
82
000601182

000603017
83
000603184

000606312
84
000608356

000611818
85
000611984

000613027
86
000613194

000615905


87
000617365

000618866


88
000619033

000622119


89
000622370

000625748


90
000626958

000629502
91
000629669

000631963
92
000632213

000634131
93
000634298

000640555
94
000647562

000648938
95
000651107

000654986


96
000655152

000658990


97
000659156

000701325
98
000701492

000703578
99
000703744

000707498
100
000707665

000711419
101
000711919

000714171
102
000716465

000718801
103
000727143

000730146


104
000730313

000732148


105
000732315

000736277
106
000738362

000740781
107
000740948

000745536
108
000745703

000750082


109
000750291

000753210
110
000753419

000756923


111
000758674

000802303
112
000802803

000805139
113
000805306

000807350
114
000813814

000816233
115
000816484

000819153


116
000819362

000821155
117
000821322

000822949
118
000823115

000828913
119
000830831

000834126


120
000837838

000839799
121
000841384

000843260
122
000844345

000846222
123
000847056

000852269
124
000854355

000857066


125
000858025

000900403
126
000901946

000905449
127
000905616

000908536


128
000910371

000912790
129
000913290

000917044


130
000917503

000920631


131
000920798

000925594
132
000930766

000934020
133
000935813

000938315
134
000938524

000941235
135
000942153

000945281


136
000945448

000948909
137
000954331

000958461
138
000958669

001002423
139
001002590

001004091
140
001004258

001006802
141
001007219

001010097


142
001010264

001013309
143
001013476

001015519
144
001015686

001017354
145
001017521

001020941
146
001022234

001025321


147
001025529

001027239
148
001028282

001030659
149
001032912

001035331


150
001035498

001039168
151
001039543

001043631


152
001044799

001048969
153
001049136

001051764


154
001051931

001054100
155
001054266

001056894
156
001059188

001103901
157
001104068

001107154
158
001107363

001110324
159
001110533

001113869
160
001114036

001117081
161
001117248

001120668
162
001120835

001124046
163
001124213

001127925
164
001129802

001132972
165
001133180

001136267
166
001137101

001138352


167
001138519

001140396
168
001140938

001143691
169
001143858

001145943
170
001147403

001151031


171
001151240

001152825
172
001154368

001156245
173
001157746

001200499
174
001203085

001206672
175
001207047

001208757
176
001209341

001210384
177
001210551

001215097


178
001215264

001217725


179
001217892

001220186
180
001221687

001224190


181
001225733

001228819
182
001228986

001233073
183
001233407

001235659


184
001235826

001240456
185
001240623

001243500
186
001245252

001247504
187
001247755

001251300


188
001251467

001254261


189
001254428

001256347


190
001256555

001259058
191
001259225

001301310
192
001301518

001303812
193
001303979

001307858
194
001310653

001314823
195
001314990

001317201


196
001317368

001319036
197
001322623

001325000


198
001325167

001331757
199
001332466

001333634
200
001336428

001339765
201
001339932

001344395
202
001345521

001347690
203
001349608

001354280
204
001354446

001359702
205
001359868

001403372
206
001404707

001406875
207
001413299

001415718


208
001418971

001420723
209
001421598

001423934
210
001424101

001426979


211
001437740

001440701
212
001440868

001443912
213
001444079

001447916
214
001448083

001449877
215
001450711

001453005
216
001453213

001455341
217
001456800

001500846
218
001501930

001504308
219
001506393

001508645
220
001510439

001513233
221
001513859

001519073
222
001519239

001521283
223
001523827

001525329


224
001525496

001526914


225
001527081

001529541
226
001535339

001539051


227
001539510

001541428
228
001541637

001544390
_Qkay
_Qkay
229
001544598

001546600
230
001555609

001558153


231
001601573

001605828


232
001605994

001608831
233
001609873

001612084
234
001613669

001616130


235
001616338

001619341


236
001619508

001621885


237
001622052

001625097
238
001625305

001627641
239
001627808

001630436
240
001632938

001636442
241
001636650

001640487
242
001640821

001642865
243
001643073

001645868


244
001646076

001648704
245
001648871

001651248
246
001651415

001655669
247
001655836

001701341
248
001704178

001705804


249
001705971

001708474


250
001708640

001711393
251
001713979

001717566


252
001717733

001721153
253
001722154

001726158
254
001726366

001728994
255
001729161

001732706
256
001732873

001736543


257
001736710

001740964
258
001745552

001749556


259
001750682

001753435


260
001753685

001755103
261
001758065

001800901
262
001805739

001807783


263
001807950

001810953
264
001811578

001815082


265
001815249

001820754


266
001820921

001822464
267
001823465

001826301
268
001826552

001830639
269
001831598

001833976
270
001834142

001838480


271
001838689

001842776
40s
272
001842943

001846113
273
001849616

001852160
274
001852411

001855289


275
001855455

001900210
276
001901503

001904006
277
001904172

001906466


278
001906633

001911847
279
001912014

001915142
280
001916518

001920230
281
001920480

001924359


282
001924526

001929114
283
001930741

001934620
284
001934786

001937581


285
001937748

001939374


286
001939666

001943128
287
001946048

001947841
288
001949468

001951511
289
001952971

001955182
290
001955932

001957893
291
002006151

002008153
292
002008320

002010822
293
002010989

002012407
294
002013033

002015661
295
002017996

002020624
296
002021208

002022793
297
002023752

002026588


298
002026797

002029883
299
002030050

002032594
300
002032803

002035055
301
002036056

002040018
302
002040185

002044356


303
002044648

002046775
304
002046983

002051071
305
002051321

002053949
306
002054157

002056993
307
002057160

002059287


308
002102833

002106253
309
002107254

002109673
310
002113677

002115929
311
002117180

002118724
312
002120767

002123645


313
002123812

002126815


314
002127023

002129484


315
002131319

002134114
316
002134281

002136283


317
002136450

002139619
318
002139828

002142330


319
002142497

002147085
320
002147252

002149796
321
002149963

002154259
322
002154426

002155886


323
002156052

002157637
324
002208398

002211401


325
002211568

002216656
326
002216823

002219910


327
002221328

002222913


80th
328
002223079

002226458


329
002226625

002228668
330
002228919

002230754
331
002230921

002233298
332
002233840

002236092


333
002242599

002245602
334
002245811

002248814


335
002257656

002301952
336
002303495

002306373
337
002314673

002316007
338
002316174

002318468


339
002318635

002324224


340
002324724

002328645


341
002328895

002330939
342
002331231

002334734
343
002335151

002336820


344
002337028

002339281
345
002339447

002342158
346
002344452

002346121
347
002347080

002348498
348
002350333

002352586
349
002353587

002356089
350
002356423

002358633
351
002359050

002403597
352
002404472

002407100
353
002407267

002410562
354
002412606

002415775
355
002415942

002420280
356
002420697

002422991
357
002423158

002428705
358
002428872

002431541
359
002431708

002433293
360
002433460

002435378


361
002436796

002439215
362
002439591

002442302


363
002442469

002444888
364
002445931

002449100
365
002449309

002450936
366
002455065

002458652


367
002501404

002504407
368
002507035

002511206


369
002511373

002513375


370
002513583

002516294
371
002516461

002519130
372
002520340

002523593
373
002523802

002526596
374
002542654

002543989
375
002544155

002546116
376
002546282

002547909
377
002549577

002552747
378
002552956

002555959
379
002556167

002559921


380
002600088

002605010
381
002606761

002609097
382
002609264

002613059
383
002614394

002617564
384
002618273

002621735
385
002621901

002623903
386
002625447

002628366


387
002632537

002635331
388
002635498

002637834


389
002638001

002640670
390
002640879

002642672
391
002642839

002645508
392
002645717

002648011
393
002649095

002651514
394
002651723

002655685


395
002658104

002702400
396
002709074

002712452


397
002712619

002715330
398
002715497

002718333
399
002719000

002722337


400
002723004

002724297
401
002724589

002728134
402
002728510

002731304


403
002732430

002733473
404
002733640

002738812
32C
405
002738978

002741648
406
002742482

002744192
407
002744400

002747821
36D
408
002755620

002758081


409
002758289

002801084
410
002801292

002805755


411
002807215

002810468


412
002811010

002812971
413
002815223

002819310
414
002820228

002823565
415
002823731

002825984
416
002827527

002829362
417
002829779

002833741
421
418
002834450

002836953


419
002837120

002840456
20
420
002840623

002843209
421
002843376

002845336
422
002847589

002849299


423
002849465

002850842
424
002851926

002853261
425
002853469

002857640
426
002857849

002900059
427
002900226

002904606
428
002905565

002907358
429
002907567

002910987


430
002911154

002915116
431
002915450

002917035


432
002917243

002920163
433
002920330

002923625


434
002924083

002929589

421
840

435
002929756

002933927
421
840
436
002934135

002936429


437
002936638

002941100


438
003010630

003014217
439
003015218

003018930
440
003024644

003027981
441
003032694

003034362
442
003035071

003038449
443
003040034

003041869
444
003042537

003044205
445
003047834

003050211
446
003052005

003055550
447
003056843

003103474
448
003103891

003107353
449
003107520

003113026
450
003116279

003119365


451
003120742

003125246
452
003125705

003128333
453
003132378

003134047


454
003137508

003139510
455
003147602

003149604
456
003150396

003152023
457
003153232

003156235


458
003156402

003159113
459
003159280

003204494
460
003204744

003206746
461
003211626

003214420
462
003216923

003219592
463
003219842

003223096
464
003223262

003225098
465
003225348

003229102


466
003229352

003231104
467
003238444

003240363


468
003240571

003242657
469
003242824

003244617


470
003244784

003247328


471
003249330

003250873
472
003251082

003253292
473
003253501

003255211
474
003256337

003257463
475
003257630

003302343
476
003302510

003304470


477
003304637

003310309
478
003312311

003315189
479
003315356

003320653
480
003321654

003323156
481
003323322

003326367


482
003326534

003330079
483
003330246

003333916
484
003334709

003338337


485
003338504

003341299
486
003341466

003344135


487
003346220

003348598


488
003348764

003352101


489
003352268

003356439
490
003400860

003402487
491
003404197

003406949


492
003407158

003410036


493
003410244

003412955
494
003414540

003416584


495
003416792

003421214


496
003424759

003427303
497
003429555

003432058
498
003439941

003443110
499
003443736

003446656
500
003446822

003450451
501
003451452

003453246
502
003453621

003458459
503
003501921

003505216


504
003505800

003507552
505
003508594

003511138
506
003511305

003514433
507
003517603

003520856


508
003521023

003523526
509
003525820

003527488
510
003527989

003532326
511
003540960

003543296
512
003543462

003545298
513
003547133

003550886
514
003551304

003553973


515
003554140

003557310
516
003558519

003600855
517
003602398

003606110
518
003608321

003610531
519
003610698

003614744
520
003614910

003617330
521
003617997

003620666
522
003623502

003626714
523
003634555

003636349
524
003638100

003642897
525
003644523

003646859
526
003705711

003711092


527
003711967

003714095
528
003714261

003718432
529
003720726

003723604
530
003723771

003725523


531
003725690

003727900


532
003728067

003731445
533
003731737

003735157


534
003735324

003737118
535
003737410

003741914


536
003742665

003746043
537
003746877

003748921
538
003749171

003752425
539
003752591

003755469


540
003756303

003758514


541
003758681

003803686
542
003804812

003807022


543
003807189

003811944
544
003812111

003814989
545
003816115

003821328


546
003821787

003823456
(Hey
he)
547
003823914

003828294
548
003828836

003830504


549
003830671

003833340
550
003833507

003834800


551
003834967

003837636


552
003837803

003841307
553
003841474

003843392
554
003843559

003845978
555
003900951

003902411
556
003902661

003904663
557
003904830

003906957
558
003920012

003923265
559
003923474

003924892
560
003926685

003928103
561
003928854

003931190


562
003931357

003932608
563
003933192

003936195
564
003937863

003939865
565
003941534

003943869
566
003946705

003949375


567
003949542

003953712
568
003956048

003957550
569
003957716

003959927
570
004017778

004021782
571
004022032

004026745
572
004027079

004031417
573
004032585

004035588
574
004035754

004039258
575
004040676

004043679
576
004043846

004047600
577
004047850

004051645
578
004052563

004055774
579
004057860

004059778
580
004100487

004102448
581
004102948

004107286
582
004109455

004112458
583
004112625

004114376
584
004114585

004117630


585
004117796

004120966
586
004121133

004124178


587
004124345

004127306
588
004127973

004129808
589
004129975

004132394
590
004132561

004135147
591
004135314

004138150
592
004139652

004141528
593
004142029

004146742
594
004148160

004150829
595
004200839

004202675
596
004215020

004217606
597
004217815

004220359
598
004220567

004223862
599
004224071

004228200


600
004228367

004231036
601
004231203

004234873
602
004244633

004246343
603
004307448

004310409
604
004310617

004312202
605
004312411

004315789
606
004324423

004326050
607
004327676

004329386
608
004329595

004332264
609
004333724

004337186
610
004339730

004343901
611
004345152

004351200
612
004351366

004356163
613
004359917

004405047
614
004405631

004407382
615
004407591

004409968
616
004411053

004414306
617
004414473

004417267
618
004421980

004425984
10
619
004430405

004433325
620
004433492

004435744
621
004509778

004513157


622
004514658

004516118
623
004518245

004520664
624
004520831

004523375
625
004526003

004527629
626
004534970

004539099
627
004541768

004543145
628
004543770

004547733


629
004548817

004550402