1
000003420

000005295


2
000005505

000006880


3
000007048

000008757
4
000008925

000009925


5
000010093

000012428

6
000012595

000015097
7
000015265

000017558


8
000017726

000020436


9
000020603

000024023


10
000024274

000025607


11
000025775

000027735
12
000028486

000030779
13
000030947

000033615
14
000033783

000037161
15
000038455

000041915
16
000042083

000044918
17
000045920

000048255


18
000049966

000051925
19
000052093

000053510
20
000053762

000056096
21
000057640

000100309
22
000100518

000104396
23
000104564

000106565
24
000106816

000109359
25
000111654

000113572
26
000207210

000210587
27
000210755

000212798
28
000213049

000216593


29
000216803

000220264
30
000220598

000224059
31
000225395

000228063
32
000229190

000232651
33
000232819

000235028
34
000235196

000236905
35
000237073

000239992
36
000241619

000245414
37
000245582

000247708
38
000247917

000249126
39
000302223

000305267
40
000305435

000308604


41
000308771

000310355
42
000310523

000315277
24point
43
000315653

000318155
44
000321117

000324453


45
000324621

000326371
46
000326539

000328457
47
000328625

000331001
48
000331836

000334463


49
000334631

000337216


50
000337383

000338467


51
000338635

000340802


52
000342764

000346683


53
000346851

000351188


54
000351564

000355651


55
000356319

000400155
56
000400323

000402824
57
000403034

000404660
58
000404827

000408622


59
000411000

000412834
60
000413002

000415796
61
000416005

000418048
62
000419050

000421677
63
000421844

000424054

64
000424222

000427182
65
000428518

000430519
66
000431938

000434898
67
000435358

000436400
68
000440029

000445158
69
000445326

000448704


70
000449872

000452708
71
000457880

000459756
72
000459924

000502926
73
000503094

000506805
74
000506973

000509808
75
000513271

000515772
76
000515940

000519735
77
000519902

000524156
78
000524741

000528618
79
000530621

000533665
80
000533916

000537461
81
000537628

000540464
82
000540631

000543467


83
000543634

000546803
84
000546971

000550766
20
85
000550933

000552934
86
000554312

000558857
87
000559025

000600484


88
000601944

000602944
89
000603154

000607199
90
000607408

000609201
91
000610620

000612287
92
000613289

000617667
93
000617835

000620003


94
000621422

000622464
95
000625551

000629179


96
000629347

000631223
97
000631432

000632474


98
000632642

000634810
99
000636020

000639064


100
000639232

000640857
101
000641025

000642442
102
000645196

000648824
103
000648991

000652160
104
000652662

000654496
105
000655581

000659543
106
000701671

000703338
107
000706843

000710011
108
000711013

000713515
109
000713683

000716226
110
000716394

000719521
111
000719689

000721857
112
000725236

000728363
113
000730700

000731741
114
000733119

000735954


115
000736122

000739082
116
000739250

000742043
117
000745214

000749009
118
000749177

000753096
119
000753306

000756808
120
000757059

000800061
20
121
000800396

000804399


122
000804609

000808403


123
000808571

000812491


124
000812658

000813992


125
000814243

000817621


126
000817788

000821416


127
000821584

000824252


128
000824420

000825921


129
000826130

000828798


130
000829050

000830091


131
000831427

000834638
132
000834805

000837265

133
000837433

000841436
134
000841604

000846399
$10000
135
000846567

000848818
136
000849111

000851279
137
000851572

000854282
138
000854450

000855659
139
000856160

000859621
140
000859789

000901498
10
141
000902500

000904334
142
000905044

000908547
143
000908714

000911424
144
000913052

000914761
145
000915054

000918223
146
000920017

000921726
147
000922895

000925480


148
000925648

000927232
149
000929902

000932404
150
000932572

000934906
151
000935074

000938076
152
000938244

000940620
153
000942957

000947252
16
154
000947420

000949212


155
000949380

000952841
156
000953009

000956720
157
000956887

000959347
158
000959724

001002267


159
001002435

001006146
160
001006314

001008064
161
001010109

001012152


162
001012320

001016531


163
001020036

001023330
164
001023497

001026625
165
001028210

001029878


166
001030087

001032422


167
001035092

001038678
168
001038846

001041848
169
001053152

001055987
170
001101369

001106665
171
001109502

001113588
172
001115383

001117801


173
001117968

001121054


174
001123683

001125850
175
001126102

001130605
176
001133275

001135151
177
001136445

001139781
178
001139949

001141658
179
001141826

001142951
180
001145746

001146955


181
001147123

001149290


182
001150292

001153211


183
001153421

001156673
184
001156841

001200677

185
001201846

001205515
186
001205808

001208560
187
001208728

001210687
188
001211814

001213523
189
001213691

001218236
190
001218404

001220739
191
001223325

001227704
192
001227913

001229664


193
001232376

001237505
194
001240259

001244262
195
001248267

001252520
196
001254857

001257066
197
001257234

001300361
198
001308245

001310872
199
001311248

001314876
200
001316170

001320507
201
001320674

001324636
202
001324804

001328473
203
001328641

001329891
204
001330226

001331684
205
001332686

001336314
206
001338108

001340068
207
001340236

001343780
208
001346033

001348743
209
001348911

001350703
210
001351872

001355792
$300
211
001355960

001358962

$300

212
001359129

001401464
213
001401632

001406052
214
001406220

001409639
215
001409807

001412433
216
001415271

001418773
$300
217
001418941

001421651
218
001421819

001424737
219
001424947

001428700
220
001428868

001433788
221
001436375

001439627
222
001439795

001444966
223
001445134

001448136
224
001449763

001450805
225
001450973

001453057
226
001453267

001455476


227
001455644

001456644
228
001459148

001502859
229
001505070

001506154
230
001507531

001510658
231
001510826

001514829
232
001514997

001519208
233
001522421

001524422
20
234
001524590

001526883
235
001530429

001532847
236
001533015

001539687
237
001539897

001543274


238
001543442

001545443
239
001545611

001546653
240
001546820

001549864
241
001550032

001553534
$10000
242
001555204

001558748
243
001602252

001604087
244
001604254

001607423
245
001608801

001610009
246
001610886

001613304
247
001613472

001616599


16
248
001616767

001620311
249
001620479

001624440
250
001626402

001630196
251
001630406

001631906


252
001632074

001633449


253
001633617

001635243


254
001635411

001637078
255
001638414

001639414
256
001639581

001641082
257
001642084

001644293
258
001644461

001646754
259
001646922

001648881
260
001649049

001650967
261
001651176

001652927
262
001653095

001654095
263
001654263

001655304
264
001702771

001704605
265
001705941

001708276
266
001708444

001710486
267
001710654

001713031
268
001713198

001715575


269
001715743

001719620
270
001722583

001725001
271
001727421

001730631
272
001730799

001733801


273
001733969

001735845
274
001737139

001739640
275
001740809

001742643
276
001742811

001744771
277
001744938

001746314


278
001746482

001750318
279
001750486

001752612
280
001752780

001754363
281
001755365

001757492


282
001757659

001759827
283
001803290

001804499
284
001804750

001806876
285
001807669

001810171
286
001810339

001811339
287
001811507

001815051
288
001816678

001819305
289
001819556

001823351
290
001823519

001827814
291
001829191

001830858
292
001832194

001834904
293
001835948

001837740
294
001838909

001841410
295
001841620

001844205
296
001844373

001848000
297
001850170

001852755
298
001852965

001856342
299
001856510

001900513
300
001901974

001903349
301
001904977

001906853
302
001908522

001910148
303
001912901

001917071
304
001917281

001920408
305
001922703

001925788
306
001930085

001931669
307
001937259

001942138
308
001945350

001947101
309
001947311

001949145
310
001949313

001950354
311
001950522

001955610
312
001955903

001957737
313
001957946

002000114
314
002000949

002004952
315
002006955

002009373


316
002009541

002012793
317
002012961

002016964
318
002017841

002021761
319
002021929

002023471
320
002023639

002025806
321
002027226

002029894
322
002031313

002032939
323
002034274

002035942
324
002036985

002040071


325
002040239

002044367
326
002044576

002047411
327
002047663

002049372
328
002050666

002052083
329
002052834

002056128
330
002059549

002104136
50yearold
331
002106181

002107974
332
002108141

002111352
333
002111520

002115231
334
002117776

002120653
335
002120821

002123614
32
336
002123782

002127785
337
002128120

002131038
338
002131248

002133749
339
002133917

002135793
340
002136628

002139463
341
002143677

002146804
342
002148473

002153311
343
002155230

002157898
344
002159151

002201610
345
002201778

002205406
346
002207242

002209869
347
002210037

002214415
348
002215375

002218127
349
002218295

002220338


350
002220505

002222757
351
002222924

002225343
352
002226803

002229764
353
002233352

002234852
354
002236605

002239982


355
002241193

002243861


356
002245405

002250284
357
002251495

002254330
358
002254498

002255581
359
002304049

002307385
360
002307552

002308552
361
002308720

002311097
362
002311848

002314558
363
002315769

002318312
364
002328990

002330908
365
002335831

002338040
366
002338208

002340376


367
002341002

002342837
368
002344339

002347174
369
002347342

002349343


370
002349970

002353180
60
371
002353348

002355808
372
002356977

002359979
373
002400188

002402022
374
002406361

002408320
375
002408488

002410489
376
002412492

002413534
377
002413702

002415202
378
002415370

002417371
379
002417539

002419748


380
002419916

002421876


381
002424713

002427381
382
002427549

002429550
383
002429718

002431552
384
002431720

002433179
385
002434556

002436515


386
002438393

002441896
387
002442063

002443522
388
002443690

002446066
389
002446234

002447526
390
002449237

002450821


391
002455619

002457369
392
002457746

002500623
393
002502542

002504793
394
002504961

002507087
395
002507255

002511091
1987
396
002511259

002514762


397
002514971

002516764


398
002516932

002519099


399
002519267

002522353
400
002522521

002526190


401
002526358

002530444
402
002531112

002533239


403
002533406

002535950
404
002536117

002538702
405
002538870

002542414
406
002542582

002544458
407
002544626

002547086
408
002547254

002551006
409
002551174

002554343
410
002554511

002557805
411
002558014

002601141


412
002601309

002604645


413
002604813

002608399
414
002608567

002610067
415
002610277

002612903
416
002614030

002615823
417
002616032

002618450
418
002618618

002623038


419
002626376

002628544
420
002629045

002632548
421
002633633

002636343
422
002637554

002640097
423
002642642

002645102
424
002719554

002720888
425
002721056

002722931