1
000008299

000010926
2
000011094

000013721
3
000015473

000017766
4
000018143

000020269
5
000021604

000023230
6
000023398

000024940
7
000027235

000029278
8
000029446

000032448
9
000032615

000033866
10
000035201

000036994
11
000037912

000039538
12
000039706

000043125
13
000043293

000048088
14
000048256

000049923


15
000050341

000052342
16
000052510

000054928
17
000055096

000057097
18
000058683

000102895
19
000153947

000157157
20
000158576

000202913
21
000203081

000207668
22
000208294

000210838
23
000212006

000215592
24
000216010

000217302
25
000217470

000220389
26
000220557

000223851
27
000226271

000229273
28
000229440

000231817
29
000231985

000234153
30
000234320

000236029
31
000236489

000238073
32
000238241

000240242
33
000240535

000242035
34
000242203

000244204
35
000245999

000249710
36
000250753

000252713
37
000252881

000257301
38
000300388

000301763
39
000301931

000304099
40
000304267

000306059
41
000306686

000307769
42
000307937

000311648
43
000314360

000316987
44
000320950

000324786
45
000325121

000327289
46
000327457

000328457
47
000328625

000330876
48
000333129

000335297
49
000335465

000337633
50
000343264

000346725
51
000346893

000349770
52
000349938

000352564
53
000356152

000358070
54
000400865

000402991
55
000404118

000405118
56
000405286

000406995
57
000408831

000411333
58
000411501

000414044
59
000414963

000417798
60
000419968

000422010
61
000422178

000424721


62
000424889

000426431
63
000426599

000430394
64
000431229

000432604


65
000432772

000435524
66
000435692

000437109
67
000437277

000439361
68
000446619

000448078
69
000450081

000451748
70
000454210

000456461


71
000456629

000458630
72
000501676

000502801
73
000502969

000504344
74
000504804

000506596
75
000508182

000510892
76
000511060

000513645
77
000513813

000517316
78
000517483

000518984
79
000519152

000521945
80
000522530

000526825
81
000532915

000535125


82
000536836

000538670
83
000538838

000540505
84
000540923

000542466
85
000542633

000544384
86
000545261

000547512
87
000547680

000551058
88
000552143

000553435
89
000553603

000555520
90
000555688

000558190
20
91
000558358

000600400
92
000601069

000604696
93
000609786

000611411
94
000611579

000612954
95
000613122

000615582
96
000618669

000621463


97
000621631

000625342
98
000625510

000627010
99
000630264

000634267
100
000635895

000639147


101
000639315

000642526
102
000644612

000646780
103
000647949

000650534
104
000651285

000653912
105
000654080

000657499
106
000659919

000702170
107
000704006

000705799
108
000705967

000708760
109
000708928

000711388
110
000711556

000713723


111
000713891

000716351
112
000716519

000717519
113
000717687

000721648
114
000722859

000725735
115
000727363

000730240
116
000730408

000732200
117
000733578

000735454
118
000735621

000737205
119
000744130

000746965


120
000747133

000748758
121
000748926

000751178
122
000751345

000752554
123
000752722

000755932
124
000756100

000758643
125
000758811

000800437
126
000801314

000803356
127
000803524

000806610
128
000806777

000808153
129
000808321

000812073
130
000815119

000816995
131
000818706

000820582


132
000820750

000822876


133
000823044

000824628
134
000824795

000827047
135
000829550

000830884
136
000831052

000833178
137
000833346

000837390
138
000839435

000840435
139
000840603

000842437
140
000842980

000844981
141
000845691

000847400
142
000849487

000851613
143
000851781

000853949
144
000854116

000856243
145
000856410

000858411
146
000858579

000902165
147
000903084

000904626
148
000904794

000907629
149
000907797

000909798
150
000914136

000915720
151
000923396

000925647
152
000925815

000928650
153
000928818

000931695
154
000931862

000933113
155
000933281

000934281
156
000935491

000937367
157
000937827

000939327
158
000943124

000949129
159
000949297

000950880
160
000951048

000953592
161
000953801

000956845
162
000959390

001001808
163
001001976

001003602
164
001003769

001006855
165
001007023

001008398
166
001009900

001011943
167
001012111

001015780
168
001018242

001020619
169
001022705

001023830
170
001029086

001030545
171
001034800

001036217
172
001036385

001038428
173
001039305

001040764
174
001044727

001045935
175
001046103

001049314
176
001049482

001052859
177
001053027

001055403


178
001055571

001058406
179
001058574

001101368
180
001101535

001105413
181
001105581

001108917
182
001109085

001110335
183
001110503

001115590
184
001118469

001120512
185
001120680

001123223
186
001123391

001126059


187
001127228

001131606
188
001131774

001133775
189
001135611

001138488
190
001139281

001142325
191
001142993

001144786
192
001144954

001147497
193
001147665

001150709
194
001150876

001152168
195
001155506

001157549
196
001157717

001200135
197
001202304

001203596
198
001204181

001206182
199
001206350

001207767
200
001207935

001210478
201
001214567

001216067
202
001216235

001218611


203
001219071

001222615
204
001222783

001225535
205
001227747

001229664
206
001229832

001233084
207
001234754

001235879
208
001236046

001239340
209
001239508

001242260
210
001242428

001245138


211
001245306

001247056
212
001247224

001248558
213
001249977

001253146
214
001253314

001255190
215
001255357

001257942
216
001258110

001300069
217
001301489

001304449
218
001304700

001305950
219
001306118

001309245
220
001310080

001311581


221
001311749

001314667


222
001315336

001317420
223
001317588

001319005
224
001319173

001320590
225
001322092

001324010
226
001327556

001329808


227
001332770

001335104


228
001335773

001337607
229
001337775

001339526
230
001339693

001342445
231
001345825

001347283
232
001347451

001349285
233
001349453

001351204
234
001351372

001355208
235
001358712

001359921
236
001400673

001402131
237
001402883

001404592
238
001404760

001407220
239
001409306

001411933
240
001412101

001413685
241
001413853

001415186


242
001416564

001419148
243
001419316

001422652
244
001422820

001425196
245
001425364

001427490
246
001427658

001429701
247
001429869

001433204
248
001433372

001434914
249
001435082

001437000
250
001439879

001442714
251
001444300

001446050


252
001447344

001448553
253
001448721

001450305
254
001450472

001452599
255
001452766

001454517
256
001454685

001457312


257
001457479

001459063
258
001459231

001501357
259
001501525

001504235
260
001504403

001506029
261
001506822

001508907
262
001509074

001511242
263
001511410

001513119
264
001513287

001516039
265
001516707

001520627
266
001521754

001522754
267
001522922

001526716
268
001526884

001530428
269
001530596

001534057
270
001534642

001538269
271
001538437

001542106
272
001542274

001544525
273
001545694

001547570


274
001547738

001549030
275
001549198

001551032
276
001551200

001553743
277
001553911

001556329
278
001556497

001558665
279
001558916

001600917
280
001601085

001605546
281
001608050

001610802


282
001610970

001614681
283
001614848

001617850
284
001618435

001621729
285
001621897

001625608
286
001626610

001630113
287
001630280

001631781
288
001632324

001634909


289
001635077

001636744
290
001637746

001639706


291
001642084

001644460
292
001644628

001646087
293
001647297

001648923
294
001653804

001655388
295
001655556

001658099
296
001659852

001703896
297
001709570

001712530


298
001712698

001713948
299
001716326

001719579
300
001721331

001722915
301
001723083

001726002
302
001730632

001733259
303
001733427

001737138
304
001737431

001742769
305
001742936

001744604
306
001745272

001747023
307
001749151

001750902
308
001751653

001753279
309
001807878

001809712


310
001809880

001812090
311
001812257

001813508
312
001814718

001816844
313
001817012

001820389
314
001822059

001824393
315
001824561

001826979
316
001827940

001829273


317
001829441

001831609
318
001832486

001835655
319
001836073

001838908


320
001840953

001842620


321
001842788

001846040
322
001846375

001848376
323
001848544

001850336
324
001850504

001852588
325
001854591

001856300
326
001856468

001858469
327
001858637

001900930


328
001901098

001904433
329
001904601

001906978
330
001908689

001911524
331
001913694

001916279
332
001916446

001920116
333
001921243

001922827
334
001923871

001925288
335
001925455

001927623
336
001927791

001928958
337
001930502

001931794
338
001934006

001935590
339
001937301

001938551
340
001938719

001940761
341
001943223

001944891
342
001946268

001949478


343
001949646

001953649
344
001954985

001958487
345
001958655

002000615


346
002000782

002002158
347
002002326

002005119
348
002005829

002009081
349
002015464

002018925
350
002030395

002031520
351
002031688

002033522
352
002036526

002037735


353
002042366

002043699
354
002043867

002045660
355
002054086

002056754
356
002106431

002107765
357
002107933

002111852
358
002113563

002115815
359
002115983

002117108
360
002118944

002121404


361
002122281

002123823
362
002124032

002126993
363
002140299

002141674
364
002141842

002145261
365
002145429

002148931
366
002158984

002201360