1
000007590

000009049
2
000009259

000013345
3
000014180

000015264
4
000018435

000020394
5
000022939

000024064
6
000024274

000026608
7
000026860

000030112
8
000031114

000033073
9
000034534

000035784
10
000041666

000045127
11
000048256

000050382
12
000059976

000102936
13
000103104

000106023
14
000106191

000108525
15
000108693

000110152
16
000115408

000116992
17
000121331

000122915
18
000123166

000126877
19
000127420

000128462
20
000130006

000131423
21
000131591

000135511
22
000136846

000139515
23
000139682

000142184
24
000142352

000146355
25
000148483

000149608
26
000149859

000153570
27
000153738

000156907
28
000158034

000201245

29
000250336

000253505


30
000253756

000255132
31
000302515

000305142


32
000305310

000307853
33
000308021

000309771
34
000309981

000312649
35
000312859

000316778
36
000316946

000321950
37
000323494

000324703
38
000324871

000327831
39
000328958

000331793
40
000332295

000336506
41
000336674

000339051


42
000339219

000340844
43
000341346

000344640
44
000344807

000349061
45
000349229

000350479
46
000350647

000352147
47
000353149

000354191
48
000354359

000357778
49
000357946

000401657
50
000404410

000408789
51
000409207

000410791
52
000410959

000414253
53
000414420

000417172

18

54
000417340

000419132
55
000419676

000422177
56
000422887

000425222
57
000425390

000427349
58
000427600

000430310
59
000430520

000432479

60
000434607

000437317


61
000437485

000441697
62
000442323

000444700
63
000445326

000447995


64
000448162

000450706
65
000450915

000453583
66
000453835

000457754
67
000459882

000501758
68
000502051

000503427
69
000503720

000505595
70
000505763

000507222
71
000515481

000518358
72
000520945

000523405
73
000523614

000524740
74
000524907

000528910
75
000530163

000532122
76
000534584

000536376
77
000537003

000538462
78
000540006

000543175
79
000543760

000545302
80
000545595

000549806
81
000551142

000553435
82
000553644

000557105
83
000601069

000604988
84
000605156

000607824
85
000607992

000611328
86
000618753

000621546
87
000621714

000624758
88
000624926

000627386
89
000627553

000629888
90
000630056

000632641
91
000632809

000635894
92
000636062

000638897
93
000639065

000642317
94
000644320

000649324
95
000649492

000653120
96
000653287

000657374
97
000701337

000702712
98
000702880

000705757
99
000706342

000708218
100
000708386

000711930


101
000712098

000715475
102
000715643

000718228
103
000720064

000722315
104
000724235

000726111
105
000726279

000727487
106
000728364

000730574
107
000730741

000732868
108
000733035

000736580
109
000736747

000740792
110
000742211

000743753
111
000743921

000746631
112
000747717

000751178
113
000751345

000752762
114
000752930

000756391
115
000757852

000759769
116
000759937

000801730
117
000801898

000804733
118
000806569

000808904
119
000809739

000813241
120
000813409

000815494
121
000817288

000821291
122
000821459

000824127
123
000826631

000828798
124
000828966

000831676
125
000832512

000836932
126
000837099

000840769
127
000841103

000844272
128
000846317

000848777
129
000848945

000850862
130
000851030

000852948
131
000854659

000857536
132
000857703

000900163
133
000903042

000904709
134
000905503

000907504
135
000910174

000913468
136
000913678

000916930

137
000917098

000920725

138
000920893

000923353
139
000924981

000927357
140
000927525

000929401
141
000929569

000933905
142
000934073

000938785
143
000939161

000940996
144
000942081

000943540

145
000943708

000946710
146
000946877

000949004
147
000950881

000953133


148
000953301

000955010
149
000955177

000957637
150
000957805

001002267
151
001005688

001007188
152
001007690

001009024


153
001009191

001014154
154
001014322

001016239
155
001016407

001018074
156
001018242

001023455
$20000
157
001023623

001026374
158
001026542

001028877
159
001035593

001036635
160
001037386

001038428
161
001040723

001042557
162
001044143

001047937
163
001048105

001049898
865
164
001050066

001052525
165
001052693

001055236


166
001056113

001058823
167
001058991

001101493


168
001101661

001105580
$20000
169
001106123

001107999
170
001108167

001109626
171
001122598

001124099
172
001125726

001128561
173
001128729

001133108
18
44
174
001133275

001136736
36
88
175
001138614

001140240
176
001142827

001145286
177
001146038

001148456
178
001148624

001152419
179
001152586

001156506
180
001156674

001201052
181
001201637

001203638
182
001204682

001208226
183
001208394

001209769
184
001209937

001214107
185
001214275

001217444
186
001218988

001220488
187
001222199

001225535
188
001225703

001227412
189
001227580

001228788
190
001228956

001233543
191
001233711

001235128
192
001235296

001238298


193
001238466

001241050


194
001241218

001243762
195
001243929

001248224
196
001248893

001251519


197
001251687

001254522
198
001255191

001256816
199
001259361

001301946
200
001303115

001305158
201
001305743

001307118
202
001324845

001326387
203
001326555

001330183
204
001330351

001333520


205
001333687

001335522

206
001337066

001339317


207
001339485

001342445
208
001342613

001345740


209
001345908

001349619
210
001349787

001352455
211
001354124

001357544
212
001402424

001405468
213
001405636

001407929
214
001408097

001409305


215
001410891

001412684
216
001412852

001415770
217
001416146

001417564
218
001418732

001420275
219
001420693

001423361
220
001423529

001424571
221
001425865

001428825


222
001428993

001432245
223
001434081

001437375
224
001438752

001441129
225
001441297

001443381
226
001443549

001445800
227
001449138

001452140
228
001452308

001455476
229
001455644

001457979
230
001458147

001459814


231
001459982

001503818
232
001504069

001506487
233
001506780

001508907
234
001510159

001511492
235
001511660

001512952
236
001513746

001517916
237
001518083

001520126
238
001520920

001522420
239
001525007

001526341
240
001526508

001527842
241
001528844

001531304
242
001532598

001536351
243
001536977

001538478
244
001538646

001542273
10
245
001552868

001555078

246
001555245

001558247
247
001559625

001602835
248
001603003

001608174
249
001608342

001610385


250
001610552

001612178
251
001612346

001616140
252
001617810

001620395
253
001620562

001622772
254
001622940

001625191
255
001625359

001626901
256
001629279

001631572
257
001631740

001634575
258
001634743

001637578
259
001637746

001641207
260
001642835

001645211
261
001645379

001650216
262
001650384

001653970
263
001654138

001656264
264
001656890

001659726
265
001659893

001702603
266
001703230

001705231
267
001705441

001710570
268
001710946

001714532
269
001715868

001719328
270
001719538

001723458
271
001724752

001729130
272
001730549

001735094
273
001735971

001739474
274
001741769

001746355


275
001746523

001749734
276
001749902

001753237
277
001753405

001755948
278
001756116

001757158
279
001757326

001800495
280
001800662

001803581
281
001804750

001805792
282
001805959

001809545
283
001809713

001812006
284
001812549

001814467
285
001814635

001816803
286
001816970

001820807
287
001826814

001829023
288
001829191

001831234
289
001836031

001838533
290
001838700

001843496
291
001845082

001846124
292
001847376

001849961
293
001853757

001854841

294
001855008

001856217


295
001856385

001857593
296
001858428

001901013
297
001903809

001907603
298
001907771

001909814
299
001911358

001913401


300
001913569

001917029


301
001923370

001925246
302
001925414

001928958
303
001929585

001930710
304
001931420

001933212
1000
305
001933839

001936299


60
306
001947811

001949937
307
001951732

001954025
308
001954193

001956694
309
001956862

002000531
310
002000699

002003492
311
002003660

002006954
312
002007122

002010333
313
002011293

002013127
314
002019134

002020760
315
002021887

002025806
316
002025974

002027433
317
002028644

002031646
318
002033106

002034690
319
002037152

002038319
320
002042032

002045284
321
002047746

002049789
322
002050540

002054335
323
002054586

002056254
324
002056421

002100299
325
002100467

002103344
326
002104471

002107014


327
002107182

002109308
328
002112187

002117525
329
002118193

002119652
330
002122072

002123864


331
002126368

002127702
332
002128954

002131205
333
002131707

002135042
334
002135210

002137211
335
002139589

002141674
336
002144011

002145386
337
002146513

002150850
338
002151518

002153728
339
002155314

002157773
340
002158567

002200860
341
002201028

002203654

342
002208660

002211120
343
002211288

002214373
344
002214541

002217418
345
002219421

002222840
346
002223008

002227553
347
002229598

002235061