1
000003086

000004545


2
000005088

000007715
3
000008008

000009216


4
000009384

000012302
5
000016141

000017558


6
000020478

000022813


7
000023940

000027568
8
000027736

000030654


9
000030822

000034700
10
000034868

000038370
11
000038538

000041874
12
000042792

000043792
13
000043960

000046628
14
000047422

000050716
15
000053720

000056013
16
000058224

000102227
17
000102395

000104980
18
000105148

000107566
19
000108735

000110444
20
000111404

000112780
21
000204124

000207042


22
000207210

000210379
23
000210547

000213465
24
000213633

000215634
25
000216594

000218804
26
000218972

000220556
27
000220723

000223225
28
000223393

000225769
29
000226646

000228480


30
000228648

000230691
31
000230859

000233193
32
000233361

000235737
33
000235905

000239199
34
000240952

000244580
35
000244747

000247082
36
000247250

000249710


37
000251546

000253463
38
000253756

000255424
39
000259721

000301680
40
000302348

000303599
41
000303766

000305475
42
000307979

000310105
43
000310273

000312649
44
000312817

000315903
45
000316070

000318655


46
000320992

000323327
47
000323494

000326830
48
000326998

000329791
49
000329959

000332419
50
000332587

000335214


51
000336549

000337966
52
000340011

000341094
53
000343139

000346475


54
000353316

000355442
55
000355610

000357152
56
000357320

000400697
57
000400865

000402699
58
000404452

000406453


59
000406621

000408121
60
000408289

000410540
61
000410833

000412334
62
000412502

000414002
63
000414170

000416797
64
000416965

000419591
65
000420176

000423804
66
000423972

000425222
67
000432313

000433563
68
000433731

000436275
69
000436442

000437943
70
000439445

000441655
71
000443950

000447327
72
000452250

000456378
73
000456546

000459089
74
000459257

000501425
75
000501592

000505512
76
000505680

000508390
77
000508558

000511852
78
000512020

000515105
79
000515273

000517441


80
000517608

000519693
81
000520945

000524239
82
000524407

000526408
83
000526576

000528243
84
000531497

000532706


85
000532874

000533874


86
000534042

000537919
87
000540465

000544092
88
000544469

000549139
89
000555271

000556772
90
000556939

000559316
91
000559484

000601151


92
000601319

000604988
93
000605156

000606990
94
000608576

000610202
95
000610370

000612704
96
000612872

000617250
97
000617418

000619961
98
000620129

000623548
99
000624384

000626551
100
000626719

000628970
101
000630390

000632015
102
000632183

000634768
103
000636062

000638438


104
000638606

000640482


105
000640650

000642901


106
000643069

000645278


107
000645446

000647489
108
000650368

000653161
109
000653329

000655789


110
000656332

000658750


111
000659877

000702629


112
000702797

000705340
113
000705508

000708468
114
000708636

000712931
115
000713099

000716309
116
000716769

000719396


117
000719772

000722274


118
000722442

000726069
119
000726654

000728363
120
000728531

000730198
121
000730366

000732075
122
000733161

000734578
123
000735621

000737080
124
000737957

000739541
125
000740334

000743420
126
000743588

000745172
127
000745965

000749009
128
000749177

000751511


129
000754348

000755557


130
000755725

000759144


131
000759604

000802731
132
000802899

000806943
133
000808696

000809738
134
000812450

000815118


135
000815286

000820123
136
000820917

000823210
137
000825171

000827547
138
000832428

000834846
139
000835014

000839351
140
000839519

000841978
141
000842146

000844105
142
000844273

000846483


143
000847068

000849986


144
000850154

000851780
145
000852698

000855408
146
000855576

000858328
147
000859580

000901665
148
000901832

000903250
149
000905920

000908630
150
000908798

000910840
151
000911008

000915845
152
000917265

000918932
153
000921060

000924229
154
000924397

000926898
155
000927900

000928942
156
000931612

000933321
157
000934699

000936658


158
000936993

000938702
159
000941414

000944958
160
000945126

000948128
161
000949046

000951715
162
000951882

000953508
163
000955219

001001224
164
001001392

001002976
165
001003144

001005520
166
001005896

001008398
167
001009358

001011443
168
001012111

001013403
169
001015281

001017824
170
001018743

001020243
171
001020411

001022412
172
001022580

001025665
173
001025833

001028585
174
001029920

001031796
175
001032757

001035508


176
001036010

001038720
177
001040514

001044142
178
001044310

001045644
179
001045811

001048355
180
001055154

001056237


181
001056405

001059824
182
001059992

001103078


183
001103788

001107082
800
184
001108834

001110210
185
001110378

001112295
186
001112505

001116383
187
001118177

001121930
188
001123182

001126226
189
001128145

001130730


190
001130898

001133858


191
001134026

001137445


192
001137613

001140990
193
001141158

001142367
194
001142535

001147288
195
001147456

001150083
196
001150251

001152961
197
001153963

001155213
198
001155381

001158466
199
001203222

001204681
200
001205975

001209227
201
001209395

001210520
202
001210688

001213356
203
001213691

001216818
204
001216986

001218611


205
001221657

001224492
206
001225953

001227871
207
001231167

001232876
208
001233043

001236463
209
001236630

001239299
210
001239467

001241176
211
001241677

001242719
212
001242887

001245722
213
001246182

001248141
214
001248309

001250185
215
001250352

001253188
216
001254148

001256649
217
001256817

001300069
218
001300571

001304282
219
001304450

001307243
220
001307411

001309746


221
001309914

001311998
222
001312166

001315919


223
001320966

001323176


224
001323344

001326387
225
001326555

001328097
226
001328682

001329933
227
001331852

001334187


228
001334355

001336689
229
001336857

001339442
230
001340402

001342403
231
001342571

001344280
232
001345825

001347408


233
001347576

001350203
234
001351038

001354457
235
001355000

001357418
236
001358629

001400421
237
001400589

001402674
238
001402842

001407720
239
001407888

001410348
240
001411225

001415979
241
001416564

001418189
242
001418983

001421734
243
001422319

001423736
244
001424321

001426114
245
001431704

001434414
246
001434582

001436082
247
001436250

001438793
248
001441130

001443131


249
001443299

001444424
250
001444592

001448386
251
001448554

001450179
252
001452349

001454183
253
001454351

001456811
254
001457021

001459022
255
001459356

001500523
256
001500691

001503359
257
001503819

001504944
258
001505112

001507864


259
001508032

001511075
260
001511243

001513620
261
001513787

001517332
262
001517499

001519626
263
001519793

001522003
264
001524506

001527759


265
001528969

001530345
266
001531096

001532597
267
001535267

001544067
268
001545069

001546611
269
001546779

001549155
270
001549323

001550531


271
001552493

001554118
272
001601293

001602835
273
001603587

001607465
274
001607633

001610969
275
001611136

001614931
276
001615349

001618810
277
001621355

001622939
278
001623565

001624983
279
001627111

001628736
280
001629029

001631030
281
001631782

001633908
282
001638122

001639956


283
001640124

001643501
284
001644878

001646963


285
001647131

001650925
286
001651552

001653636
287
001653804

001656014
288
001656181

001659559
289
001659727

001702687


290
001705065

001706065
291
001709486

001711696
292
001712656

001715074
293
001718620

001721789
294
001724835

001727086
295
001727254

001728588
296
001731258

001733468
297
001733635

001735678
298
001735846

001736846
299
001739725

001742018
300
001742186

001744187
301
001744354

001745605
302
001745773

001747940
303
001748108

001749400
304
001759244

001800870
305
001801038

001802955
306
001803916

001806334
307
001806502

001808252
308
001808420

001810046
309
001812257

001814509
310
001814676

001818054
311
001818222

001820890
312
001821058

001822683
313
001822851

001825645
314
001825813

001828064
315
001828232

001831025
316
001831193

001834487
317
001834655

001838574
318
001838742

001841452
319
001841620

001843412
320
001848210

001851754
321
001851922

001855842
322
001856969

001859512


323
001900222

001902306
324
001904393

001906102
325
001906270

001910731
326
001910899

001912525
327
001913443

001915027
328
001919908

001923494
329
001923662

001925288
330
001925455

001927165
331
001928667

001929959


332
001933130

001936299


333
001936466

001940136
334
001940304

001942513
335
001943765

001947935
336
001948103

001951314
337
001954902

001956527
338
001959198

002003451
339
002003619

002006662
340
002007206

002009081
341
002009249

002011334
342
002014630

002016464


343
002016632

002020343
344
002021094

002022511
345
002022679

002025473
346
002025641

002029185
347
002029353

002031062
348
002031230

002035107
349
002039363

002044367
350
002044534

002049664
351
002050207

002053542


352
002053710

002055294
353
002059675

002103636
354
002103804

002107848
355
002110727

002113187
356
002113897

002115481
357
002115941

002118317


358
002118485

002122571
359
002122739

002126117
360
002126285

002128869


361
002129037

002130913


362
002131081

002132456
363
002138964

002142258
364
002142426

002145428
10
365
002145595

002147013
366
002147848

002150141
367
002150309

002153185
368
002153353

002155813
369
002200986

002202945