1
000004254

000007464
2
000007632

000010968
295
3
000011803

000013178
4
000014305

000016807
5
000016975

000019101
6
000020520

000022229
7
000022397

000025274
8
000025859

000028694
9
000028862

000030988
10
000031156

000034992
11
000036411

000039955
12
000040623

000042666


13
000047172

000049006
14
000049632

000052301


15
000053136

000054470


16
000054637

000057347


17
000057515

000059933


18
000100101

000101977
19
000102145

000103645
20
000103813

000106815
21
000106983

000109860
22
000111613

000112696
23
000113198

000114656
24
000116326

000117868
25
000119079

000120412
26
000122499

000125375
27
000125543

000126668
28
000126836

000129755
29
000130548

000132966
30
000133134

000135594
31
000135762

000137513
32
000137680

000138972
33
000140642

000141892
34
000233236

000236446
35
000236614

000239491
36
000239826

000240868
37
000241244

000243162
38
000243329

000244454
39
000244622

000247499
40
000247667

000250419
41
000251337

000254756
42
000256384

000258427
43
000259053

000302139
44
000302849

000304433
45
000306519

000307936
46
000309272

000311481
47
000311983

000313358
48
000313735

000316028
49
000320909

000323869
50
000324037

000325996


51
000326164

000328457
52
000328625

000330334
53
000343306

000348143
54
000348311

000351897
55
000352065

000355317
56
000355485

000357903
57
000358071

000359321
58
000408081

000410040
59
000410833

000412334
60
000422512

000425138
61
000426057

000428350
62
000428518

000429559
63
000439195

000440862
64
000444659

000446702
65
000448204

000449454
66
000453668

000456378
67
000505305

000506430
68
000506597

000508098
69
000511644

000513228
70
000513396

000515230
71
000515732

000518734
72
000518901

000520819
73
000521738

000522821
74
000522989

000526283
75
000526451

000528410
76
000528578

000531288
77
000531456

000533040
78
000534334

000535959

79
000536127

000537627
80
000537795

000540505
81
000540673

000543967
82
000544135

000545677
83
000545845

000549639
84
000549807

000550932

85
000552143

000553435
86
000553603

000557481
87
000557732

000558774
88
000603488

000604654

89
000604822

000606782


90
000606949

000610202
91
000610370

000613789
92
000614290

000616750
93
000616918

000620796
94
000620963

000624341
95
000624509

000626510
96
000626677

000630806
97
000632183

000633850
98
000634018

000636019
99
000636187

000639272
100
000639440

000641274
101
000641442

000643777
102
000647907

000649741
103
000649909

000651660
104
000651828

000653995

1030

105
000654622

000655997
106
000656958

000659042


107
000703673

000706842
108
000707009

000709428
109
000709762

000713640


110
000718271

000719938
111
000720773

000724234
112
000724402

000728071
113
000728489

000730740
114
000732368

000735370
115
000736247

000737456


116
000737623

000739040
117
000739542

000742252
118
000742420

000743837
119
000744005

000746465
120
000746632

000748425

121
000749260

000753221
122
000753389

000756349
123
000756517

000759895
124
000800062

000801688
125
000801856

000804107
126
000805193

000808570
127
000809155

000811072
128
000812033

000814326
129
000817788

000819206
130
000819373

000823168
131
000823336

000825795
132
000827256

000828715

133
000828883

000831259
134
000831469

000834471
135
000836933

000840352
136
000843606

000846942
137
000847109

000849819
138
000849987

000853698
139
000854450

000856910
140
000857453

000900789
141
000900957

000902290


142
000902458

000903917
143
000904085

000906920
144
000907088

000910298
145
000910466

000913677
146
000914053

000917556
147
000917723

000919224
148
000920810

000923478
149
000923646

000926898
150
000927066

000930652
151
000930820

000932445
152
000932613

000935073
153
000935241

000938410
154
000938828

000941913


155
000942623

000946001


156
000946168

000949671
038
157
000954051

000956011
158
000958139

001001141


159
001002018

001005520
160
001005688

001007981
161
001011027

001013695
162
001013863

001015405
163
001015573

001017866
164
001018034

001019200
165
001022455

001024539


166
001024707

001026958
167
001027126

001031296
168
001031464

001035050
169
001035217

001038136

10

10
170
001038304

001042015

10

171
001042183

001045644
172
001045811

001050106
173
001050274

001052233
174
001052401

001054402


175
001101577

001104245
176
001110086

001112629


177
001112797

001114839
178
001115007

001118927
179
001122431

001125433
180
001126018

001128645
181
001128938

001131981
182
001132149

001135944
183
001136112

001138029
184
001140616

001144160
185
001144328

001145745
186
001147206

001149958
187
001150126

001151793
188
001151961

001154587
189
001154755

001156423
190
001156590

001159467
191
001159635

001203221
192
001203806

001206516
193
001206684

001207726
194
001208060

001212147
195
001212314

001215442
196
001215609

001216943
197
001217111

001219654
198
001219822

001222323
199
001222491

001225744


200
001227788

001228955
201
001231000

001232709


202
001232877

001234335
203
001234503

001237839
204
001238007

001240633
205
001240801

001242969
206
001243137

001244596
207
001244764

001247140
208
001247308

001249100
209
001249268

001251811
210
001251979

001254981
211
001256692

001258026
212
001300905

001302697
213
001316212

001318755

214
001318923

001321633
X5000
215
001321801

001324552
X5000
X50
T71
216
001328474

001330016
217
001331477

001333311


218
001333479

001336022
219
001338108

001340151
220
001340319

001341945
400
221
001342112

001344239

222
001344406

001346449
223
001346617

001350370
400

224
001350663

001353373
225
001354583

001358044
226
001401757

001402966
227
001403133

001405176
228
001405344

001406761
229
001406929

001409597
230
001412393

001414519
231
001419316

001421192
232
001421360

001424779
233
001426907

001428366

234
001428534

001431035
235
001432454

001433872
236
001434123

001439085
237
001439253

001442088
238
001445676

001448511

239
001448679

001450722
240
001453058

001454225
241
001454393

001456311
242
001457521

001459772
243
001459940

001501816
244
001501984

001505486
245
001505654

001509282
246
001522838

001525757
247
001525925

001528343

248
001529845

001532221
249
001532389

001533890


250
001534058

001536017
251
001539271

001542398


252
001542566

001544275
253
001544443

001547236
254
001547821

001550990
255
001551158

001552867
256
001600250

001603336


257
001603504

001606756


258
001606924

001610677
259
001610844

001613680
260
001613847

001615515
261
001615683

001618559
262
001618727

001620436
263
001620604

001622772
264
001623524

001625358
265
001625526

001628236
266
001628404

001630655
267
001630823

001633282


268
001633450

001634617
269
001635369

001637412
270
001641250

001642834


271
001643085

001645336
272
001645504

001649257
273
001649425

001652635
274
001652886

001657223
275
001701770

001703980
276
001704148

001706691
277
001706859

001708985
278
001709153

001712280
279
001713699

001717118
280
001717327

001721914
281
001722958

001724417
282
001725335

001727837
283
001728005

001730214
284
001730382

001732425
285
001733594

001736512


286
001737431

001740433
287
001740601

001742268
288
001742436

001745480
289
001750527

001752612


290
001753155

001756491


291
001756658

001759994
292
001800996

001802705
293
001802998

001804040
294
001805667

001807126
295
001807795

001810338
296
001811006

001812090
297
001813300

001817053


298
001822059

001825103
299
001825270

001828022


300
001828315

001829565
301
001829733

001832527
302
001832694

001835780
303
001835948

001838533
304
001840285

001842703
305
001842871

001844705
306
001844873

001847917
307
001848085

001851129
308
001851296

001853339
309
001855342

001857593


310
001857761

001900805
311
001900973

001902640
312
001907729

001912358
313
001913694

001916112

314
001919074

001923411
315
001923579

001926998
316
001927749

001931210
317
001933380

001936883
318
001937050

001939051
319
001957154

001959447
320
001959615

002001866
321
002002034

002003784
322
002006538

002008539
323
002009249

002011417
324
002013086

002016047

325
002020886

002022178
326
002022346

002024096
327
002024473

002026766


328
002027476

002028643
329
002030312

002032104
330
002034650

002036192
331
002036360

002037902
332
002041281

002043491
333
002043659

002047119
334
002047287

002049038
335
002049706

002052166
336
002053460

002056337


337
002056505

002058714


338
002059049

002100841
339
002115774

002118609
340
002120445

002122321
341
002125075

002126534
342
002132958

002136752
343
002137671

002138838
344
002146430

002154687
345
002154855

002159150
346
002159318

002202778
347
002217085

002218377
348
002218545

002220421


349
002220589

002223507
350
002224634

002225676