1
000003753

000004795
2
000004963

000006046


3
000006214

000007423
4
000007590

000009758
5
000009926

000011844
6
000012012

000013429
7
000013596

000016015
8
000016182

000019727
9
000019936

000021520
10
000021688

000024273


11
000024441

000025899
12
000027819

000029069
13
000029237

000032031
14
000032991

000034950
15
000035160

000037953
16
000038621

000040873
17
000042459

000044168
18
000129839

000132091


19
000134636

000136762
20
000136971

000138680
21
000140517

000143185


22
000143353

000144520
23
000144687

000146897
24
000149067

000150901


25
000153404

000154905
26
000156866

000158325
27
000158535

000200035
28
000200203

000204998
29
000205166

000208669


30
000209504

000213465
31
000213633

000215843
32
000216553

000219555
33
000220181

000221765
34
000223017

000225060
35
000225979

000227604
36
000227772

000230649
37
000230817

000235112


38
000235280

000237656
39
000237824

000239575
40
000240618

000242411
41
000244289

000246456
42
000246624

000248083
43
000248251

000251503
44
000251671

000254381
45
000257218

000258385
46
000300680

000302222
47
000302390

000304433
48
000304601

000307603
49
000307770

000309813
50
000310064

000314401
51
000316946

000319406
52
000319574

000323619
53
000323786

000326622
54
000328124

000329791


55
000329959

000332878
56
000335131

000338508
57
000338676

000341261
58
000341429

000343430
59
000343598

000346183
60
000346351

000349436
300
61
000349604

000352898
62
000359739

000400989
63
000401157

000402991
64
000406079

000407913
65
000408081

000411416
66
000411584

000413502
67
000414671

000417547
68
000417715

000421927
69
000424472

000425681
70
000426891

000430060
71
000430228

000431645


72
000431813

000434314
73
000434482

000437818


74
000440947

000442614


75
000444742

000447244


76
000447412

000449121
77
000453543

000456670
78
000500049

000502843


79
000503011

000504636
80
000505555

000507180
81
000507348

000508974
82
000509142

000510600
83
000511894

000513228
84
000513938

000517524
85
000517692

000520485
86
000523865

000526116
87
000526284

000530037
88
000530246

000532331
89
000532498

000535208
90
000537003

000540255


91
000540423

000542132
92
000545678

000548638
93
000554729

000556730


94
000556939

000601693
95
000601861

000603070
96
000603654

000606448
97
000606657

000610827
98
000610995

000613163
99
000613331

000615290
100
000615792

000618585
101
000618753

000621088
102
000621255

000622297


103
000622465

000625842
104
000627720

000628887
105
000629097

000630389
106
000630556

000632265
500
107
000632433

000634101
500
108
000634310

000637938
109
000638106

000640023
110
000640233

000641483


111
000641651

000644694
112
000646531

000649408


113
000649575

000652244
114
000652412

000656081


115
000657417

000659167
116
000659335

000700961
117
000701129

000703380
118
000703589

000705757
119
000705925

000709219


120
000709387

000711596
121
000711764

000713890
122
000714058

000716935
123
000719188

000720522


124
000720690

000723608
125
000729115

000730240


126
000732034

000733326
127
000733494

000735287


128
000735455

000738165
129
000738916

000741626
130
000741794

000744504
131
000744672

000746465
132
000747467

000749509
133
000749677

000752304
134
000752472

000755390


135
000755558

000757559
136
000757727

000801104
137
000801856

000803857
138
000804025

000807360
139
000810823

000813742
140
000813910

000815035
141
000815203

000817454
142
000817622

000820332
143
000821709

000824377
144
000824545

000826630
145
000828257

000831343
146
000831511

000833053
147
000833221

000835430
148
000838351

000840810
149
000840978

000844356
150
000845358

000849069
151
000849237

000853823
152
000858663

000901373
153
000901582

000905252


154
000905419

000908213


155
000908381

000909798
156
000911300

000914094
157
000914845

000917889
158
000920476

000921518


159
000921686

000924062
20
160
000924230

000926898
161
000928109

000930360
162
000930528

000933488
163
000934865

000938118
164
000938286

000942080


165
000942540

000945792


166
000945960

000949671
167
000949839

000951923
168
000954844

000956344
169
000958264

001001933
170
001002101

001005270
171
001007481

001010233
172
001014071

001016573
173
001021412

001022996
174
001023164

001025123
175
001025291

001027626
176
001027793

001029711
177
001031339

001034799
178
001034967

001038637
179
001038804

001040472
180
001041349

001043600
181
001045227

001048897
182
001051150

001053777
183
001053944

001055445
184
001056906

001059115
185
001059283

001101451
186
001101619

001103036
187
001103204

001105080
188
001105247

001106289
189
001106457

001110835


190
001111003

001112045
191
001112213

001114589
192
001114757

001116591
193
001116759

001120053
194
001120221

001122389
195
001122556

001125350
196
001127436

001129479
197
001129647

001132565
198
001133693

001136986
199
001139323

001142534
200
001142702

001146287


201
001146455

001149082


202
001153629

001155130
203
001155339

001157549
204
001158968

001200093
205
001203764

001205181
206
001209687

001211396
207
001211564

001214733
208
001215234

001216735
209
001217278

001218778
210
001220156

001221948
211
001222658

001224743


212
001225619

001228747


213
001231375

001233251
214
001233419

001237797
215
001239175

001242343
216
001242511

001245513
217
001247641

001250018
218
001250186

001253188
219
001253355

001255356
220
001255524

001259569
80
221
001304867

001306534
222
001306702

001308411
223
001308579

001312165


224
001314168

001315460
225
001315669

001317712
226
001317880

001321424
227
001322760

001325220
228
001325387

001329057
229
001329225

001330767


230
001330935

001333353
231
001334688

001337106
232
001337274

001339234
233
001339401

001342195
234
001342404

001344113


235
001344281

001347367
236
001347535

001349744
237
001349912

001351412
238
001351580

001353414
239
001353582

001355291
$200
240
001357336

001359879
241
001403092

001404884
242
001409306

001412559
243
001412726

001413768
244
001413936

001416187
245
001416355

001418773
246
001420276

001422527


247
001422695

001425572
72
248
001426907

001428283
249
001428450

001432579


250
001435374

001438501
251
001438669

001442964
252
001444216

001445508
253
001447845

001451347
254
001451932

001454976


255
001455144

001500148
256
001500733

001504611
257
001504778

001507822
258
001510242

001511826
259
001513913

001517874
260
001519126

001522795
261
001522963

001525423
262
001525591

001528051

263
001528218

001529969

264
001530137

001531679
265
001531847

001535141
266
001535309

001537644
267
001542566

001544275
268
001545319

001549530
269
001549698

001551574
60
270
001551742

001555703
271
001555871

001557413
272
001602294

001604587
273
001604755

001606589


274
001606757

001608257


275
001614640

001618267
276
001618435

001621354
277
001622731

001625400
278
001625567

001629112
279
001629279

001631781


280
001631949

001634158
281
001634326

001636285
282
001637830

001642458
283
001642835

001645795
284
001645963

001648131
285
001648298

001650633
286
001650801

001654595
287
001655347

001659767
288
001700686

001703938
289
001704106

001707108


290
001707276

001709736
291
001709903

001713990
292
001714158

001717076


293
001717244

001720329
294
001720497

001722874
295
001723042

001727003
296
001728213

001730131
297
001730299

001732633
60
298
001734428

001736971
299
001737473

001739098
300
001739266

001743102
301
001743270

001745354
302
001745522

001749484
303
001750944

001754280


304
001754448

001757825


305
001758535

001800828
306
001806376

001809921
307
001810089

001812757
308
001812925

001816469
309
001816637

001818387
310
001818555

001821432


311
001821600

001822850
312
001823018

001824644


313
001824812

001827063


314
001831860

001833277
315
001833445

001834695
316
001834863

001836781
317
001837533

001838991
318
001839159

001840493
319
001842246

001844705
320
001846625

001849585
321
001849753

001851129
322
001851296

001852755
323
001852923

001854966
324
001858178

001900346
325
001900514

001903349
326
001903517

001906894
327
001907062

001908396
328
001909231

001912608
329
001912776

001915236
330
001915737

001917989
331
001923412

001925121
332
001925289

001927999
333
001928167

001930626
334
001930794

001935381


335
001935549

001937258
336
001937426

001939719
337
001939887

001943055
338
001944433

001948311
339
001948478

001949645
340
001949813

001951606
341
001953233

001954817
342
001954985

001957278
343
001957487

001959155
344
001959323

002001115
345
002006079

002008789
346
002010876

002013878
347
002015464

002018090
348
002020677

002024931
349
002025098

002027225
350
002028352

002030895


351
002033982

002036359


352
002036526

002038486


353
002038654

002041822


354
002043867

002045493
355
002049081

002051249
356
002052167

002054126
357
002055295

002057964


358
002100300

002101842


359
002110477

002111519


360
002111687

002114397


361
002114564

002116399
362
002116566

002118943
363
002119111

002121195
364
002121363

002124615


365
002125867

002128953


366
002129162

002133082
367
002135419

002137169
368
002144052

002146304