1
000004379

000005421
2
000005588

000008632
3
000008800

000011552
4
000016516

000018100
5
000019019

000022187
6
000026067

000027109
7
000027277

000031280
923
8
000031448

000034283
$1000
9
000034451

000035701
10
000035869

000037077
11
000037245

000041874
12
000130048

000131840
13
000132008

000135344
14
000135720

000138639
15
000139474

000141141
16
000141309

000144103
17
000144270

000146146
18
000146314

000149149
19
000149317

000152986
20
000153154

000157616
21
000200078

000201370
22
000203206

000204498
23
000204666

000208669
24
000208837

000212673
25
000212841

000216927
26
000218847

000220222
27
000222392

000224560
28
000227897

000231191
29
000231359

000233235
30
000233903

000238031
31
000240076

000242870
32
000243037

000246415


33
000246583

000247958
34
000248126

000250294
35
000250461

000252421
36
000252589

000255090
37
000255258

000256842
38
000257010

000259803
39
000259971

000304349
40
000305977

000308187
41
000309105

000313859
42
000314027

000316361


43
000318323

000321533
44
000322285

000324745
45
000324913

000328040
46
000329459

000331877
47
000332045

000335214
48
000335381

000336965
49
000338176

000341803
50
000341971

000344973


51
000345141

000348101
52
000348269

000350270
53
000350438

000353357


54
000353524

000355817
55
000357487

000400822


56
000400990

000402824
57
000402992

000406119
58
000406287

000408830
59
000409332

000411917
60
000412085

000414836
61
000415004

000416505
7
62
000419175

000422970
63
000423554

000426431
64
000426599

000429184
65
000429352

000432980


66
000435984

000437192
67
000437360

000443156
68
000443783

000446660
69
000446828

000448870
70
000450456

000453208
71
000453376

000456044
72
000456212

000458463
73
000459215

000502009
74
000503136

000507681
75
000511477

000514313
76
000514480

000516565
77
000516733

000517941
78
000518109

000521570
79
000524198

000526742
80
000526909

000530329
81
000532248

000535208
82
000535376

000539963
83
000540131

000543133
84
000543301

000544509
85
000544677

000546678
86
000547263

000549264
87
000549432

000552934
88
000554312

000555479
89
000600902

000602110


90
000602528

000603570
91
000603738

000606323
92
000606908

000610660


93
000612288

000616458
94
000616626

000618877
95
000619045

000620754
96
000620922

000623423
97
000623591

000625133
98
000626135

000628553
99
000628721

000630305
100
000631474

000632516
101
000632683

000635769
102
000636187

000639981


103
000640149

000642359
104
000642527

000646071
105
000648366

000650951


106
000651119

000652994
107
000653162

000656081
108
000656249

000658708
109
000700378

000701962
110
000702130

000704339
111
000704507

000705715
112
000707218

000709553
113
000709720

000712013
114
000712181

000715350
115
000716352

000719104
116
000723359

000725694
117
000726404

000727863
118
000730533

000732868
119
000738916

000739958
120
000741043

000742461
121
000751971

000753305
122
000753848

000755599
123
000756392

000759978
124
000800146

000803773
125
000807278

000808570
126
000808738

000811239
127
000811407

000813158
128
000813326

000814910
129
000815077

000818497
130
000819916

000821541
131
000828424

000830926
132
000831886

000834554


133
000834722

000836389
134
000836557

000838141
135
000838309

000839559
136
000839727

000842854
137
000843773

000844814
138
000845274

000848860
139
000849028

000851279
140
000851447

000855450
141
000855618

000858286
142
000858454

000901957
143
000902124

000905794
144
000905962

000909339


145
000909507

000912634


146
000913636

000915387
147
000916764

000920058
148
000922228

000926356
149
000927066

000928525
150
000928693

000931570
151
000931737

000933446
152
000933614

000935490
153
000936784

000937826


154
000937994

000941746
155
000941914

000943873


156
000944041

000947919
157
000948087

000949421
158
000949589

000953341
159
000959473

001000682
160
001000850

001002017
161
001006355

001008773
162
001008941

001011484
163
001012069

001014863
164
001015031

001018199
165
001019243

001021036
166
001021662

001024623


167
001026375

001027459
168
001027627

001031755
169
001031922

001033715
170
001034508

001035634
171
001040431

001043475
172
001044602

001046978
173
001047688

001049731
174
001049899

001051066
175
001051233

001053818


176
001054737

001056446
177
001056614

001058740
178
001058908

001100325


179
001100701

001101785
180
001103329

001105580
181
001106123

001107415
182
001108751

001111795
183
001112922

001114464
184
001117927

001119552
185
001125309

001128478


186
001128646

001131564


187
001131732

001134317
188
001135986

001138571
189
001138739

001141950
190
001143035

001145704


191
001145871

001148748


192
001148916

001150458
193
001151794

001153628
194
001154588

001156756
195
001159468

001200760
196
001200928

001203346
197
001203931

001206808
198
001206976

001211271
199
001213232

001214607
200
001214775

001218903
201
001219071

001222115
202
001229123

001232250
203
001232418

001234169
204
001234920

001237630
205
001238007

001242260
206
001242428

001247807
207
001247975

001249517
208
001250519

001252437
209
001254023

001255899


210
001256066

001258276
211
001258444

001259694
212
001300863

001302280
213
001302448

001304657
214
001305117

001306534
215
001309872

001311372
216
001311540

001314250
217
001315795

001319088
218
001322384

001325678
219
001326680

001327722
220
001327890

001330892
221
001331060

001332727
222
001333562

001336356
223
001336524

001339442
224
001339610

001341361
225
001341529

001343238
226
001343405

001345156
227
001347576

001352247
228
001354750

001355792


229
001355960

001359337
230
001359505

001402632


231
001402800

001403842


232
001404009

001405593


233
001405761

001406928


234
001407137

001408763


235
001410808

001414269


236
001415855

001418189


237
001418357

001420692
238
001423153

001424529
239
001424697

001425947


240
001426115

001429534


241
001433747

001435081
242
001435624

001436666
243
001436834

001440128
244
001447428

001449596
245
001450014

001452348


246
001452516

001454100
247
001454268

001458313
248
001458480

001500189
249
001500357

001504110
250
001505279

001507155
251
001507323

001511034
252
001511201

001513328
253
001518000

001520710
254
001520878

001521961
255
001522922

001525298
256
001527134

001528718
257
001528886

001529928
258
001533015

001535934
259
001536769

001539479


260
001539647

001542941
261
001543108

001544817
262
001544985

001547403


263
001547571

001550823
264
001555496

001557705
265
001557873

001559499
266
001601919

001603836
267
001604004

001606214
268
001606382

001608007
269
001608717

001611135
270
001616517

001621104
271
001626527

001628403
272
001628570

001631656
273
001631824

001633658
274
001633867

001636536
275
001636704

001639372
276
001639832

001642583
277
001642751

001647922
278
001648382

001651259


279
001651427

001653970
280
001654722

001657390
281
001700936

001702603
282
001704481

001707358
283
001708235

001711446
284
001711613

001715450
285
001715993

001720246
286
001720414

001721873
287
001722708

001728087
288
001728881

001731424
289
001732301

001734093
290
001734261

001736345
291
001739725

001742643
292
001742811

001746272
293
001751403

001753029
294
001753572

001755073
295
001755574

001757033
296
001800621

001803247
297
001803415

001805041
298
001806919

001808669
299
001809338

001813466
300
001813842

001817428
301
001817596

001818930
302
001819098

001822975
303
001823143

001825228
304
001825395

001826979
305
001837699

001841035


306
001841203

001843454
307
001843622

001844997
308
001845165

001848584
309
001849378

001852547


310
001853340

001854632


311
001854800

001856467
312
001856635

001858469
313
001908230

001909814
314
001914236

001915736
315
001915904

001918614


316
001918782

001922326


317
001922494

001924370
318
001924913

001927415
319
001928125

001931002


320
001938886

001939927
321
001940095

001942722
322
001943682

001945016
323
001945184

001948227
324
001949271

001952481


325
001954067

001955401
326
001957779

001959864
327
002000824

002003951
328
002005537

002007288
329
002015797

002017173
330
002017341

002023638
331
002023805

002027642
332
002027809

002030603
333
002031647

002034148
334
002035317

002037735
335
002037903

002040571
336
002045619

002049455
337
002049623

002054168
338
002054336

002056170
339
002101009

002102802
340
002105847

002107932
341
002117359

002120027
342
002120529

002122029


343
002122197

002125825
344
002127244

002130121


345
002132332

002133708


346
002133875

002136168
347
002137045

002138087
348
002143051

002144969
349
002145137

002147888
350
002151560

002154395
351
002200110

002202194
352
002202362

002205239
353
002205991

002207908
354
002208285

002210494


355
002211913

002214373
356
002215167

002219378
357
002221798

002223257


358
002223425

002224800


359
002224968

002226260
360
002230432

002232600