1
000007674

000009425
2
000009634

000011427
3
000012095

000014763
4
000015890

000018517
5
000024733

000027484
6
000027736

000029653
7
000029863

000033532
8
000033950

000036035
9
000036286

000038912
10
000039080

000040956
11
000041124

000042332
12
000042584

000045753
13
000045920

000050049
14
000050300

000052676
15
000052886

000055888
16
000056139

000058307

17
000058516

000100517
18
000100685

000101727
19
000101936

000103228
20
000151903

000154738
21
000154948

000156615
22
000156866

000158158
23
000159077

000201203
24
000201621

000203288
25
000203540

000207459
26
000210547

000212881
27
000213091

000214758


28
000216261

000219138

29
000219347

000220764
30
000220932

000222641
31
000222851

000225561
32
000225770

000228647

33
000230275

000231775
34
000232318

000234528
35
000236823

000239116
36
000239325

000241118
37
000241286

000243620
38
000245498

000247207
39
000247375

000252337
40
000252547

000255299
41
000256634

000258177
42
000259053

000300637
43
000303641

000305058
44
000311566

000313358
45
000314360

000316820
46
000316988

000318030
47
000318281

000319781
48
000321743

000323243
49
000323411

000325412
62
50
000325872

000330292
51
000332170

000334838
20
52
000335882

000338800
53
000339010

000340719
54
000342388

000343847
55
000344390

000345515
56
000347101

000348602
57
000350063

000352231

58
000352440

000354691
59
000354943

000356568
60
000357987

000359780
61
000359948

000402908
62
000403284

000405535
63
000407956

000410707
64
000412001

000414962
65
000415922

000418840
66
000419133

000421468
67
000422011

000424930
68
000425181

000426556
69
000427141

000429935
70
000430144

000431311

71
000431479

000434314

72
000434524

000437734


73
000437902

000442114
74
000442282

000447160
75
000447370

000448745
76
000448955

000450414


77
000453126

000454293
78
000454544

000455627


79
000455837

000457629
80
000457797

000501008
81
000501884

000504970
82
000505221

000508181
83
000508433

000511184
84
000512603

000514730


85
000514897

000517357
86
000517567

000519192
87
000519694

000522612
88
000522822

000523864
89
000530371

000531872

90
000532248

000534833
91
000541758

000543300
92
000543468

000547512
93
000547764

000548805
94
000548973

000550349
95
000550516

000553894
96
000554103

000557022
97
000557231

000558732
98
000559776

000603153
99
000604530

000607491
100
000608618

000609659
101
000611120

000612162
102
000619587

000622255
103
000623341

000625092
104
000625259

000627219
105
000627762

000629513
106
000631307

000633725
107
000634685

000636770


108
000638940

000643193
109
000646280

000647364
110
000648366

000649408
111
000650993

000652744
112
000653538

000655080
113
000708428

000710011
114
000710972

000714391
115
000714600

000716560
116
000716769

000719688
117
000719939

000723191
118
000723901

000727821
119
000728030

000731116

120
000731367

000732534
121
000734662

000737247


122
000737415

000739040
123
000739667

000740750
124
000743796

000745172
125
000745381

000747007
126
000747258

000748884
127
000749093

000751011
128
000757435

000758935
129
000759145

000801771

130
000802899

000805775
131
000807153

000809738


132
000809989

000813074
133
000813242

000817662
134
000818414

000822626
135
000822835

000824961
136
000825129

000826922
137
000827089

000830133
138
000831427

000834930
139
000836557

000837724
140
000837934

000841353
141
000841562

000842896
142
000843523

000844940
143
000845107

000846775
144
000846984

000850111
145
000850321

000852239
146
000852490

000854741
147
000855284

000857077


148
000857328

000858745
149
000858913

000900205
150
000900957

000903083
151
000903960

000905043
152
000905253

000908255
153
000910967

000912050
154
000912343

000916846
155
000917014

000919683
156
000920434

000921851
157
000924730

000927899


158
000928150

000930068
159
000932989

000935615
160
000941330

000943999
161
000945126

000947210
28
162
000948838

000950255
163
000951048

000953258
164
000953426

000954467
165
000954677

000956344
166
000956512

000958597
167
000958764

001000473
168
001001517

001003226
3350
169
001003436

001005895
170
001006188

001008982
171
001011193

001013987
172
001014196

001017407
30something
173
001017575

001018617
174
001019994

001022537
175
001022747

001026082
176
001026626

001028209
177
001028794

001031504
178
001031714

001034132


179
001038638

001040180
180
001041182

001043516
181
001043684

001046895


182
001047104

001049230


183
001049440

001052275
184
001056280

001058281
185
001059575

001103328
186
001103496

001108208
187
001114548

001116966
188
001120680

001123181


189
001123933

001125934
190
001126977

001128228
191
001129980

001131147
192
001132733

001138196
193
001138406

001140573


194
001142910

001146663
195
001146872

001150041
196
001150209

001153086
197
001153254

001155213
198
001155381

001159926
199
001200136

001202011
200
001204598

001209102
201
001209895

001212814
202
001213023

001215066
203
001215276

001217902
204
001218863

001221906
205
001222074

001225869
206
001226871

001230039
207
001230249

001232667
208
001232877

001236045
209
001236255

001237422


210
001237590

001239215
211
001241135

001243219


212
001243387

001244637
213
001250644

001253938
214
001258694

001300570
215
001300780

001303323
216
001303532

001305450
217
001307077

001309871
218
001310080

001312415
219
001314543

001318421
220
001318631

001322842
221
001324804

001326930
222
001327097

001328348
223
001329099

001332018
224
001335147

001336648
225
001338567

001342278
226
001342947

001345031
227
001348160

001349869
228
001350079

001352497
229
001352748

001354499
230
001354959

001356000
231
001356794

001358962


232
001359213

001401548
233
001401757

001405844
234
001406095

001409013
235
001410182

001414811
236
001415062

001418147
237
001418399

001420233
238
001420985

001422402
239
001423153

001428074


240
001428284

001429993
241
001430160

001433538
242
001436625

001438376


243
001438794

001440837
244
001441088

001444591
245
001445926

001448386
246
001452516

001454350
247
001454560

001458897
248
001459899

001501900
249
001502151

001505737


250
001505946

001508406


251
001509283

001511075
252
001516165

001519083
253
001527426

001528551


254
001528719

001530345
255
001531055

001532305


256
001532514

001535016
257
001535184

001536768
258
001538062

001540063
259
001540689

001543608
260
001545110

001549280
261
001549490

001550657
262
001550824

001554243
263
001559541

001601084
264
001601543

001603211
265
001604129

001606547
266
001607299

001609926
267
001610177

001612136
268
001612304

001615598
269
001615808

001619686
270
001620938

001621980
271
001622147

001623940
272
001624274

001626401
273
001626610

001628069
274
001628320

001631823
275
001634451

001637203
276
001637579

001638913
277
001646088

001647171
278
001647631

001650967
279
001654179

001657223
280
001659810

001702437
281
001703272

001705898
282
001706608

001707650
283
001707818

001712155
284
001712948

001714574
285
001714742

001716909
286
001717077

001718244
287
001729131

001732091
288
001732301

001735595
289
001736305

001737805
290
001744354

001746689
291
001746940

001749776
292
001749985

001751986
293
001752154

001756157
294
001756325

001758367
295
001758577

001759702
296
001800412

001802622


297
001806627

001809754
&
298
001812257

001813549


299
001813759

001815468
300
001815677

001817595
301
001819473

001821933
302
001822392

001824769


303
001825687

001827939
304
001828148

001829649
305
001829900

001831567
306
001832152

001834070
8
307
001834988

001837406
308
001837616

001838741
309
001838951

001840576
310
001840828

001842286


311
001843872

001846791


312
001846959

001848000
313
001848252

001851504
314
001857094

001858970

315
001859138

001900888
316
001901515

001903224
317
001904017

001906102
318
001906395

001909856
319
001910107

001911774
320
001912025

001914485
321
001914695

001916779
322
001917030

001918531
323
001920784

001921993
324
001922369

001925621
325
001925831

001928708
326
001928917

001932712
327
001932921

001938009
328
001938427

001939468
329
001941763

001943431
330
001943640

001945391
331
001947644

001949478
332
001950772

001952440
333
001952649

001955026


334
001955235

001959822
335
002001283

002003492
336
002003744

002005328
337
002006788

002008915
338
002009166

002013044
339
002013462

002015588
340
002015839

002017423
341
002021345

002024096
342
002024306

002028851
343
002031438

002034106
344
002034316

002036442

345
002040113

002042657
346
002042866

002045993
347
002047746

002049038
348
002049248

002052917
349
002053126

002056254
350
002056630

002058130
351
002058340

002059966
352
002100175

002104178
353
002104388

002106472


354
002107557

002108641
355
002112437

002114563
356
002115482

002116607
357
002116817

002118985
358
002119236

002120945
359
002121405

002124782
360
002127786

002128995
361
002134918

002136043
362
002136545

002137753
363
002143302

002144468
364
002150851

002152977
412
365
002153228

002154437
366
002158358

002159442
5
367
002210078

002212496
368
002213540

002215624
369
002218795

002221297
370
002221465

002225885
371
002226136

002229972
372
002230182

002234602