1
000006089

000011343
12
2
000011553

000013679
3
000013888

000019184
4
000019394

000021020
5
000021229

000024857
6
000025066

000028402


7
000030321

000033866


8
000034117

000038370


9
000038580

000041540


10
000042625

000046587
15
11
000046838

000050424

12

12
000050633

000053260
13
000143478

000145646
14
000145855

000147648
15
000147857

000150025
16
000150276

000155447
17
000155657

000157574
18
000200578

000202913
19
000203123

000206959


20
000207377

000208627
21
000210171

000214800
22
000217137

000218762
23
000218972

000221390
24
000221641

000224643
25
000224853

000228355


26
000228565

000231108
27
000231359

000235320
28
000235572

000240993
29
000241953

000244329
30
000244581

000247791
31
000248001

000250669
32
000251796

000253380
33
000255091

000256717
34
000259637

000305017
35
000305226

000306977


36
000307187

000308437
37
000308646

000311940


38
000313651

000315485
39
000323494

000326747
40
000328208

000332419
41
000332629

000335923
42
000336925

000340093
43
000340345

000342596
44
000342847

000347476
45
000347852

000351146
46
000351356

000352731
47
000352941

000356610


48
000356861

000400447

49
000400698

000405535
50
000405787

000407955
51
000408164

000411500


52
000411751

000416797


53
000417632

000421510
25th
54
000422303

000424554
55
000424806

000427432
56
000429269

000431895


15th
57
000432146

000434731
58
000434983

000436733


59
000436985

000442030


60
000442448

000445325
61
000445493

000449204


62
000449414

000453542
63
000453751

000458672
64
000500466

000502509
65
000502719

000506346
66
000506597

000508724
67
000508933

000510851
68
000512520

000516023
69
000525575

000528827
70
000529037

000531038


71
000531247

000536126
72
000537045

000538712


73
000538921

000540630
74
000541299

000542341
75
000542550

000545427
76
000546262

000548347
77
000549265

000551767


78
000552477

000555228


79
000555480

000557314
80
000557565

000602319
81
000603363

000604821


82
000605073

000609701
83
000609911

000613080
84
000613289

000615874
85
000616084

000618710
86
000618878

000620921
87
000624675

000626968
88
000629889

000631765
89
000634310

000636019
2
90
000636771

000638814
91
000639524

000643110
92
000643361

000646780
93
000647198

000651910
94
000652829

000657249
95
000658292

000701503
96
000701671

000703588
97
000703840

000704881
98
000705049

000708301


99
000708511

000711012


100
000711722

000714349
101
000722942

000727195
102
000729866

000731992
103
000734370

000737539
104
000737790

000739916
105
000742044

000743879


106
000744130

000745755


107
000746007

000748717


108
000748968

000752888


109
000753139

000755307
110
000755683

000758310
111
000758519

000803648


112
000805067

000806776


113
000808196

000810113
114
000811449

000812991
115
000819332

000823502
116
000823794

000825170
117
000825379

000828173
118
000828341

000830467


119
000830635

000831801
120
000833179

000835931
121
000837683

000840185
122
000840394

000842145


123
000851906

000854241
124
000854450

000859496
125
000901123

000905877
126
000906087

000909422


127
000909674

000912717
128
000917181

000918557


129
000918766

000922769
130
000922979

000927232
100
131
000927483

000932320
132
000932572

000935323


133
000935533

000937867


134
000938077

000940662
135
000941664

000944249


136
000944458

000945792


137
000946043

000948169
138
000948379

000953174
139
000954844

000956928
140
000958222

001002309
141
001002518

001006813
142
001007064

001009190
143
001009400

001014654
144
001015948

001019159
145
001021203

001024080
146
001026208

001029794
147
001030004

001031212
148
001031464

001034382
149
001034634

001037177


150
001045561

001048605
151
001048814

001052484
152
001052693

001056196
153
001056447

001058740
154
001100534

001102035
155
001102203

001105747
156
001106123

001110585
157
001111003

001113505
158
001113756

001116132
159
001116342

001119427


160
001120971

001124557
161
001124809

001127602
162
001127853

001130438
163
001131524

001133817
164
001134151

001137862
165
001138072

001141533
166
001141701

001144577
167
001144787

001148665
168
001148874

001153461
169
001159093

001202595


170
001203180

001204472
171
001206350

001209060
172
001210479

001212439
173
001213941

001217193


174
001217445

001220196
94
175
001226162

001227162
176
001227371

001230540
177
001238424

001240759
178
001244346

001245388
179
001246265

001249559
180
001249810

001251603
181
001253981

001254981
182
001255191

001258651
183
001258819

001301404
184
001303115

001306117
185
001307620

001312248
186
001312917

001316294
187
001316504

001319172


188
001320591

001322759
189
001331018

001332101


190
001332311

001335230
191
001335481

001337690


192
001337942

001341069
800
193
001341278

001344614
20
194
001346075

001349619


195
001349870

001351871
196
001353916

001356793
197
001357002

001359587
198
001400631

001402715
199
001405719

001408596


200
001409181

001413643
100
201
001414478

001419482
202
001419650

001424028
203
001424238

001427657
204
001427867

001430410


205
001430661

001433663


206
001433873

001435540


207
001435708

001437041


208
001439712

001441963
209
001442172

001444841
210
001451265

001455059
211
001456395

001458271
212
001458480

001501941
213
001502860

001505320
214
001505529

001508031
215
001508282

001510992
216
001511201

001513870
217
001514038

001516497
218
001517791

001521169
219
001521420

001524756
220
001526425

001528134
221
001528344

001530011
222
001530262

001535642
223
001536435

001539729
224
001539980

001541689
225
001541899

001546194


226
001546403

001549989
227
001551617

001555870
228
001556121

001559290
229
001559875

001604337
230
001606799

001609092
231
001616850

001620770


232
001621021

001624232


233
001624441

001627235
234
001627486

001630905
235
001632408

001634784


236
001634994

001636536


237
001638038

001641082


238
001641291

001646045
239
001646255

001650508
240
001650759

001653386


241
001653637

001656848
242
001658017

001700393
243
001701812

001704814
244
001705024

001709152
245
001713073

001715908
246
001716160

001718870
247
001719079

001721289
248
001721540

001724959
249
001725836

001730006
250
001732968

001736054
251
001736305

001738389
252
001739516

001742602
253
001742853

001745354
254
001747107

001748149
255
001748400

001750651
256
001750861

001755031
257
001755282

001759327


258
001801955

001805166
259
001807461

001811297


260
001811507

001815259
261
001815469

001818179
262
001820224

001823226
263
001823477

001826562
264
001826814

001831234
265
001833654

001836948
266
001839034

001843913
267
001844581

001849210
268
001850712

001853923


269
001854133

001856968
270
001857177

001901722
271
001904643

001909272
272
001912025

001915653
273
001916446

001918781
274
001918991

001921868
275
001922035

001927456
276
001927666

001929917
277
001937718

001940136
278
001940554

001943139
279
001951315

001954108


280
001954359

001958196
281
001958405

002001407
282
002002242

002007246
283
002007497

002009207
284
002009416

002011125
285
002011335

002014962


286
002015214

002017048
287
002017299

002020426
288
002020636

002023846
289
002029436

002032897
290
002034233

002035483
291
002035692

002040613
292
002040822

002042865
293
002043075

002046035
294
002046286

002048329
295
002048538

002051457
296
002051667

002054377
297
002054586

002058130


298
002058340

002100049
299
002100300

002102093


300
002110852

002114855
301
002115315

002116482
302
002116692

002118859
303
002119069

002121779
304
002129955

002134083
305
002134793

002138963
10
306
002139131

002140840


307
002143176

002144844
308
002146555

002148931

