1
000002168

000003419
2
000003586

000006255
3
000009009

000010259
4
000010510

000012052
5
000012220

000014179
6
000017767

000020853
7
000021021

000022396
8
000022564

000024732
9
000024899

000029278
10
000029446

000030696
11
000030905

000032948
12
000033116

000036243
13
000036411

000037953
14
000038121

000039663
15
000041458

000045294
16
000046588

000047671


17
000047839

000049923
18
000050091

000051175
19
000051342

000054178
20
000054345

000057139

21
000057348

000059224
22
000059392

000100476
23
000100643

000102811
24
000102979

000106398
25
000106566

000109318
26
000109486

000111945
27
000112113

000113781
28
000208795

000210504

29
000211923

000213006
30
000213174

000215509
31
000215677

000218262


32
000218429

000221598
33
000221766

000224434
34
000225311

000227521
35
000227689

000228772
36
000230316

000234111
37
000237574

000239032


38
000240743

000242578
39
000242745

000244621
40
000244789

000245914
41
000246082

000249710
42
000249878

000251086
43
000251254

000253714
44
000253882

000256800
45
000256968

000258719
46
000258887

000300929
47
000301598

000303140
48
000303308

000305809
49
000305977

000309730
50
000309898

000313442
51
000313610

000316069
52
000316237

000319781
53
000322243

000326496
54
000326664

000328165
55
000334005

000335464


56
000336132

000337883
57
000338051

000340886
58
000341471

000342554
59
000342722

000346099
60
000346267

000347809
61
000347977

000349478
62
000349646

000352356
63
000353066

000354149
64
000354317

000357361


65
000357528

000400656
66
000400823

000402115
67
000402283

000403575
68
000403743

000406453


69
000406621

000407829
70
000407997

000409623
71
000411042

000412125
72
000412293

000413585


73
000413753

000416713
74
000416881

000421426
75
000421594

000423387
76
000423554

000426056
77
000426224

000428100
78
000429519

000431436
79
000431604

000432771
80
000435650

000439486
81
000439654

000442155
82
000442323

000443824
83
000444033

000448704
84
000450873

000453125


85
000454961

000456336
86
000456546

000458255

87
000458423

000500132
88
000500675

000501842
89
000502010

000508098
90
000510184

000512019
91
000513563

000515814
800
92
000515982

000517399
93
000517567

000520193
94
000520361

000522446
95
000528328

000530662
96
000535835

000537502


97
000537670

000538837
98
000539005

000543133
99
000543760

000545177
100
000545345

000548305
101
000550266

000551350
102
000551517

000552601
103
000552769

000554478
104
000554645

000557230
105
000557398

000559858
106
000600985

000603320
107
000603488

000605822
108
000609202

000610702
109
000616626

000620295
110
000620463

000622672
111
000622840

000625133
112
000625301

000627135
113
000630890

000631973
114
000634143

000636478


115
000636646

000638230
116
000638398

000641691
117
000644487

000646613


118
000646781

000650826
119
000652620

000654913
120
000655081

000658375
121
000658543

000700377
122
000700545

000702337
123
000702505

000706216
124
000706968

000708051
125
000708219

000709678
126
000709846

000710929
127
000711097

000712431
128
000712640

000713932
129
000714100

000716143
130
000716310

000718103
131
000719939

000721898
132
000722066

000725193
133
000725361

000727154
134
000727321

000728864
135
000731033

000732617


136
000732785

000735662
137
000735830

000738206
138
000738374

000740167
139
000741794

000743086
140
000743254

000744588
141
000748259

000750635
142
000750803

000751887
143
000759437

000802397
30
144
000802565

000804107
145
000804275

000808487
146
000809822

000812741
147
000813743

000815410
148
000816329

000818121
149
000819373

000822209
150
000823085

000824794
151
000824962

000828757
152
000829675

000831968
153
000832803

000835889
154
000836057

000839392
155
000844065

000846358
156
000846859

000847943
157
000848110

000849903
158
000850071

000853240
159
000859956

000901498
160
000904126

000906753
161
000906921

000908046


162
000911509

000913510
163
000913678

000916221


164
000916389

000919224
165
000923896

000925188
166
000925356

000927649
167
000929652

000931111
168
000932822

000935615
169
000937201

000938285
170
000938452

000943290
171
000944000

000948086
172
000954093

000957679
173
000957847

001000932
174
001001183

001004269
175
001006564

001009274
176
001013446

001015822
177
001015990

001017657
178
001017825

001020952


179
001021120

001022954


180
001023122

001025123
181
001028044

001029711
182
001031339

001034257
183
001034759

001037594


184
001038095

001039262
185
001039472

001040597
186
001040765

001042432
187
001042600

001043683
188
001043851

001045435
189
001047355

001048730
190
001048898

001049981
191
001051400

001053652

192
001053819

001055570
193
001055738

001058448
194
001059158

001101076
195
001101285

001104371
196
001104538

001106414
197
001108751

001110001


198
001110169

001115256
199
001115424

001119219
200
001119428

001123431


201
001123641

001126976
202
001127144

001130188


203
001131565

001133441
204
001133609

001134693
205
001136112

001138321


206
001138489

001139906
207
001140074

001141157


208
001141325

001144744
209
001153963

001155839
210
001156006

001157340
211
001158509

001202137


212
001202805

001204222
213
001207351

001210186
214
001210354

001214232
215
001214400

001215942
216
001216152

001218027
217
001220072

001223450
218
001223617

001227203
219
001229123

001233251
220
001237548

001239466
221
001239675

001241301
222
001241510

001243553
223
001243721

001246347
224
001249310

001251019
225
001252521

001254898


226
001301989

001304073
227
001313626

001315043
228
001317296

001318755
229
001318923

001321132
230
001321967

001323968
231
001324804

001327055
232
001327223

001330433
233
001330601

001332185
234
001332353

001335271
235
001336857

001337941
236
001338108

001342570
237
001342780

001345073
238
001345324

001347492
239
001347660

001349661
240
001351622

001352705
241
001352873

001355959
242
001356126

001359838
243
001400005

001404968
244
001405135

001408596
245
001411350

001414644
246
001414812

001417063
247
001419650

001422402


248
001422570

001423653
249
001423821

001426489
250
001427616

001429033
251
001429243

001430535
252
001430703

001433454
253
001433706

001436291
18
254
001438294

001441629
255
001441797

001443006
256
001443173

001447260
20
257
001452349

001455727
258
001505654

001507363
259
001507531

001510909
260
001511118

001514662
261
001514830

001516372
262
001516540

001517957
263
001518125

001520543


264
001520711

001523212
265
001523380

001528509
266
001528677

001530637
267
001530804

001531888
268
001532056

001535224
269
001535392

001536517
270
001536685

001540438
271
001540606

001543858
272
001546111

001547779


273
001547947

001548947
274
001549114

001550990
275
001552451

001555244


276
001555412

001557205
277
001557373

001600333
278
001601752

001605129
279
001607091

001609509
280
001609927

001612971
281
001613138

001614305
282
001619770

001621062
283
001621230

001624148
284
001627194

001628736
285
001630155

001633282
286
001642751

001646587
287
001650092

001651759
288
001651927

001655054
289
001659643

001701102
290
001703188

001705148
291
001705315

001706816
292
001708068

001709152
293
001710779

001712780
294
001716201

001717827
295
001718704

001719954
296
001720122

001722165
297
001723834

001726210
298
001727546

001730089
299
001732968

001736095
300
001756658

001757742
301
001757910

001759660
302
001801455

001803122
303
001803290

001806542
304
001806710

001808920
305
001811548

001814425


306
001816178

001818096
307
001819181

001821015
308
001821183

001824352
309
001825229

001828314
310
001828732

001831776
311
001831944

001836322
312
001838283

001841953
313
001842538

001843621
314
001843789

001847250
315
001847417

001849502
316
001851421

001853589
317
001854466

001856592
318
001902391

001905393
319
001906770

001908688
320
001908856

001910106
321
001910274

001913276

322
001914486

001915611
323
001917739

001921075


324
001921243

001922535
325
001924997

001927039
326
001927207

001931002
327
001932004

001935631
$50
328
001935799

001937675
329
002003076

002005828


330
002005996

002007079
331
002012794

002013878
332
002014046

002016255


333
002016423

002018799


334
002018967

002022386
335
002022554

002024639


336
002024806

002028809
337
002029311

002034398
338
002035150

002040238
339
002041949

002043074
340
002043659

002044742
341
002131081

002133499
342
002133667

002135543
343
002135711

002139130
344
002139339

002141382
345
002142801

002146178


20
346
002151727

002154020
347
002156857

002157982
348
002158608

002201485
349
002203989

002205072
350
002206783

002209118
351
002212080

002213748


352
002214666

002217918