1
000002711

000004878
2
000005130

000006880
3
000007132

000010009
4
000010218

000012428
5
000012846

000014179
6
000014431

000017683
7
000017934

000020894
8
000021146

000023355
9
000025150

000026692
10
000026901

000030154
11
000032365

000034533
12
000034743

000037286
13
000038788

000042291
14
000042500

000043917
15
000050800

000052926
16
000148733

000150526
17
000150777

000153904
18
000155990

000158283


19
000159410

000201328
20
000201579

000203831
21
000205667

000208460
22
000208753

000212297


23
000212549

000215509
24
000215760

000218220
25
000218471

000221765
26
000225478

000227729
27
000227939

000230566
28
000233153

000235112
29
000235655

000238991
30
000239242

000241869
31
000242120

000243537
32
000243788

000246456
33
000246708

000250002
34
000252380

000253881
35
000254132

000258635
36
000300221

000301805
37
000304434

000306393
38
000307020

000310063
39
000311149

000314193
40
000314736

000317779
41
000318031

000320949
42
000321201

000323577
43
000324704

000327956
44
000328166

000331168
45
000331377

000333253
46
000333504

000334796
47
000338343

000339843
48
000341095

000342262
49
000342472

000345682
50
000345934

000347809


51
000348603

000350103
52
000351314

000354233
53
000357237

000359863
54
000400281

000402324
55
000406704

000407955
56
000408164

000409248
57
000409499

000410707
58
000411209

000414253
59
000421803

000422970
60
000424847

000427432
61
000427684

000430727
62
000430937

000432062
63
000432772

000436149
64
000436359

000438193
65
000438945

000440362


66
000441155

000442990
67
000446369

000447661
68
000447870

000450998
69
000451207

000453667
70
000455336

000456378
71
000457714

000500549
72
000502552

000505262
73
000505513

000508724
74
000508933

000511810
75
000512520

000513603
76
000516649

000517691
7ish
77
000518026

000519067
78
000522238

000524323
79
000524532

000526867
80
000527118

000528493
81
000528703

000531872
82
000532123

000536043
83
000536252

000539296
84
000539547

000543925
85
000547305

000550098
86
000550350

000551808
87
000552018

000554144


88
000554645

000556063
89
000556314

000600067
90
000600318

000601651
91
000601903

000605364
92
000607116

000608158
93
000608368

000611286
94
000611496

000615290
95
000616209

000620045
96
000620296

000621421
97
000621631

000623673
98
000623925

000625675
99
000625927

000629846
100
000630098

000631681


101
000631891

000634267
102
000636020

000637646
103
000638147

000640649
104
000640858

000643360
105
000643611

000645445
106
000645696

000648990
107
000649200

000650659
108
000652620

000657124
109
000657333

000659668
110
000706050

000707926
111
000708803

000712389
112
000712598

000713557
113
000713766

000716852
114
000717103

000720272
115
000721399

000723525
116
000723776

000726027
117
000727864

000728989
118
000731325

000732576
119
000733703

000734870
120
000735121

000737539
121
000737790

000741126
122
000742420

000746548
123
000750887

000752179
124
000753639

000755807
125
000756017

000758810
126
000800396

000804065
127
000804317

000806776
128
000808946

000811364
129
000816078

000817078
130
000817288

000820499
131
000821125

000822626
132
000823419

000824461
133
000824921

000826171
134
000827673

000829799
135
000830009

000831092
136
000831344

000833720
137
000835806

000839100
138
000844148

000846399
139
000846609

000849945
140
000850571

000854741
141
000854951

000856493
142
000859247

000901998


143
000903751

000907379


144
000907588

000910840
145
000912134

000913468
146
000914929

000917889
147
000918140

000921059
148
000921310

000922352
149
000922562

000925564
150
000925815

000928733
151
000928985

000931945
152
000932363

000934489
153
000935199

000936491


154
000936701

000940412


155
000940705

000943123
156
000943624

000945000
157
000945835

000947752
158
000948004

000950380


159
000950631

000952716
160
000952967

000956052
161
000956262

000958138
162
000958347

001000223
163
001004270

001006938
164
001008482

001009691
165
001010067

001013153
166
001013529

001015322
167
001017783

001018825
168
001019076

001020493
169
001020953

001022871
170
001023539

001024831
171
001037720

001040055
172
001045269

001048647
173
001048898

001051316
174
001052526

001055403
175
001055655

001058114


176
001058366

001101368
177
001103913

001104954
178
001106123

001109292
179
001112171

001113630


180
001113839

001117592
181
001117885

001119344
182
001119595

001121805


183
001122056

001123556
184
001123808

001125767
185
001126018

001127602
186
001127812

001129979
187
001130231

001132399
188
001132650

001136653
189
001147164

001148707
190
001151669

001153878
191
001156298

001158466
192
001158676

001202470
193
001202722

001207225
194
001209562

001210729
195
001210938

001213440
196
001217403

001219362


197
001220322

001223450
198
001225536

001227746
199
001229331

001231332
200
001231584

001233960
201
001234211

001238047
202
001241594

001244679
203
001244930

001248057
204
001249852

001252896
205
001254565

001257609
206
001257818

001258985
207
001259904

001300987
208
001302364

001305950
209
001306160

001307160
210
001307369

001309662


211
001309872

001312707
212
001314668

001317337
213
001317588

001320840
214
001323010

001326054
215
001326263

001328765
216
001329391

001331476
217
001333646

001335146
218
001336649

001338441
219
001340361

001342070
220
001342321

001344364


221
001344573

001345782
222
001346033

001347826


223
001348202

001349619
224
001350120

001352372
225
001352623

001354207
226
001355543

001356584
227
001406887

001409055
228
001409306

001411516
229
001411934

001413393


230
001414520

001416563
231
001416814

001420066
232
001420276

001423361
233
001424029

001425697
234
001427116

001428533
235
001428742

001431160
236
001432037

001434038
237
001434290

001436541
238
001436792

001438960
239
001440671

001443006
240
001444216

001445258
241
001448929

001451806
242
001452057

001453349
243
001453601

001456477
244
001456729

001459063
8
245
001459315

001502817
246
001505029

001506237
247
001506989

001510033
248
001511452

001512493
249
001513203

001514454
250
001519710

001522670
251
001522922

001526925
252
001527176

001528676
253
001537227

001538770
254
001541607

001542732
255
001544276

001547820
256
001550658

001551866
257
001555245

001556621
258
001559166

001600333
259
001601293

001603086
260
001603879

001605505
261
001610135

001613304
262
001613555

001615807
263
001616058

001618935
264
001619144

001621020
265
001621981

001624357
266
001624566

001628653
267
001628862

001629862
268
001630072

001632949
269
001633158

001634325
270
001634535

001635535
271
001635744

001636953


272
001637204

001638329
273
001638539

001641457
274
001642960

001644627
275
001644878

001646713
276
001647756

001651092
277
001651927

001652969
278
001653220

001654303
279
001654555

001655888
280
001656140

001657223
281
001657474

001701561
282
001704273

001707400

283
001707943

001709318
284
001709570

001712321
285
001712781

001715283
286
001715534

001717410
287
001717661

001721247
288
001721457

001723291
289
001723542

001726711
290
001726920

001729422
291
001730799

001732633
292
001735220

001736971
293
001740934

001742810
294
001743062

001745271
295
001746607

001748191
296
001749443

001752236
297
001753363

001754447
298
001755657

001758409
299
001758786

001802789
300
001806126

001807543


301
001807795

001810505
302
001810714

001813007
303
001817513

001821682


304
001822476

001826479
305
001827689

001831400
306
001832236

001833903
307
001834154

001835822
308
001836073

001837156
309
001837407

001839951
310
001840202

001841619
311
001841829

001843496


312
001843705

001845581


313
001845791

001847667
314
001847918

001849335
315
001850129

001852004


316
001852256

001855967
317
001856176

001858261
318
001901098

001903516
319
001903767

001907228
320
001910524

001912191
321
001913569

001916821
322
001923036

001925496
323
001925747

001927707
324
001927958

001929000

325
001929209

001930543


326
001930752

001931794


327
001932254

001933629


328
001934840

001936883
329
001937676

001939135
330
001941513

001943848
331
001944099

001947602
332
001947853

001949604
333
001951732

001953191
334
001953442

001955610
335
001956486

001959739
336
002000032

002002158
337
002003285

002005661


338
002005871

002007705
339
002007915

002009749
340
002012586

002014712
&
341
002028727

002030061
342
002030312

002032355
343
002035025

002037360
344
002037611

002038736
345
002040864

002043991
346
002044201

002047578
347
002053252

002054669
348
002054920

002057421
349
002058131

002100841
24inch
350
002101051

002103344
351
002103595

002107223
352
002107516

002109475
353
002109726

002112311
354
002112562

002115940
355
002116191

002118401
356
002118610

002121153
357
002128453

002130329
358
002130580

002131789
359
002131999

002134500
360
002134710

002137086
361
002143468

002144677
362
002144886

002147805
363
002150058

002152184


364
002155897

002158190


365
002158483

002200484


366
002203113

002206949
367
002208744

002209744
368
002209953

002210995
369
002211204

002212246
370
002212497

002216751
371
002218003

002219337
372
002221840

002223090
373
002223342

002224675
374
002225177

002228095


375
002228347

002230598
376
002232684

002234268