1
000012804

000015139


2
000021771

000023313
3
000024774

000025983
4
000026151

000028235
9
5
000030030

000031405
6
000031573

000034783
7
000036161

000038746
9
8
000039831

000042249
9
000042542

000044877
10
000047380

000050174
11
000050341

000054636
12
000054804

000056930
13
000057515

000058557
14
000058725

000100434


15
000101102

000105064
16
000105231

000108275
17
000108443

000110611
18
000111821

000112946


19
000113114

000115657
20
000209963

000211839
21
000212006

000213966
22
000214134

000218887
23
000219556

000223350
24
000223518

000225435
25
000227647

000231275
26
000231442

000235320
27
000236156

000237281


28
000237448

000240325


29
000240952

000243579


30
000244122

000245831
31
000245999

000250002
32
000251504

000253005
33
000253173

000256383
34
000256551

000259636
35
000259804

000302347
36
000306019

000309897
37
000310064

000312566
38
000312734

000315736
39
000318281

000320365
40
000322410

000323493


41
000323661

000324912


42
000325121

000326371
43
000327624

000329875
44
000332378

000336548
45
000338384

000340219
46
000341971

000344514
47
000344682

000346850


48
000349562

000352189
49
000354025

000356610
50
000356778

000358946
51
000359155

000400822
52
000400990

000402157
53
000402325

000405035
54
000410750

000413001
55
000415421

000416463
56
000416631

000419424
57
000419592

000422427
58
000422595

000426598
59
000426766

000428642
60
000428810

000431937
61
000432105

000434314
62
000436317

000437359
63
000440113

000443031
64
000443199

000445367
65
000447662

000449788
66
000452542

000456169
67
000456337

000500924


68
000502218

000506847


69
000507015

000509683
70
000509892

000514688
71
000514856

000518692
19
72
000519110

000523155


73
000523364

000526199


74
000526367

000528744
75
000536461

000539087
76
000540089

000542758
77
000542925

000545844
78
000546929

000551099


79
000555438

000557105
80
000557607

000600567
81
000600860

000602611
82
000603029

000604780
83
000605740

000608533
84
000608701

000612204
85
000612830

000616541
86
000616751

000618960


87
000619504

000623423
5
88
000628012

000630097
89
000630264

000633266
90
000633476

000635227
91
000635395

000637354
92
000637522

000639731
93
000639899

000641775
94
000642193

000643693
95
000643861

000645821
96
000646614

000649616
97
000653496

000655747
98
000655915

000657958


99
000658126

000700252


100
000700420

000701628
101
000701796

000703755
102
000703923

000705924
103
000706092

000707801
104
000707969

000711721
105
000715059

000716518


106
000719439

000721022
107
000721190

000722899
108
000723443

000725360
109
000725820

000728029
110
000728197

000731783
111
000733911

000736246
112
000736414

000737664
113
000740877

000743753
114
000744672

000748383
115
000748968

000751636


116
000752180

000755599
117
000755808

000800979
118
000801856

000804983
119
000805151

000806651
120
000809739

000811865


121
000812033

000815744
122
000815912

000817871
123
000819081

000820248
124
000821751

000823752
125
000823920

000826546
126
000826714

000830509
127
000834555

000836431


128
000836599

000838099
129
000838267

000841728
130
000842813

000844648
131
000844815

000847275
132
000847485

000850695
133
000850863

000854032


134
000854200

000856868
10
135
000857036

000859037
136
000859205

000902541
137
000903584

000905961
138
000907547

000911758
139
000911926

000913176
140
000913344

000916096
141
000916264

000917973
142
000920893

000922143
143
000922728

000926106
144
000935741

000937367
145
000939287

000943707
146
000943874

000945500
147
000946335

000948295
148
000950089

000954342
149
000954510

000957721
150
000958723

001004519
151
001006022

001007147
152
001007607

001011735
153
001013904

001018742
154
001024123

001026333
155
001027126

001029377
156
001030129

001032672
157
001032882

001036676
158
001036844

001041389
159
001045811

001049230
160
001050608

001052150
161
001052735

001057489
162
001057657

001101159
163
001103996

001109042
164
001109210

001111544
165
001111712

001115632


166
001115800

001117967


167
001118135

001120970
168
001134985

001137112
169
001138572

001139781


170
001139949

001141282
171
001141450

001145662
172
001145830

001148164
173
001148958

001150709
174
001150918

001154295
175
001156132

001157841


176
001158008

001201010
177
001201178

001204180


178
001204348

001207058
179
001207226

001209978
180
001210146

001213273
181
001215401

001218236


182
001221323

001223825
183
001223993

001225118
$300
184
001225286

001228663


$25
185
001232543

001234961
186
001235421

001237130
20
187
001237631

001239758
188
001241677

001244429
189
001244597

001247807
20s
190
001247975

001249934
191
001255232

001257484
192
001257651

001301237
193
001301405

001303573


194
001303741

001306701


195
001307161

001309788
196
001311165

001313541


197
001316712

001318922
198
001320341

001324677
199
001324845

001325887
200
001326388

001327847
201
001331894

001333353


202
001333521

001336356
203
001336524

001341027
204
001341195

001343404
205
001343572

001346658
206
001347326

001349452


207
001349662

001351579
208
001352623

001354916
209
001355084

001359128
210
001359296

001401548


211
001401715

001403216
212
001404802

001407387
213
001409557

001411266
214
001411433

001414060
215
001414228

001416771


216
001417398

001420525
217
001420693

001422944
218
001423112

001424946
219
001425114

001427782
220
001427950

001430660


221
001430828

001434706
222
001434874

001437917
223
001438085

001439878
224
001442506

001445466
225
001445634

001447135
226
001453434

001454934
227
001455269

001457186
228
001457354

001500773
229
001501317

001504235
230
001506906

001508823
231
001510326

001513119
232
001513662

001515997
233
001517082

001520043
234
001520961

001524839
235
001525007

001527592
236
001528469

001531471
237
001531639

001533097
238
001547404

001548446
239
001552117

001555078
240
001557748

001559040
241
001559208

001600833


242
001601001

001604420
243
001608676

001611594
244
001614515

001617767
245
001617935

001620019
246
001622189

001623398
247
001623565

001625775
248
001628904

001630238


249
001630447

001631489
250
001631657

001634617
251
001637162

001638454
252
001641250

001643793
253
001643961

001646796
254
001646964

001650341
255
001650509

001653594


256
001653762

001656556
257
001656724

001700601
258
001700769

001703855
259
001708652

001709902
260
001713532

001715992
261
001716744

001719037
262
001721457

001725293
263
001731759

001733384
264
001733761

001737138
265
001744313

001746147
266
001750444

001751611
267
001752905

001754906
268
001756575

001758326
269
001805501

001807418
270
001807628

001812048
271
001817554

001820723


272
001821100

001823601
273
001823769

001825520
274
001829233

001831109
275
001831902

001833111
276
001833821

001835905
277
001837282

001839867


278
001840035

001841744
279
001842746

001844247
280
001844581

001846833
281
001847000

001849502
282
001849670

001853089
283
001853257

001856050
284
001856969

001859512
285
001903183

001904517
286
001906520

001908563
287
001910941

001913651
288
001913819

001918156
289
001918866

001921826


290
001922202

001924996
291
001928917

001930251
292
001933463

001936507


293
001942014

001943598


294
001943765

001947143
295
001947311

001949395
296
001952649

001955234
297
001955402

001957361
298
002002201

002003951
299
002004161

002006120


300
002006288

002008873


301
002009082

002011000
302
002019468

002023221
303
002024014

002027183
304
002027893

002030353
305
002030520

002032355
306
002032856

002035233


307
002037861

002041697
308
002041865

002045576
309
002045744

002048287
310
002048497

002051624
311
002051792

002054126
312
002057714

002059840
313
002100884

002103344
314
002103512

002106514
315
002107391

002110059


316
002110227

002112937
317
002115691

002118109
318
002118318

002121696
319
002128078

002132331
320
002132499

002135876
321
002137796

002140881
322
002141049

002143134


323
002143343

002147346
324
002148015

002150349


325
002150726

002152977
326
002153145

002155521
327
002155689

002157023
328
002157190

002159442
329
002159609

002201402
330
002203280

002204322