1
000002961

000006755
2
000007007

000009049
3
000009259

000011760
4
000013847

000015347


5
000015598

000019601
6
000019853

000022062
7
000023773

000026859
8
000027193

000028986
9
000029237

000031697
10
000033867

000037036
11
000037829

000039621
12
000042917

000044668
13
000126503

000128962
14
000131132

000135010
15
000135220

000139932
16
000140183

000142726
17
000142977

000145896
4000
18
000146147

000149775
19
000153238

000155364


20
000155615

000159868
21
000200120

000202121
22
000206417

000209002
23
000209504

000211463
24
000211714

000213507
25
000213758

000215467
26
000215718

000219429
27
000220431

000223058
28
000225687

000228689
29
000229399

000234403
30
000235029

000237364


31
000239951

000242995
32
000243246

000247166
33
000250128

000251545
34
000252046

000255507
35
000255758

000257593
36
000300180

000303015
37
000303266

000306268
38
000306519

000309897
39
000312025

000314651
40
000314986

000319698
41
000320116

000323493
42
000323745

000326455
43
000326706

000329458
44
000329709

000331168
45
000331377

000335172
46
000335423

000338467
47
000338718

000341053
48
000342513

000344139
49
000344933

000348060


50
000351564

000353232
51
000353483

000357402
52
000400323

000402866
53
000403076

000405077
54
000405662

000407663
55
000409624

000411625
56
000412252

000414544
57
000414837

000418173
58
000418424

000420926
59
000421177

000424388
60
000424597

000427516
61
000427767

000429476
62
000429727

000434147
63
000434857

000437192
64
000437443

000440195
65
000442240

000444908
66
000445159

000448745
67
000450999

000452874
68
000456254

000500632
69
000500883

000507222
70
000514564

000516606
71
000516858

000518567
72
000518776

000522154
73
000522405

000525449
74
000525658

000527326


75
000527910

000530662
76
000531998

000533290
77
000534167

000536293


78
000537420

000540088
79
000540340

000543425
80
000543676

000547346
81
000548806

000551350
82
000551601

000554353
83
000554604

000556521


84
000558608

000600484
85
000605698

000607991
86
000608242

000611536
87
000612413

000616541
88
000617668

000620087
89
000620338

000621588
90
000621839

000623465
91
000623716

000626134
92
000627678

000629179
93
000629430

000633266
94
000634143

000636144
95
000636354

000639064
96
000639315

000642651


97
000642860

000646988
98
000648116

000650826
99
000651369

000652411
100
000652662

000655372
101
000655623

000657833
102
000658084

000701044
103
000702213

000704840
104
000705091

000707217
105
000707427

000710595
106
000710847

000713390
107
000715393

000717519


108
000719147

000721189
109
000721399

000724109


110
000724569

000727654


111
000729407

000733535
112
000735246

000737581
113
000740918

000743503
114
000744380

000747382
115
000747633

000751428
116
000751679

000752721
117
000752972

000755640
118
000755892

000758268
119
000759854

000801480


120
000804525

000807736
121
000810406

000812491
122
000820666

000821708
123
000821959

000825003
124
000834639

000836723


125
000836974

000839809
126
000840061

000841770
127
000842021

000843146
128
000848027

000850362
129
000850613

000852155
130
000853658

000857118
131
000857286

000858328
132
000902625

000905585


133
000905836

000908004
134
000908256

000910882


135
000912718

000916471
136
000916722

000917973
137
000919475

000920892
138
000921143

000923645


139
000924480

000925897
140
000926816

000930277
141
000931404

000936032
142
000936284

000938410
143
000955845

000958388
144
000958639

000959764
145
001000016

001002058
146
001002310

001005395
147
001008232

001010275
148
001013446

001015947
149
001018159

001021453
150
001021704

001024873
151
001025124

001028293
152
001031047

001033965
153
001034216

001035467
154
001035718

001040221
155
001040473

001043224
156
001059659

001100825
157
001102453

001104371
158
001106624

001108541
159
001113839

001115256
160
001116467

001117926
161
001119679

001123264
162
001123516

001125225


163
001133442

001135235
164
001137071

001139823
165
001143869

001146579


166
001148874

001150500


167
001150751

001152335
168
001152586

001155255
169
001156173

001157215
170
001204432

001207142
171
001208436

001211521
172
001211731

001215483
173
001216193

001219154
174
001222032

001224284
175
001224535

001227203
176
001227455

001229164
177
001229415

001230915
178
001231208

001233001
179
001233252

001235295
180
001236589

001240133
181
001240384

001242844
182
001243095

001246347
183
001246766

001248016
184
001248434

001252604
185
001252813

001254689
186
001257193

001258568
187
001258903

001301571
188
001302406

001303448
189
001309580

001310830
190
001311081

001314334
191
001314585

001316795
192
001318506

001322383


193
001323135

001324677
194
001326263

001329098
195
001329350

001331726
196
001331977

001334437
197
001334688

001335939
198
001336190

001340276
199
001340528

001344030
200
001345658

001347450
201
001347952

001350995
202
001357503

001359587
203
001441422

001445925
204
001446218

001449137
205
001449680

001450847


206
001452975

001456060
207
001457104

001459814
208
001500024

001502191
209
001502443

001505445
210
001505821

001507030
211
001507281

001509282
212
001509533

001510867
213
001511118

001513244
214
001514038

001518041
215
001519627

001521294
216
001521503

001523546
217
001526175

001527467
218
001527718

001529719
219
001529887

001530929
220
001531722

001534557
221
001534934

001536517
222
001537770

001539228
223
001540147

001541564
224
001541815

001544859
225
001547988

001551783
226
001553869

001556496
227
001556747

001600875


228
001601126

001603461
229
001603712

001606756
230
001607216

001609050
231
001609259

001612303
232
001612554

001614305


233
001616517

001618267

234
001618519

001621145
235
001622690

001626359
236
001639373

001640540
237
001640791

001642208
238
001642918

001645336
239
001645587

001648464
240
001649550

001653052
241
001653512

001657724
242
001659476

001701978
243
001702229

001705189
244
001705441

001709235
245
001709403

001711696
246
001716368

001720079


247
001720330

001724125
248
001725878

001729047


249
001731050

001732091
250
001732342

001734761
251
001734970

001736429
252
001736638

001738931
253
001739141

001742685


254
001743896

001747065


255
001747316

001750610
256
001750819

001754572
257
001754782

001756783
258
001757034

001800369
259
001801830

001803831
260
001806752

001810004
261
001810297

001814008
262
001814259

001817762
263
001818013

001821808
264
001822810

001825228


265
001827606

001828981
266
001831151

001832693
267
001833195

001835113
268
001835280

001836322
269
001836490

001840451
270
001841370

001844997


271
001851588

001853798
272
001854633

001857677
273
001859429

001902974
274
001903392

001906769
Y2K
275
001908730

001910481
276
001911358

001912984


277
001915571

001916946
278
001917406

001919448
279
001926957

001928374
280
001933213

001934755
281
001935257

001938426
282
001938635

001942597
283
001943098

001945099
284
001945559

001946976
285
001948437

001952440
286
001952983

001955359


287
001957487

002001616
288
002002451

002005536
289
002005954

002006996
290
002007456

002008873
291
002010751

002011959
292
002015088

002017924
293
002018175

002020468
294
002020719

002022637
295
002023680

002028684
296
002052417

002055920
297
002056129

002058839
298
002059925

002102843
299
002103095

002105513
300
002106014

002109600
301
002109851

002112812
302
002114064

002116691
303
002116942

002119318
304
002120279

002123781
305
002124032

002128995
306
002130914

002132540
307
002133000

002135334
308
002136586

002138296
309
002138964

002141090
310
002141341

002142508


311
002145178

002148472