1
000002836

000005713


2
000005880

000008882
3
000014848

000016390
4
000111946

000114448
5
000114616

000115991
6
000116159

000118994

7
000119162

000124333
8
000126336

000128295


9
000128463

000131673
10
000136513

000137846
11
000138014

000139681
12
000141559

000142976
13
000143144

000144978

14
000145146

000147064
15
000147232

000149066
16
000149234

000152361
17
000152529

000156949
2
18
000157117

000159368
19
000159577

000202204

20
000203873

000207209
21
000207377

000211421
22
000214217

000216635

23
000216803

000218637
24
000220056

000222307
25
000222934

000226019
26
000226187

000229439
27
000232026

000233443
28
000233611

000234903
29
000235947

000237030
30
000237198

000240075
31
000240243

000241326
32
000241494

000244705
33
000244873

000248041
34
000248209

000250669


35
000250837

000252546
36
000252714

000254089
37
000254257

000256383
38
000256551

000258760
39
000300638

000303223
40
000303391

000305434
41
000307604

000309146
42
000309314

000310397
43
000310565

000311648
44
000311816

000314318
45
000317655

000319448
46
000320909

000323035


47
000323203

000324786
48
000326206

000328081
49
000328249

000331752
50
000331920

000334755
51
000337675

000339384
52
000345099

000346558
53
000346768

000347851
54
000348019

000350520
55
000350688

000352147
56
000353066

000355525
57
000355693

000357236
58
000357403

000400405
59
000401532

000404660
60
000404827

000406870
61
000407038

000408622
62
000409374

000410624
63
000410792

000412292
64
000417006

000422261
65
000424764

000427808


66
000427976

000429309
67
000432855

000435065
68
000435233

000439236
69
000439404

000442531
70
000442699

000444825
71
000445660

000447911
72
000449706

000451915
73
000452083

000454584
74
000456045

000458505
75
000458673

000459965
76
000500133

000503093
77
000503344

000504594
78
000504762

000507264
79
000507432

000510183
80
000510351

000514021
81
000514772

000515856
82
000516024

000518567
83
000518735

000521403
84
000521571

000524364
85
000524532

000526366
86
000548765

000549931
87
000550099

000552434

88
000552602

000556438
89
000557857

000600609
90
000600777

000601860
91
000602070

000604196
92
000605114

000607324
93
000607492

000609368
94
000613206

000614623
95
000614791

000615874


96
000617293

000622297
97
000623299

000624883
98
000626302

000628178
99
000629138

000630180
100
000631224

000632849


101
000633017

000636728
102
000644404

000646154
103
000646406

000648073


104
000648241

000652160
105
000658167

000659876
106
000701170

000703839
107
000705508

000707676
108
000709720

000713515
109
000713683

000714891
110
000716310

000718687
111
000719188

000720856
112
000721023

000725694
113
000727989

000730031
114
000732702

000736705
115
000738708

000740333


116
000740710

000744421
117
000744589

000747424
118
000749218

000752220
119
000752388

000753972
120
000757560

000800270
121
000800438

000803773

122
000808905

000810489
123
000810656

000811740
124
000811908

000812991
125
000813159

000815744
126
000815912

000818622
127
000818789

000823084


128
000823252

000826463


129
000826631

000828131
130
000828299

000831176
131
000831385

000833512
132
000833679

000834846
133
000835014

000836473


134
000836641

000838517
135
000838684

000841853


136
000842021

000843230
137
000843439

000844564

138
000844732

000846316
139
000847318

000849236
140
000849445

000852030
141
000858454

000859579
142
000904335

000905585


143
000905753

000908088


144
000909215

000910590
145
000910758

000912259
146
000916472

000918473
147
000920226

000924020
148
000924188

000926231
149
000926399

000928108
150
000928276

000929359
151
000929527

000930902
152
000931070

000933113
153
000933864

000937242
154
000937410

000942163
155
000942665

000947210
156
000947378

000949004
157
000949630

000950880
158
000951549

000954175
159
000955011

000957095
160
000957555

001000140
161
001000308

001003351
162
001003519

001005312
163
001005521

001009774
164
001012361

001014738


165
001014947

001016698
166
001016866

001019326
167
001019535

001022621
168
001022788

001024873
169
001027043

001029711
170
001030463

001033632
171
001034425

001036217
172
001036385

001039346
173
001039513

001042474
174
001045019

001048396
175
001050691

001051775
176
001053486

001057489
177
001057990

001100909
178
001106749

001108416


179
001108584

001111461
180
001111629

001113505
181
001113673

001115965
182
001117259

001121596
183
001121764

001126017
184
001126185

001128019
185
001128187

001131106
186
001131273

001134150
187
001134318

001137821
188
001138698

001139781


189
001141450

001144536
190
001144704

001147914
191
001148666

001150792


192
001150960

001152043
193
001153671

001156131
194
001156424

001159050
195
001159301

001202971
196
001203139

001207642
197
001208477

001209561
198
001213065

001216025
199
001219238

001222157
200
001222324

001224659
201
001224827

001228079
202
001229707

001233209
203
001235045

001239174
204
001240009

001242844
205
001243012

001246014
206
001246390

001248057
207
001248225

001250685
208
001250853

001256065
209
001256692

001259194
210
001259361

001304199
211
001305534

001306618
212
001306786

001310872
213
001311040

001313917
214
001314084

001316127
215
001316295

001318713
216
001319882

001326387
217
001326555

001328890
218
001329058

001332769
219
001333145

001334229
220
001334396

001337899
221
001338067

001340610
222
001340778

001345740
223
001345908

001347742


224
001347910

001349452
225
001349620

001351079
226
001351664

001353122
227
001353290

001354707
228
001355918

001400421
229
001400589

001405844
230
001407304

001411558
231
001411725

001413601
232
001413769

001417605
233
001417773

001419399
234
001419567

001423486
235
001424697

001426030
236
001426198

001427615
237
001429159

001430577
238
001430744

001436749
239
001437626

001439002
240
001439169

001443631
241
001444174

001448303
242
001452558

001454559
243
001454727

001457645
244
001457813

001500815
245
001500983

001503109
246
001504737

001507739
247
001507990

001509073
248
001511368

001513995
249
001522338

001525173
250
001525341

001527508
251
001527885

001530511
252
001531513

001534265
253
001534433

001537852
254
001539188

001540730
255
001541565

001543191
256
001543359

001545401
257
001546487

001549906
258
001550074

001552575
259
001553619

001555954
260
001557581

001600041


261
001600876

001602418


262
001602586

001604712
263
001604880

001607632


264
001607800

001609884
265
001610052

001613638
266
001613806

001617809
267
001618394

001619894
268
001620062

001622271


269
001622982

001624524


270
001625693

001627694
271
001627903

001629404


272
001629571

001630655
273
001630823

001631906


274
001632491

001635451
275
001635619

001636703
276
001636912

001640248
277
001640416

001643209
278
001643419

001646671
279
001646839

001649549


280
001649717

001652301
281
001654054

001657724
282
001657975

001700601
283
001700769

001706065
284
001706442

001708860
285
001709028

001711029
286
001712573

001714449
287
001714658

001718202
288
001719079

001722123


289
001722291

001724375
290
001729715

001732216

291
001733260

001735178
292
001735345

001738306
293
001741101

001742518

294
001742686

001745021
295
001745189

001748232
296
001749735

001751277
297
001752696

001756199
298
001756366

001757617
299
001757826

001802997
300
001803165

001804373
301
001813175

001818429


302
001820557

001822600
303
001822768

001825103
304
001825270

001828731
305
001828899

001832151
306
001832319

001834278
307
001836448

001837657
308
001837825

001839659
309
001839827

001843246
310
001843413

001845123
311
001845290

001848167
312
001848794

001850878
313
001852923

001857552
314
001902099

001904350
315
001904560

001907103
316
001908188

001909814
317
001909982

001911899


318
001912067

001914569
319
001919616

001922076
12
1861
320
001926081

001928875
321
001930460

001932253
322
001943891

001945391
323
001945601

001949687
324
001949855

001951689
325
001953942

001956360
326
001957321

002001282
327
002001742

002004827
328
002004995

002007205
329
002008832

002010625
330
002010792

002012210
331
002013629

002015171
332
002015464

002017215
333
002017466

002018799
334
002018967

002022094
335
002022262

002025097


336
002025265

002028017
337
002028185

002030811
338
002033023

002034565
339
002035192

002037485
340
002038654

002043199


341
002044076

002046661


342
002046954

002050539
343
002050707

002052416
344
002053961

002055544
345
002055712

002058923
346
002059091

002102927
347
002103095

002105638
348
002105806

002108432
349
002108600

002111352
350
002111520

002115773
351
002115941

002117024
352
002158984

002200609
353
002200777

002203946
354
002204614

002207116
355
002207284

002208743
356
002208910

002210411
357
002210579

002213039
358
002213248

002217043
359
002221882

002226052
360
002228513

002231307