1
000003294

000007089


2
000007298

000010384
3
000010635

000014138
4
000014389

000018267


5
000018476

000020269


6
000020478

000024940
7
000027235

000031113
8
000031364

000035826
9
000037495

000040873
10
000041124

000042958
11
000043209

000047463
12
000051843

000053385
13
000055138

000058432


14
000058683

000101643
15
000102687

000106106
16
000106357

000110152


17
000110361

000115282


18
000115992

000120120


19
000121623

000127127
20
000127337

000128879
21
000129089

000133383
22
000133593

000135260
23
000135470

000139139
24
000143561

000146939


25
000147190

000149483
26
000149692

000151193
27
000151444

000156156
28
000156366

000202412
29
000202664

000205666
30
000206459

000208252
31
000208461

000213715
32
000214092

000216677


33
000216886

000221723
34
000224102

000227354


35
000310273

000314610
36
000314861

000318780
37
000319032

000325120


38
000326247

000331001
39
000331211

000333670
40
000333880

000338884


41
000339135

000340594
42
000340803

000343680
43
000343890

000346183
44
000346392

000349102
45
000349312

000351855


46
000352065

000354566
47
000355235

000359488


48
000359697

000404201


49
000406079

000408121
50
000408331

000412459
51
000412669

000417464
52
000419676

000420717


53
000421010

000423595


54
000423846

000428934


55
000429769

000434523


56
000436859

000440195


57
000440822

000442864
58
000445785

000447077
59
000447287

000452666
60
000454002

000457713
61
000458464

000500340
62
000503553

000509808


63
000513646

000518150
64
000518401

000522112
65
000522322

000525032
66
000526034

000531288


67
000532832

000536668
68
000536878

000540672
69
000540965

000543425
70
000543634

000546678


71
000546888

000551516


72
000553436

000555854
73
000556064

000600067
74
000602362

000607157
75
000608201

000610702
76
000619962

000621963
77
000622423

000626051


78
000626302

000629638
79
000629847

000632933


80
000633142

000635143
81
000635812

000640232
82
000640441

000646488
83
000646697

000650283
84
000650493

000652452
85
000652662

000655122
86
000655373

000659167


87
000659377

000704756
88
000704966

000707926


89
000708177

000713265
25J
25K
90
000713474

000718103
91
000718354

000721982
92
000722191

000727946
93
000728197

000732451
25J
94
000733494

000736955
95
000737165

000740125
96
000740376

000743628
97
000747091

000749676
98
000750553

000754389


99
000754599

000759478


100
000759729

000803523
101
000803733

000805317
102
000805776

000806985
103
000808196

000811031
104
000813409

000816536
105
000816746

000818955


106
000819207

000821750
107
000823419

000826254


108
000826464

000827923
109
000829091

000834179


110
000834430

000836056
111
000837266

000839768
112
000839977

000843813
1A
113
000845733

000849653


114
000849862

000854616
115
000855159

000856826
116
000858037

000859996
117
000912969

000914386


118
000914679

000915762
119
000915972

000920141
120
000920768

000924980
121
000929402

000930485


122
000930695

000935323


123
000935575

000941621
124
000941872

000943707


125
000944208

000945292
126
000953092

000958847
127
001000016

001003852
128
001004645

001005895
129
001006606

001012819
130
001013029

001016781
131
001018909

001020827
132
001022204

001025582
133
001025791

001029711
134
001032465

001038094
135
001038304

001042641


136
001048731

001050982
137
001055071

001103078
138
001103704

001106665
139
001113589

001117258
140
001129105

001133483


141
001133734

001140115
142
001143494

001149916
143
001151377

001153878
144
001156132

001159300


145
001159510

001204556
97
146
001205015

001207016
147
001208853

001210979
148
001211689

001215650
149
001217695

001220572


150
001226579

001230749
151
001230958

001236588


152
001238174

001244804


153
001245055

001248475
154
001249810

001253688


155
001253898

001300737
156
001300946

001304157


157
001304658

001307494
158
001310956

001316669


159
001317213

001319464
160
001319673

001324636
161
001324887

001328306
162
001328557

001331935
163
001333020

001335355
164
001335564

001337065
165
001337900

001343029
166
001343364

001344531


167
001344782

001346699
168
001346909

001347992
169
001353415

001357752


170
001358045

001401548


171
001401757

001404008
172
001404301

001409180
173
001411976

001413351
174
001413561

001416980


175
001419525

001424279


176
001428492

001432203


177
001432454

001436165


178
001436417

001438835
179
001439044

001441170


180
001441422

001446134
181
001446343

001448136
182
001448345

001449762
183
001449972

001455184
97
184
001455436

001458062


185
001458272

001504944
3
186
001505529

001508781
187
001509867

001512577


188
001521629

001525381


189
001525591

001527091
190
001528677

001532722
191
001532973

001536392
192
001536685

001540688


10
193
001542316

001546235
194
001546487

001549530
195
001550658

001554994
196
001555245

001559582
197
001559792

001602043
198
001604713

001606673
199
001609551

001613471
200
001613681

001618768


201
001619019

001623773


202
001624024

001628361


203
001628612

001631823


204
001633784

001638538


205
001642376

001646421
206
001649842

001651551
207
001655597

001700560


208
001700936

001703146
209
001703355

001704564
210
001708235

001713156
211
001715075

001716409


212
001716660

001718327
213
001718579

001722582
214
001724001

001727962
215
001728172

001731924


216
001732134

001737847
217
001738098

001740308


218
001740517

001745021
219
001745230

001750318
220
001750527

001754072


221
001754281

001755948
222
001756158

001759118
223
001801246

001804082
224
001804291

001809879
225
001810130

001815676
226
001816053

001817386
227
001817638

001822350
228
001822559

001825061


229
001825270

001827188
230
001827397

001830942


231
001831193

001835822
232
001836031

001839492
233
001839701

001841953
234
001842204

001845456
235
001849378

001850878
236
001851130

001854674
237
001854883

001858928
238
001859221

001903307
239
001905018

001910398


240
001911525

001916904
241
001917114

001919949
242
001920159

001924245
243
001925789

001928332
244
001928917

001930418
245
001931753

001934213
246
001934423

001938384
247
001938635

001940761
248
001947769

001950062
249
001950314

001952899
250
002000782

002005077


251
002005329

002008623


252
002008874

002012877
253
002013086

002019050
254
002021803

002023054
255
002024640

002027016
256
002027809

002030144
257
002031480

002034732


258
002034983

002037610
259
002037861

002043199
260
002044034

002045076
261
002045994

002047787
262
002048372

002052541
263
002055254

002056712
264
002057881

002101175


265
002104554

002108849
266
002111645

002114730
267
002123448

002125491


268
002126118

002129245


269
002129496

002132873


270
002136128

002137211
271
002139047

002140673
272
002140882

002145511
273
002146221

002148347