1
000004462

000007256
2
000007424

000009383
3
000009551

000011510
4
000011678

000014388
5
000014556

000016765
6
000018143

000021311
7
000021479

000023564
8
000025150

000026692
9
000027485

000028902
10
000029070

000033615
11
000034951

000037244
12
000038455

000041457
13
000041624

000044418


14
000049549

000053052
15
000053720

000054762
16
000054929

000057681
17
000057849

000100392
18
000101811

000103562
19
000103980

000105981
20
000107400

000109234
21
000109402

000113197
22
000113364

000116075
23
000157909

000201703


24
000201871

000205290


25
000205458

000208252
26
000208419

000209503
27
000211381

000213006
28
000213174

000215175
29
000216553

000217928
30
000218096

000220097
31
000220265

000222224
32
000222392

000226061
33
000226229

000230149
34
000230316

000232234
35
000233736

000235696
36
000235864

000237865
37
000238032

000239658
38
000239826

000241451
39
000241619

000243036
40
000243997

000245873


41
000250170

000252379


42
000252547

000254965
43
000255133

000258677
44
000259220

000303932
45
000306769

000309605
46
000309772

000315527
47
000315695

000320699
48
000321284

000323285
49
000324037

000326538
50
000326706

000328457
51
000329292

000332044


52
000333421

000336381
53
000336758

000338091
54
000338259

000341011
55
000341179

000342221
56
000342388

000345432
57
000345892

000347893
58
000352148

000354858


59
000355026

000357361
60
000357528

000400155


61
000400323

000403492
62
000404869

000407788
63
000407956

000409915
64
000410083

000412793
65
000412961

000415712
66
000415880

000418215
67
000419884

000421677
68
000421844

000424805


69
000424973

000426974
70
000427141

000431103
71
000431271

000434106
72
000435066

000437567
73
000437735

000439278
74
000439445

000440862


75
000441030

000442155


76
000442323

000443699
77
000443866

000446868
78
000448162

000450497
79
000450665

000452624
80
000452792

000454626
81
000454794

000458422
100
82
000458589

000459965
83
000500133

000505178


84
000507682

000509975
85
000510143

000513687
86
000513855

000518525
45
87
000520278

000521862

88
000522030

000523530
89
000525616

000527367
90
000528911

000530787
91
000530955

000532789
92
000532957

000534791


93
000536044

000539629
94
000539797

000542090
95
000542258

000544801


96
000546596

000550140
97
000551017

000553810
98
000553978

000555812
99
000556230

000558565
100
000558733

000559775
101
000614832

000617667
102
000621214

000624508
103
000627261

000629221
104
000629389

000631640
105
000633017

000634559
106
000635812

000639481
107
000641234

000645028


108
000645405

000647948


109
000648116

000651368
110
000651536

000655038
111
000655206

000658708
112
000701879

000704756
113
000707009

000709302
114
000712515

000713932
115
000714142

000716560
116
000716727

000721565
117
000722608

000725402
118
000726988

000730198


119
000731701

000734911
120
000735746

000738123
121
000738291

000741543
122
000741711

000743503


123
000743671

000744796
124
000744964

000746798
125
000746966

000748467
126
000748634

000751344


127
000754098

000756224
128
000756392

000800562
129
000800730

000803732
45
130
000807737

000809696
131
000809864

000813074
132
000814160

000817037


133
000817205

000819831
134
000819999

000823293
135
000823461

000825378
136
000825755

000827506
137
000828257

000830926
138
000832303

000834804
139
000834972

000837182
140
000837350

000840352
141
000840686

000844272
142
000844440

000846691
143
000846859

000848944
144
000849111

000852072
50s
145
000853366

000855534
146
000855701

000857869
147
000858037

000900121
5
148
000900289

000903124
149
000903292

000906670
150
000908047

000911299
151
000911467

000915178
152
000916180

000919683
153
000920142

000924854
154
000927191

000928775
155
000928943

000930735
156
000930903

000935323


157
000941789

000944374
158
000950631

000954301


159
000954468

000957762
160
000957930

000959889
161
001000057

001002726
162
001003311

001006021
163
001006230

001009524
164
001009692

001011860
165
001012028

001014404
166
001014572

001016990
167
001022955

001025248
168
001025416

001027709
169
001031088

001033006


170
001033174

001037010
171
001037178

001039554
172
001039722

001042057
173
001042725

001044351
174
001044518

001047562
175
001047730

001050231
176
001053694

001055737
177
001055988

001059699
178
001059867

001102410
179
001102578

001105580
180
001105748

001108333
181
001108501

001111169
182
001112004

001114339
183
001114507

001116966
184
001118511

001120512
185
001123224

001125266
186
001128312

001130814
187
001132692

001134609
188
001134777

001136486
189
001138322

001139823
190
001139990

001143243
191
001145204

001147330
192
001147498

001150625
193
001154463

001158842
194
001200803

001202721
195
001202888

001204681
196
001204849

001207767
197
001209895

001211896
198
001212064

001214441
199
001214608

001216526
200
001217653

001220780
201
001220948

001223908
202
001224076

001226578
203
001235588

001237547
204
001240551

001242177
205
001242344

001243636
206
001243804

001246639
207
001246807

001249726
208
001249894

001253354
209
001253522

001255190
210
001255357

001300445
211
001302114

001303323
212
001303491

001304991
213
001306702

001310747
214
001311123

001312707
215
001312875

001314417
216
001315294

001316544
217
001316712

001319339
218
001319507

001322008
219
001322843

001324260
220
001324428

001326721

221
001329183

001331059
222
001331227

001333061
223
001333229

001336314
224
001336565

001338191


225
001339151

001341903
226
001342071

001344072


227
001345491

001347617
228
001347785

001349202


229
001349370

001352831


230
001353999

001358086
231
001358254

001359587


232
001359755

001401214


233
001401423

001403341


11
234
001404718

001406678
235
001406846

001408471

236
001408764

001411599
237
001411767

001413059


19
238
001413227

001414811
239
001415020

001417188
240
001417356

001419190


241
001419400

001421234


242
001421402

001422819
243
001423779

001426030
244
001427992

001429033
245
001429785

001430827
246
001430995

001432620
247
001432788

001434914
248
001435082

001438668
249
001439044

001440879
250
001441714

001442797
251
001444800

001446926


252
001449179

001450263
253
001451682

001455435
254
001455644

001458980
255
001459148

001501691
256
001501901

001504444
257
001504612

001506946
258
001507114

001508781
259
001508949

001511034
260
001511201

001514454
261
001514914

001516205
262
001519126

001522211
263
001522379

001525548
264
001526050

001528885
265
001529053

001530970
266
001531138

001533389
267
001533557

001535850
268
001537144

001539020
269
001541273

001545234
270
001545444

001546486
271
001546654

001550740
272
001551617

001554285
273
001556205

001559248
274
001559416

001602585
275
001602795

001606589
276
001606757

001608549
277
001609927

001612971
278
001613430

001617016
279
001623315

001625775
280
001628696

001631072
281
001632533

001634325
282
001634493

001637453
283
001637913

001642500
284
001645129

001647839
285
001648007

001650383
286
001650551

001653136


287
001653303

001656556
288
001657057

001659434
289
001659601

001702729
290
001703814

001705523
291
001705691

001708860
292
001709028

001710486
293
001710654

001714198
294
001714366

001716951


295
001717119

001719370
296
001719538

001721664
297
001721874

001724083
298
001724251

001728296
299
001730382

001733009
300
001734136

001736220
301
001736388

001740349
302
001743562

001747106
303
001747441

001749484
304
001752071

001753946
305
001755240

001757992
306
001759453

001802038
307
001802206

001804707
308
001818847

001820556
309
001821350

001824685


310
001826730

001830441


311
001837950

001840409


312
001840577

001843287
313
001844414

001846833


314
001847000

001850044
315
001850212

001853923
316
001854091

001857552
317
001857719

001859011
318
001901890

001903933
319
001904101

001907937
320
001908355

001909772
321
001912025

001913985
322
001914153

001915903
323
001916071

001921993
324
001922995

001924662
325
001924830

001926497
326
001926665

001927707
327
001928458

001930751
328
001930919

001932170
329
001932337

001934797
330
001940721

001942972
331
001943182

001945808
332
001945976

001949520
333
001950814

001954317
334
001954484

001957820
335
001957988

002000907
336
002001575

002003284
337
002003452

002005953
338
002006121

002009123
339
002009499

002011375
340
002012920

002016881
341
002017049

002019300

342
002025807

002027475
343
002030312

002032355
344
002032522

002033814
345
002034858

002036442
346
002036610

002038903
347
002040864

002041948
348
002043784

002046452
349
002046620

002049497


350
002051833

002053125
351
002057965

002059632
352
002059800

002104011
353
002104179

002107056
354
002107474

002109600
355
002109810

002111727


356
002111895

002113938
357
002115774

002118609
358
002118819

002120361
359
002120529

002122363
360
002122531

002124615
361
002131665

002134250
362
002134418

002137586


363
002138130

002140131
364
002141758

002143843


365
002144761

002147596


366
002147764

002149348
367
002149516

002151475


368
002153895

002154937
369
002155439

002158190


370
002158358

002159775
371
002201236

002202653
372
002203613

002204697
373
002204865

002207116


374
002211872

002213539


375
002213707

002215416
376
002215584

002218336


377
002220881

002223049
378
002223216

002226052
379
002226219

002228137


380
002228305

002230723
381
002230932

002232266
382
002232434

002235061
383
002235270

002238397
384
002238565

002240524

385
002245739

002246822