1
000003629

000006048


2
000006215

000011554
3
000011721

000016017
4
000016183

000017309
5
000017476

000022606
6
000022773

000026569
7
000026736

000028404
8
000028571

000031991
9
000032158

000035161
10
000038080

000039206


11
000039373

000041542
12
000041709

000044670
13
000044837

000046630
14
000049967

000051010
15
000051177

000055139
16
000056891

000100227


17
000100686

000103439


18
000103606

000105024
19
000105191

000108778
20
000108944

000114408
21
000116368

000118370
22
000118537

000122458


23
000122625

000124210
24
000124376

000127713
25
000127880

000130216
26
000215094

000217972


27
000218139

000221892


28
000222434

000224645
29
000224812

000227731


30
000227898

000231068
31
000231235

000233154
32
000233320

000235990
33
000236157

000239451
34
000239618

000243664


35
000244999

000247751


36
000247918

000251463
10th
37
000251630

000253048
38
000253215

000257928


39
000258095

000301182
10th
40
000301348

000304101
41
000304268

000306061
42
000306228

000309899


43
000310065

000314195
44
000314361

000319825
45
000319992

000322578
46
000328792

000330127
47
000330294

000333088


48
000337343

000340137
49
000340304

000341972


50
000342139

000346018


51
000346185

000349188
52
000350105

000353817


53
000353984

000358948


54
000359114

000402076
55
000402243

000403911
56
000404078

000406580
57
000408666

000413420


58
000414630

000416924


59
000417091

000420552
60
000420719

000423264
61
000424098

000426183
62
000426350

000430229
63
000430396

000433816
64
000433983

000437194
65
000437361

000442199
66
000442366

000444535
67
000444702

000447329
68
000453377

000456171
69
000456338

000458716


70
000458882

000501468


71
000501635

000504054
72
000504221

000508517
73
000508684

000512646
74
000515524

000518527
75
000519695

000522865


76
000523490

000526452


77
000526618

000529204
78
000530622

000533208
79
000533375

000535753
80
000535919

000540674
81
000541759

000544303
82
000544470

000548599


83
000548766

000553645
84
000554813

000559109
85
000559276

000602154


86
000608285

000612831
87
000616668

000618962
88
000625844

000626887
89
000627054

000629473
90
000629640

000632309
91
000632476

000635979
92
000636313

000637856
93
000640192

000642903


94
000643070

000646240
95
000646407

000647658
96
000647825

000651036


97
000652246

000657584
98
000657751

000701380


99
000701547

000705300
100
000706009

000708679


101
000708846

000713225
102
000713392

000717688
103
000718897

000721400
104
000721567

000724153
105
000725404

000728449


106
000729408

000731368
107
000731535

000733620
108
000733787

000737332
109
000737499

000742546


110
000742921

000745382
111
000745549

000747593
112
000747759

000750429
113
000751638

000754057


114
000754224

000755809


115
000755976

000758645
116
000759563

000802608


117
000803358

000806403


118
000807905

000809156
119
000809323

000810991
120
000813744

000815537
121
000815704

000819249
122
000819416

000822127
123
000822294

000824588
124
000825088

000827841
125
000828008

000830302
126
000835224

000838227
127
000838393

000840479
128
000840646

000842731
129
000842898

000846276
130
000846443

000849404
131
000849571

000852282
132
000853283

000854493
SP0on
133
000859706

000902292


134
000902459

000906296
135
000907381

000911426
136
000914054

000919518
137
000919685

000922354
138
000922521

000926316
139
000928902

000931071


140
000931238

000934825
141
000934992

000939913
142
000940080

000942874


143
000943041

000947004


144
000949881

000952384
145
000952551

000956179
146
000956888

000958807
147
001006565

001009026
148
001009192

001012029
149
001012195

001016575
150
001018201

001024124
151
001024291

001025709
152
001026668

001031340
153
001031506

001035927
154
001036094

001042351
155
001042517

001045312
156
001045479

001048732


157
001051985

001056114
158
001056281

001059201
159
001101745

001103914
160
001104081

001107668
161
001109086

001110962
162
001114132

001118011
S&M
163
001118178

001120722
164
001120889

001123308
165
001126728

001129106
166
001133276

001139241
167
001140242

001142285
168
001142452

001145455
169
001146206

001147666


170
001147833

001149000
171
001149167

001152212
172
001152379

001155632


173
001155799

001157801
174
001157968

001200095
175
001203765

001206893
176
001207060

001210564
177
001210731

001214234
178
001214401

001218155
179
001218321

001222659
180
001222826

001226538


181
001226747

001229374


182
001229541

001234963
183
001235130

001239259


184
001240343

001242262


185
001242429

001246266


186
001252439

001255066
187
001300030

001301072
H93
188
001301281

001304409
189
001304618

001309790
190
001310415

001313668


191
001315420

001319049


192
001319216

001324012
193
001325055

001329059
194
001329226

001331561
195
001333146

001337484
196
001338151

001339986
197
001340153

001343198
198
001343365

001345450


199
001345617

001347953
200
001349788

001353208
201
001353375

001355460
202
001355627

001359548
203
001359714

001401591
204
001405846

001407806
205
001410267

001413436
206
001413603

001415230
207
001415397

001418066
208
001418233

001421987


209
001422153

001424906


210
001425073

001428869
211
001431580

001433915
212
001434082

001435792
213
001435959

001439546
214
001439713

001443008
215
001446511

001448722
216
001448889

001451349
217
001451516

001455729
218
001456688

001459524


219
001501943

001505113
220
001505280

001507240
221
001507407

001511995
222
001513455

001515582
223
001515749

001518919


224
001520503

001523256


225
001523423

001526635


226
001528178

001531139
227
001531306

001534225
228
001534392

001536102
229
001537520

001541650
230
001541816

001543777
231
001543944

001546988


232
001547155

001550241
233
001550408

001554329


234
001554496

001558416
235
001558583

001601628
236
001601795

001604381
237
001604547

001607217
238
001616059

001618853
239
001619020

001621731
KL5
GR6
240
001621940

001626319


241
001626820

001629572
242
001634452

001636121
243
001639791

001640917
244
001641126

001644337
245
001648800

001651886


30
246
001652053

001654514
247
001659477

001702647


248
001702856

001704858
249
001705025

001708903
250
001709070

001713324
251
001713491

001716536


252
001717579

001720707


253
001720874

001724711
254
001724878

001727964
255
001730133

001731843
256
001733094

001734888
257
001736473

001737807
258
001739851

001741561
259
001743229

001747567
260
001747734

001751529
261
001751696

001755241
262
001756409

001758161
263
001759079

001800997
264
001807587

001809130
_H6Y
_H6Y
265
001809297

001811424


266
001811591

001816346
267
001817055

001819724
268
001819891

001824521
269
001825271

001828399
270
001828566

001831027
271
001831194

001833905
272
001834823

001836074
273
001836241

001841162
274
001842247

001845416
275
001846334

001849921
276
001850088

001851422
277
001852882

001856636
278
001856803

001859556


279
001901057

001904435
280
001904602

001908606
281
001908773

001911109
282
001912443

001916406
283
001916573

001921161
24
284
001921995

001925582
285
001929127

001931504


286
001931671

001935466
287
001935633

001938761
288
001940513

001941973
289
001943433

001945727
290
001947854

001952734
291
001955737

001957363
292
001957530

002001034
293
002004412

002006873
294
002007165

002011211
295
002011377

002013713
296
002013880

002015006


297
002015173

002018635


298
002019385

002025266
299
002025433

002028895
300
002032023

002036069
301
002036236

002038738
302
002041074

002045328


303
002045495

002047664
304
002051084

002054170
305
002054337

002057298


306
002057465

002059133
307
002059300

002100510
308
002106975

002108059


309
002108226

002109352


310
002114524

002117652
311
002117860

002122323
7th
312
002123741

002126828


313
002126995

002128663
314
002128830

002130832


315
002130999

002133376
316
002133584

002139299
317
002145305

002148182