1
000007215

000009717
10th
2
000009968

000012970
10th
3
000013138

000015514
4
000015682

000017766
5
000017934

000021311
6
000022731

000024982
7
000025191

000027276
8
000027444

000030571
9
000032741

000034783
10
000036870

000038996
11
000040665

000044460
12
000045628

000047212
13
000140683

000141934


14
000142102

000144978
15
000145146

000148232
16
000149734

000152111
17
000152278

000153612
18
000153780

000156406
19
000156574

000159409
20
000159619

000202371
21
000203957

000205457
22
000206584

000209002
23
000209170

000212422
24
000212590

000216635
25
000216803

000218595
26
000219848

000222558
27
000224018

000225102
28
000225270

000229356
29
000230441

000234444
30
000238074

000239867
31
000240034

000241702
32
000241870

000245038
33
000245206

000247040
34
000247208

000249793


35
000249961

000252087


36
000252255

000255174
37
000255758

000258844
38
000303850

000305684


39
000306102

000307811
40
000308396

000310564


41
000310732

000312191
42
000313610

000316570
43
000318323

000319531


44
000319699

000321658
45
000321826

000323744
46
000323912

000325412


47
000325580

000327873
48
000328041

000330667
49
000330835

000333212
50
000333588

000336048
51
000339844

000340969
52
000342263

000343263
53
000343431

000345724
54
000345892

000348101
55
000348269

000350312


56
000351564

000354274


57
000355693

000358445


58
000358613

000402032
59
000402200

000404451
60
000405453

000407204
61
000408039

000409539
62
000409707

000410749
63
000410917

000414878
64
000416965

000419174
65
000419342

000422594
66
000422762

000424638
67
000431354

000433063


68
000434107

000437359
69
000437527

000440153


70
000440321

000444324
71
000444575

000447828
72
000447996

000449496
73
000450623

000452249
74
000452417

000455669
75
000455837

000459006
76
000459173

000501800
77
000504345

000507556
78
000508975

000510600
79
000510768

000515063
80
000515231

000517649
81
000517817

000521236
82
000521404

000523947
83
000524991

000526074
84
000526242

000528785
85
000530038

000533206
86
000533374

000535334
87
000535501

000537586
88
000537754

000540297


89
000540465

000542549


90
000543009

000546595
91
000547722

000549056
92
000549223

000551558
93
000554228

000557564


94
000559984

000602736
95
000604697

000605906
96
000607617

000610160
97
000610328

000612371
98
000613790

000619461
99
000619754

000621963
100
000622131

000625133
101
000625301

000630680
102
000632475

000634810
103
000634977

000639272
104
000640775

000643777
105
000643945

000647823
106
000648074

000651034
107
000651202

000652786
108
000652954

000654538
109
000656249

000658458
110
000658626

000702087
111
000702255

000703880
112
000706592

000708135
113
000712223

000714474
114
000714642

000716143


115
000718813

000721148
116
000721607

000725777
117
000728197

000730240
118
000731617

000733076
119
000735288

000737539
120
000737707

000740876
121
000741502

000743128
122
000743296

000745755
123
000745923

000747841
124
000748009

000750051
125
000750219

000751720
126
000752638

000754055
127
000754223

000758059
128
000758269

000802272
129
000803524

000804900
130
000805401

000808570
131
000812241

000815702
132
000815870

000818413
133
000821250

000823585


134
000823753

000824961
135
000826464

000830884
136
000831052

000834513
137
000834680

000837974
138
000841020

000843897
139
000844065

000846942
140
000847109

000848735


141
000848903

000851738
142
000851906

000854533
143
000854700

000857619
144
000858746

000900372
145
000901874

000903208
146
000905002

000907379
147
000907547

000909673


148
000910174

000911841
149
000912009

000913927
150
000914136

000918974
151
000919141

000921476


152
000922436

000925063
153
000925231

000928775
154
000929652

000932487


155
000945293

000946668
156
000949338

000951047
157
001005271

001007981
158
001008149

001011943
159
001012111

001014070


160
001014238

001019117
161
001021871

001024706
162
001025791

001028043
163
001028210

001030170
164
001030338

001033381
165
001033549

001035508


166
001038471

001039471
167
001039639

001042057
168
001042433

001047395
169
001047563

001049230
170
001049523

001051399
171
001051609

001053985


172
001054195

001057238
173
001057448

001059991


174
001102161

001104746


175
001104914

001108208


176
001108376

001111711
177
001111879

001113463
178
001113631

001118259
179
001118427

001119969


180
001120137

001122555
181
001122723

001126893
182
001127061

001130897
183
001133776

001135777
184
001135986

001140031
185
001140199

001142826
186
001142993

001146454
187
001146622

001149332
188
001154630

001156673
189
001156841

001159008
190
001201011

001202512
191
001202680

001205181
192
001205349

001207434
911
193
001207601

001209519
194
001211564

001213815


195
001215151

001217902
196
001218070

001219821
197
001219989

001223074
198
001223242

001227287
199
001229039

001231458
200
001233043

001235211


201
001235379

001238882
202
001239049

001241760
203
001242303

001246097
204
001246265

001250560
205
001253147

001257108
206
001258027

001301196
207
001301363

001305366
208
001305534

001309245
209
001313584

001316377
210
001317922

001319964
211
001320132

001323843
212
001324011

001326262
213
001326430

001330642
214
001333020

001335730
215
001335981

001339317
216
001339485

001343488


217
001343656

001347075
218
001347952

001350203
219
001350371

001351538
220
001351705

001353623
221
001353791

001356042
222
001356210

001359254
223
001400339

001403675
224
001403843

001409138


225
001411809

001415353
226
001415521

001418523
227
001418691

001422360
228
001428951

001431077
229
001436584

001439085
230
001440087

001441546
231
001441714

001444674


232
001444842

001446259


233
001446427

001448261
234
001449847

001452473
235
001452641

001453683


236
001453851

001456144
237
001456312

001500189


238
001500357

001502901
239
001503068

001504527
240
001504695

001508948
241
001509575

001512243
242
001512411

001514746
243
001514914

001516706


244
001516874

001520418
245
001520878

001523254


246
001528802

001530261
247
001530429

001532597
248
001532765

001536267
249
001536435

001538061
250
001538479

001541022
251
001541190

001545026
252
001546654

001548071
253
001549740

001552742
254
001553535

001555787
255
001600876

001604504
256
001606382

001607465
257
001607633

001611678
258
001613222

001615431
259
001616141

001617934


260
001618102

001620436
261
001620604

001622230
262
001622398

001624524
263
001624692

001626025
264
001627319

001630488
265
001630656

001632407
266
001636537

001638371
267
001638539

001641082
$1600
268
001641250

001643167
269
001644253

001645586
270
001649967

001652802
271
001652970

001656305
272
001658225

001700810
273
001714533

001717452
274
001717619

001719120
275
001721248

001724959


276
001725335

001727211
277
001727379

001730506
278
001730674

001732091
279
001732259

001737180


280
001737347

001740141
281
001740309

001742685
282
001744063

001749484
283
001751570

001753863
284
001754782

001756074
285
001757576

001801788
286
001801955

001806375
287
001806835

001809420
288
001811173

001814926
289
001815094

001817637
290
001817805

001820056
291
001820224

001822225
292
001822392

001823935
293
001824353

001827021


294
001827189

001828439
295
001828607

001832026
296
001832194

001834779
297
001834947

001836823
298
001836990

001838699
299
001839701

001840701
300
001840869

001843830
301
001843997

001845790
302
001845999

001848167
303
001850587

001852588
304
001853340

001854382
305
001854550

001856050
306
001856218

001900680
307
001901640

001903891


308
001905060

001907395


309
001907563

001909981
310
001912109

001914110


311
001914278

001915778
312
001916822

001918197


313
001918365

001920283
314
001924454

001928583


315
001928750

001932503
316
001932671

001935590


317
001936550

001937884
318
002017633

002019342
319
002020552

002022720


320
002022888

002026307
321
002029853

002031395
322
002031563

002033481
323
002033649

002035107


324
002035275

002038027
325
002038195

002040279


326
002040447

002043783
327
002043951

002046285


328
002046453

002048746
329
002048914

002051624
330
002051792

002053918


331
002054086

002056045


332
002056213

002058047
333
002059800

002101592
334
002103178

002104887
335
002105681

002108724
336
002108892

002110393
337
002112437

002115356
338
002117192

002119068
339
002120821

002123281
340
002128287

002130871

