1
000002210

000006130
2
000006297

000009008
3
000009926

000012511
4
000012679

000014263
5
000014431

000015597
6
000015890

000017558
7
000017726

000019226
8
000022897

000024398
9
000026401

000028402
10
000029404

000031530
11
000031823

000033866
12
000034034

000036243
13
000036911

000038871
14
000039039

000041373
15
000041541

000044126
16
000044294

000047129
17
000047297

000054845
18
000056264

000058891
19
000100560

000104271
20
000104439

000106065
21
000106232

000111111
22
000111279

000113947
23
000114115

000116325
24
000117202

000118577
25
000120163

000123248
26
000123416

000126293
27
000132383

000134259
28
000134427

000136678
29
000136846

000139264
30
000139891

000141225
31
000143228

000145437
32
000145605

000150275
33
000152529

000154530
34
000159119

000202496
35
000206918

000208627
36
000208795

000210003
37
000212841

000215217
38
000215760

000218887
39
000221182

000223976
40
000315195

000317821
41
000318031

000321074
42
000321242

000322701
43
000322869

000325037
44
000325205

000326705
45
000329209

000331835
46
000332003

000335088
47
000335256

000337966
48
000338134

000339134
49
000339302

000342095
50
000343848

000346892
51
000349604

000351521
52
000353483

000355567
53
000355735

000358570
54
000358738

000400239
55
000412543

000414461
56
000414671

000419258
57
000421010

000422135
58
000422345

000426181
59
000426349

000428934
60
000429102

000432229
61
000432855

000434856
62
000435692

000436942
63
000438569

000441488
64
000441656

000443699
65
000445660

000446952
66
000451624

000454251


67
000455461

000458130
68
000458298

000502050
69
000502218

000505804
70
000506764

000508223
71
000508391

000512311


72
000514314

000517274
73
000517442

000520819


74
000520987

000522321
75
000522488

000523989
76
000525616

000526658
77
000526868

000530912
78
000531080

000533582
79
000534083

000536752
80
000536919

000538378
81
000539922

000542341
82
000543259

000545469


83
000547805

000550891


84
000551059

000553560
85
000553728

000555437
86
000555938

000557314
87
000558024

000602361


88
000603529

000604946
89
000605114

000608241
90
000608409

000611661
91
000612080

000614164
92
000614332

000615457
93
000616000

000617209
94
000617502

000619628
95
000620671

000622631
96
000622840

000625717
97
000626636

000630472
98
000630640

000632391
99
000632558

000635769
100
000635937

000637604
101
000637772

000639231
102
000641567

000643402
103
000643569

000645529


104
000645696

000648824
105
000649367

000653245
106
000655123

000656623
107
000656791

000659042
108
000659210

000702003
109
000702839

000704589


110
000707301

000708969
111
000709137

000710429


112
000710596

000712305
113
000712473

000716810
114
000716978

000720063
115
000720231

000721815
116
000722024

000724651
117
000724819

000727529
118
000727697

000729656
119
000731284

000733660
120
000733828

000735954
121
000736539

000737873


122
000738040

000740375
123
000740543

000744337
124
000744505

000746214
125
000746382

000750177
126
000751304

000754473
127
000754640

000757309
128
000757477

000800061
129
000800229

000802355
130
000804192

000805984
131
000807320

000809112
132
000809280

000812115


133
000812283

000814451
134
000814619

000817579
135
000817747

000820040


136
000825463

000828507
137
000829050

000830217
138
000833262

000836056
139
000839894

000841269
140
000841437

000844606
141
000847443

000850695


142
000851781

000853865
143
000854033

000855408
144
000855743

000857494
145
000857662

000900163
146
000901290

000903291
147
000903459

000905710
148
000905878

000907587
149
000908881

000910840
150
000911008

000912717
151
000914095

000916763


152
000916931

000918807


153
000923062

000924271
154
000924438

000925939
155
000926107

000927399


156
000927567

000928900
157
000929068

000930610
158
000930778

000932320
159
000933072

000935490
160
000935658

000937450
161
000937618

000939494
162
000939662

000941162
163
000942665

000944457
164
000944625

000946459
165
000946627

000948962
166
000949505

000951423
167
000951632

000954634
168
001009275

001011234


169
001011402

001012902
170
001016115

001019659
171
001020828

001022495
172
001023581

001026374
173
001028753

001030712
174
001031839

001035133
175
001036218

001039262
176
001040723

001043808


177
001043976

001047520
178
001048356

001052025
179
001056656

001058073
180
001058240

001100742
181
001101452

001103953
182
001104121

001105455
183
001105665

001107374
184
001107541

001108875
185
001110461

001112253
186
001112421

001114881
187
001116759

001120470
188
001120638

001123723
189
001125518

001127435
190
001129105

001132649


191
001135486

001137862


192
001138030

001140699
193
001140866

001143576


30
194
001143744

001145412
45
195
001147957

001150583
45
196
001154046

001156589
197
001156757

001159259
198
001159427

001202137
199
001202304

001203972
200
001207351

001209185


201
001209353

001210854
202
001211439

001214107
203
001214817

001217861
204
001218028

001220196
205
001222783

001224409
206
001226871

001229330
207
001229540

001231958
208
001233419

001237630
209
001250227

001252312
210
001252480

001255190
211
001255357

001258276
212
001258736

001301112
213
001301280

001304783
214
001304950

001306409
215
001311665

001313500
216
001315628

001318379


217
001319465

001322258


218
001322426

001324511
219
001324678

001329015
220
001329266

001334354
221
001335940

001339609
222
001340277

001344364
223
001345699

001346991
224
001347159

001349285
225
001351539

001355124
226
001355584

001358545


227
001358838

001400547
228
001400714

001402966
229
001403133

001406052
230
001406220

001408221
231
001408764

001411808
232
001412017

001415687
233
001415855

001418815
234
001419149

001422443
235
001423988

001425572
236
001426156

001428074
237
001428617

001430159
238
001430953

001432662
239
001432830

001435540
240
001452308

001456227
241
001456729

001459856
242
001503694

001507280
243
001508532

001510909
244
001511076

001512410
245
001519877

001521336
246
001521503

001523671
247
001524965

001529177
248
001529345

001532805
249
001532973

001536684
250
001536852

001537852
251
001538145

001540355
252
001540522

001542273
253
001544318

001545401
254
001547446

001549822


255
001549990

001552867
256
001553953

001557956
257
001558123

001601000
258
001601168

001605880
259
001607925

001610885
260
001611887

001613638
261
001613931

001615640
262
001627528

001629362
263
001633492

001635284
264
001637329

001638371
265
001641083

001642709


266
001642876

001645169
267
001646588

001648047
268
001648215

001651134
269
001651635

001654095


270
001654596

001657306
271
001657474

001700560
272
001711030

001712488
273
001712656

001714824
274
001714992

001716409
275
001717286

001719996
276
001720164

001723666
277
001723917

001726586
278
001726754

001730757
279
001730924

001732091
280
001733552

001735636
281
001735888

001739432
282
001739600

001740933
283
001743687

001746105
284
001746273

001748858
285
001749026

001753029
286
001757576

001800036


287
001801080

001802121
288
001804666

001807585


289
001807753

001810797


290
001814009

001815384
291
001828273

001830650
292
001832236

001834403


293
001842579

001843955
294
001844123

001846040


295
001846208

001847792
296
001847960

001851379
297
001851547

001854423


298
001854967

001856384
299
001858846

001900555
300
001901682

001903307
301
001903475

001907395
1066
302
001907563

001909063
303
001909231

001911274
304
001913652

001915319
305
001916655

001919574
306
001919741

001922201
307
001922369

001924412
308
001924580

001925872
309
001926039

001928207
310
001928375

001930209
311
001931211

001932587
312
001932754

001937884
1066
313
001938051

001939927
314
001944057

001945850
315
001946643

001948144
316
001948312

001949645
317
001950564

001952940


318
001953108

001955776
319
001955944

001958487
320
001958655

002000448
321
002000616

002003409
322
002005787

002007622
323
002007789

002009165
324
002009499

002012084
325
002012252

002014253
326
002014421

002015504


327
002015672

002017381


328
002017549

002020134


329
002020302

002022386
330
002022554

002023971
331
002024640

002027600


332
002029311

002030770
333
002030938

002033898
334
002035192

002039445
335
002039863

002042615
336
002042783

002044158
337
002044326

002047912
338
002048080

002050706


339
002051333

002052625
340
002053502

002055044
341
002055337

002058881
342
002059049

002100424
343
002101385

002102635
344
002103387

002105513


345
002107474

002109600
346
002109768

002111769
347
002111937

002114230


348
002114398

002116482


349
002121154

002123155
350
002128036

002129161
351
002130956

002132915
352
002133083

002134709
353
002137879

002140506
354
002140674

002143384
355
002147264

002148639
356
002148807

002150016
357
002150684

002152351
358
002153812

002154979
359
002155147

002157315
360
002157482

002158566
361
002158734

002201861
362
002203530

002204530