1
000004462

000006964


2
000007132

000010342
3
000016057

000017766
4
000019436

000021395


5
000021563

000026233
6
000026401

000027735
7
000027902

000031155
8
000032574

000034408


9
000034576

000037786


10
000039581

000041707
11
000041875

000044126
12
000045545

000048130
13
000048298

000050591
14
000050759

000052926
15
000055263

000058474
16
000058641

000100893


17
000101061

000103979
18
000104147

000106565
19
000108610

000111862
20
000112030

000115741
21
000157867

000159701


22
000159869

000203038
23
000203206

000206291
24
000206501

000209586


25
000209838

000213507


26
000213675

000215843
27
000216010

000219638
28
000219806

000222015
29
000222183

000225435


30
000225645

000228397
31
000228940

000231191
32
000231359

000233277
33
000234988

000236113
34
000236281

000239116
35
000239325

000243620
36
000243788

000247541
37
000247709

000250210
38
000250378

000254047
39
000254215

000257426
40
000258011

000300220
41
000300388

000302639
42
000302807

000306226
43
000306811

000308645
44
000310648

000313901
45
000314068

000316612
46
000317697

000321783
47
000321951

000324786
48
000324954

000330500
49
000331377

000332836
50
000334505

000338008
51
000342597

000343639


52
000343806

000346141


53
000346309

000347392
54
000347560

000350270
55
000352065

000353148
56
000353316

000355567
57
000355735

000357861
58
000358029

000359071


59
000359239

000401406
60
000401574

000405327
61
000405495

000408038
62
000408206

000411541
63
000412418

000415420
64
000415588

000418882
65
000419050

000422552
66
000422720

000424554
67
000424722

000427891
$200
68
000428059

000430269
69
000432146

000433730
70
000435316

000438610
71
000438778

000441655
72
000441864

000443991
73
000445785

000448745
74
000450290

000451581
75
000451749

000455419
76
000455586

000457963
77
000458131

000501675
78
000503594

000505429
79
000505596

000507639
80
000507807

000511518
30
81
000512937

000514062
82
000514230

000516690
83
000522280

000523905
84
000524073

000526199
85
000526367

000529786
86
000530872

000534291
87
000537211

000538712


88
000538880

000540505
89
000540673

000543508
90
000543676

000547304
91
000547472

000551141
19
92
000551309

000553810
19
93
000554020

000555520
94
000555688

000557814
95
000600109

000604071


96
000604989

000607199
97
000607367

000610744
98
000611412

000613747


99
000615249

000618835
100
000619003

000622089
101
000622256

000623882
102
000624050

000628428
103
000631265

000635018


104
000635228

000637521
105
000637688

000640399
106
000641234

000643693
107
000645571

000647114


108
000647281

000650283


109
000650451

000652661
110
000652829

000655205
111
000655748

000658041
112
000658209

000659918
113
000700086

000703505
114
000703673

000705882


115
000706050

000708093
116
000708261

000710178
117
000710346

000713890
118
000715685

000717060
119
000718229

000720689
120
000720857

000723066


121
000725528

000727988
122
000729198

000730240
123
000731951

000734202
124
000734370

000737205
125
000737373

000739958
126
000740626

000742961
127
000743129

000746047
128
000746549

000749593
129
000749760

000753638
130
000753848

000757017
131
000757185

000800103
132
000800938

000801980
133
000802148

000803273


134
000805109

000806610
135
000811115

000813658


136
000815369

000818413
137
000818581

000820957
138
000822752

000827380
139
000830259

000832594
140
000832762

000837057
141
000838476

000841019
142
000841938

000845732
143
000845900

000849152


144
000855701

000858495
145
000859372

000901498
146
000901666

000903625
147
000903793

000906586
148
000906754

000907963
149
000908130

000911758
150
000911926

000912968
151
000913135

000915971
152
000918975

000920684
153
000924480

000925939


154
000926107

000929442
155
000929610

000932988
156
000933155

000935115
157
000935825

000936908
158
000938661

000940704
159
000940871

000944165
160
000944333

000946251


161
000948546

000949629
162
000950548

000953091


163
000953259

000954801
164
000954969

000956803
165
000956971

000959347


166
000959515

001002475
167
001002643

001004561
168
001009358

001012485


169
001012653

001016197
170
001016365

001017907
171
001018075

001021244
172
001024165

001026333
173
001026917

001029502


174
001029962

001033173
175
001033341

001036259
176
001036427

001039971
177
001040139

001043975
178
001044143

001047729
179
001047897

001050065
180
001050232

001052609
181
001052818

001054986
182
001055237

001057405
183
001057573

001059282
184
001059450

001102827
185
001102995

001106956
186
001107124

001110835
187
001112421

001115173
188
001115341

001117133
189
001117301

001120595
190
001120763

001122722
191
001122890

001124557
192
001125434

001128520
193
001128688

001132023
194
001132775

001136861
195
001137029

001138154
196
001138322

001140281
197
001140449

001142784
198
001143452

001145829
199
001145996

001147455
200
001148791

001150250
201
001158718

001200760


202
001200928

001203304
203
001203472

001204556
204
001204724

001206433
205
001206600

001209686
206
001209854

001214315
207
001215025

001218653
208
001218821

001221489
209
001221657

001223032
210
001223200

001226119
211
001226287

001228913
212
001231167

001234669
213
001234837

001237130
214
001237298

001239966
215
001241510

001244637


216
001244805

001249726
217
001249894

001253271
218
001255691

001300361


219
001302823

001304741
220
001306243

001308995
221
001309914

001313249
222
001313417

001316920
223
001317087

001319464
224
001320633

001324385
225
001324553

001326846
226
001327389

001330642
227
001330810

001332310
228
001333938

001336815
229
001336982

001339400
230
001340319

001342821


231
001342988

001344906


232
001349537

001353873
233
001355125

001356543
234
001356710

001359045
235
001359255

001400380
236
001400548

001404217
237
001413269

001416729
238
001418190

001421359


239
001423028

001426489
240
001427449

001429242
241
001430411

001431786
242
001434206

001436916


243
001437084

001440378
244
001440546

001444007
245
001444592

001445884
246
001446051

001449178
247
001449972

001453558
248
001454351

001459314
249
001459481

001501441
250
001502776

001507322
251
001507489

001510408
252
001510910

001512493
253
001513370

001514871


254
001515039

001517081
255
001517249

001520501
256
001520669

001524339
257
001524506

001527759


258
001527927

001529552
259
001529720

001533097
260
001533265

001536601
261
001539688

001541689
262
001541857

001545276
263
001546278

001547862
264
001548030

001550698
265
001550866

001554285
266
001554453

001557956
267
001558123

001600166
268
001606465

001609300
269
001611178

001615223
270
001615391

001620311
271
001623857

001625358
272
001625526

001628319
273
001630280

001633574
274
001633742

001638162
275
001638330

001640081
276
001640249

001643459
277
001643627

001645211
278
001646755

001648798
279
001648966

001652510
280
001652720

001656889
281
001657850

001700727


282
001700894

001703396
283
001704273

001705940
284
001706108

001710028
285
001712573

001715491
286
001715659

001717660
287
001722624

001725043


288
001725210

001726627
289
001726795

001729380
290
001730799

001733593


291
001736221

001738181
292
001740976

001742977
293
001743145

001746731
294
001746899

001749692
295
001749860

001751235
296
001751403

001754822
297
001755074

001756407
298
001756575

001758993
299
001759161

001801287
300
001802331

001805083
301
001805250

001806417
302
001808295

001810254


303
001810422

001812173
304
001815094

001818346
305
001818514

001821182
306
001821350

001824352
307
001824520

001829982
308
001830567

001833152
309
001833320

001838241
310
001839618

001841285
311
001842037

001843663
312
001843831

001846541
313
001846708

001850253
314
001853841

001855466
315
001855634

001857552
316
001857719

001900179
317
001900347

001901931


318
001903809

001906060
319
001906228

001909063
320
001909898

001913067
321
001913235

001915736


322
001915904

001916946
323
001917114

001920241
324
001920993

001922076
325
001922244

001925955
326
001929126

001932086
327
001932254

001935173
328
001935340

001937800
329
001938010

001941179
330
001941346

001943306
331
001943473

001945850
332
001946018

001947518
333
001947686

001950354
334
001950522

001951856
335
001952024

001955401
336
001955569

001957612
337
001957779

002000990
338
002003035

002005536
339
002005704

002009207
340
002009374

002010666
341
002010876

002014420


342
002017466

002019884
343
002020052

002023012
344
002023180

002024388
345
002024598

002027141
346
002027309

002028684


347
002028852

002032021


348
002032189

002037526
349
002038487

002040947
350
002041573

002045117
351
002046203

002049830
352
002050832

002053584
353
002059716

002100758


354
002100926

002103511
355
002103679

002106305
356
002106473

002109308
357
002109476

002111978


358
002112145

002115356
359
002115524

002116816
360
002116984

002121070
361
002121238

002123948


362
002124116

002125533


363
002125993

002127535
364
002128412

002130663
365
002130831

002132999


366
002134543

002136585
367
002137546

002138838
368
002140632

002143259


369
002144845

002148139