1
000006131

000007297
2
000007507

000008632
3
000011720

000013345


4
000013930

000014972
5
000015807

000016849
6
000018435

000021645
29
7
000022772

000027443
8
000027610

000030988
9
000031239

000033741
10
000037829

000039038
11
000040290

000042124
12
000042625

000044251
13
000044461

000045878
14
000046880

000048297
15
000051217

000052259
16
000053303

000056680
17
000057307

000100768
29
18
000101352

000105022
30
19
000105190

000108025
30
20
000108193

000110194
21
000110862

000115199
22
000118036

000120662
23
000120872

000125542
30th
24
000126294

000127836
25
000129839

000131715
26
000131925

000134510
27
000217470

000222099
28
000222392

000224476
29
000224769

000226562
30
000228857

000231775
31
000233361

000236905
32
000237157

000240576
30
33
000240743

000243579
34
000244706

000246999


35
000247375

000249459
36
000255967

000259678
37
000259846

000303015
30
38
000303266

000306101
39
000306352

000307519
40
000309522

000313192
41
000322911

000326121
42
000326414

000328165
43
000328374

000333337
30th
44
000334214

000336423
45
000336633

000339635
46
000339802

000342012
47
000342639

000345641
48
000346476

000348018
49
000348228

000351563
50
000352440

000354483
51
000354734

000356985
52
000357237

000400948


53
000401449

000403742
54
000406162

000409915


55
000410208

000411583
56
000412919

000417339
57
000440863

000442239
58
000444200

000445993
59
000448913

000451206
60
000451374

000453375
61
000453584

000455961
62
000456212

000459506
63
000459716

000501425
64
000501718

000503468
65
000503636

000505804
66
000507140

000509766
67
000509976

000513228
25
68
000516733

000518567
69
000519569

000522070
70
000522322

000525115
71
000525491

000527242
72
000532415

000535542
73
000535752

000537919
74
000540423

000545177
75
000548806

000551350
76
000551517

000554644


77
000554896

000558357
30yearold
78
000558566

000602402
30
79
000603279

000607783
80
000608034

000609451
81
000610912

000612913
82
000613122

000615665
83
000621422

000624966
84
000627011

000630305
85
000631599

000633809
86
000634060

000635227
87
000637563

000638730
88
000639315

000640607
89
000642985

000644361
90
000645738

000649074
91
000649325

000650367
30
92
000651744

000654704
93
000657917

000700544
94
000702088

000707008
95
000707218

000709469
96
000709637

000711847


97
000712014

000714850
98
000715226

000716560
99
000717520

000721731
100
000721941

000724443


101
000724652

000726695
102
000727029

000730991
103
000731909

000734286
104
000735371

000737372
105
000739125

000742002
106
000742211

000744546
107
000744755

000745839


108
000746007

000747132
109
000754432

000755724
110
000801939

000803607
111
000803816

000804983
112
000806527

000808111
113
000810072

000813241
114
000814410

000816661
115
000816913

000819664
116
000819916

000822709
117
000822919

000825795
118
000832053

000833303
119
000845274

000848109
30th
120
000848611

000851571
121
000852323

000853532
30th
122
000853741

000855534
123
000855868

000858203
30th
124
000858454

000901790
30
31
125
000902625

000904000
126
000906045

000907629
127
000907838

000909548
128
000909757

000911800
30
31
129
000912009

000913301
130
000913469

000915971
131
000916180

000917764
132
000918015

000920892
133
000921435

000922477
134
000923020

000925146
135
000925982

000930068


136
000932822

000934239
137
000935157

000937284
31
138
000937535

000939035
139
000940037

000942872
140
000943124

000944374
141
000945835

000948378


142
000948588

000951631
143
000951882

000954009
144
000955219

000959014


145
001002768

001005645
146
001006063

001008940


147
001009233

001011443
148
001012820

001016031
149
001019243

001021369
150
001021954

001024956
151
001025166

001029127
152
001033549

001034966
153
001035885

001037093
154
001037303

001039888
155
001040598

001042974
156
001043309

001046645
157
001046854

001047896
158
001051734

001053652


159
001053903

001056529
160
001058240

001059908
161
001101702

001103870
162
001105498

001108583
163
001109251

001111711
164
001112046

001114714
165
001114924

001117425
166
001117635

001120762
167
001121639

001123765


168
001127561

001129896
169
001132191

001134901
170
001135569

001137696
171
001140783

001143868
172
001144120

001146454
173
001146706

001149457
174
001149709

001151668
175
001151877

001155422
176
001155631

001200135
177
001200720

001202137
178
001206684

001209477
179
001216360

001217402
180
001217570

001220321
181
001220573

001222824
182
001223325

001225034
183
001225327

001227787
184
001227955

001230331
185
001232168

001233835
186
001234336

001237630
35
187
001237798

001239966
188
001240676

001244846
35
34
189
001245055

001248767
190
001251687

001255690
191
001255858

001257776
192
001302615

001305575
193
001308496

001310538
33
194
001310706

001312707
195
001312875

001314083
196
001314376

001317462
197
001318214

001321132
198
001321383

001324344
199
001324512

001328723
30
200
001330059

001334062
201
001334313

001336064
28
202
001337066

001339317
203
001339568

001343029
204
001350079

001352080
205
001357253

001401172
206
001402758

001404884
207
001405594

001409097
208
001410307

001412183
209
001413936

001416187
210
001416438

001420149
211
001422444

001423778
212
001424780

001427448
213
001429368

001432495
214
001435457

001438293
215
001440004

001443298
216
001443465

001449554
217
001449722

001453516
218
001454602

001455643
219
001455811

001457812
220
001458022

001459480
221
001500649

001503651
222
001504194

001506112
223
001506322

001508615
224
001509700

001512994
225
001513162

001514829
226
001515039

001517290
227
001525174

001528009
228
001528427

001531346
229
001531513

001533973
230
001535643

001539312
231
001540147

001543024
232
001543734

001545860
233
001548030

001549906
234
001550157

001553534
235
001556038

001559290
236
001600167

001602168
237
001603253

001605546
238
001605756

001611678
30
239
001611845

001614222
240
001614723

001617934
241
001623399

001626693


242
001630239

001631739
243
001631907

001634575
244
001634743

001636744
245
001636912

001638246
246
001639581

001642250
31
247
001642418

001646254
248
001648090

001649716
249
001649925

001653928
31
250
001654138

001655888


251
001656056

001658558
252
001658726

001701269
253
001701520

001703771
254
001705774

001708943
255
001709319

001712947
256
001713115

001714490
257
001715284

001717368
258
001717619

001721122
259
001724543

001727128


260
001727296

001729297
261
001731133

001732508
262
001732968

001734302
263
001735179

001736304
264
001749485

001751903
265
001753989

001756324
266
001757493

001800286
267
001804500

001809504
268
001810923

001812340
269
001813550

001818679
270
001818847

001822016
271
001823894

001825103
272
001825354

001827605
273
001827773

001830525


274
001831610

001833861
275
001834196

001836697


276
001836949

001838574
277
001842412

001844455
278
001848585

001852463


279
001853841

001855925
280
001856135

001859137
281
001859388

001901889


282
001902432

001904142


283
001906520

001907603


284
001907771

001912859


285
001913485

001916112


286
001916488

001918573


287
001918782

001921159
288
001921577

001925079
289
001925247

001926497


290
001927457

001929417
291
001929668

001933379
292
001941889

001943264
293
001945601

001948895
294
001949438

001955276
295
001955444

001958988
30
296
001959198

002000990
297
002001491

002004952
25
298
002005454

002007788


299
002010292

002015171
300
002015422

002019800
301
002020844

002023638


302
002032648

002033981
303
002034191

002035399
304
002035567

002040071
305
002041490

002043324
306
002047871

002050081
307
002054670

002058172
30yearolds
308
002059341

002103678
10
40
309
002107015

002112019
310
002119611

002122697
311
002122864

002124198
312
002125033

002126867
313
002128620

002130246
314
002135877

002137420
315
002145220

002147221