1
000002252

000005546
2
000005714

000006922
3
000007090

000009383
4
000009551

000011552


5
000011720

000014430
6
000014597

000016098


7
000016266

000020394
8
000020562

000022771
9
000022939

000024565
10
000024733

000027401
11
000027569

000030404
12
000030572

000032823
13
000045670

000046795
14
000046963

000048464


15
000050258

000052718
16
000053094

000054470
17
000055513

000058724


18
000059059

000101643


19
000114449

000115532
20
000115700

000117326
21
000121206

000123874


22
000124042

000126919
23
000127629

000129088
24
000129255

000131465
25
000131633

000134718
26
000134886

000135928
27
000137347

000139765
28
000139933

000141433
29
000142519

000144937
30
000145105

000147356
31
000147524

000149024


32
000149192

000154279


33
000200703

000202538
34
000203123

000205124


35
000205291

000206583
36
000257093

000259761
37
000259929

000302472
38
000302640

000303932
39
000304100

000306476
40
000307353

000309771
41
000309939

000313442
42
000313610

000316361
43
000316529

000317988
44
000318156

000321867
45
000323661

000326038


46
000326206

000327331
47
000328750

000331919
48
000332086

000333629
49
000333963

000337591
50
000338384

000339509
18
51
000339677

000342763
18
52
000342931

000345807
53
000345975

000349978
54
000352273

000353690
55
000353858

000356610
56
000356778

000359988
57
000400156

000402074
58
000402242

000404826
59
000404994

000406870
60
000407038

000410123
61
000410291

000412334
62
000412502

000414753
29
63
000414921

000416421
64
000417924

000420801
65
000420969

000424388


66
000428351

000430102
67
000432188

000434273
68
000434440

000436191
69
000436359

000439278


70
000441489

000443532
71
000443700

000445617
72
000445785

000449246
73
000452709

000455002
74
000455795

000457379
75
000457547

000500632
76
000501009

000502050
77
000502218

000505387
78
000505555

000507472
79
000507640

000509641
80
000512270

000514313


81
000523906

000524906
82
000525450

000530120


83
000530580

000532331
84
000532498

000535042
85
000541382

000545385
86
000553102

000554644
87
000554812

000557689
88
000558316

000600233
89
000604447

000606823
90
000606991

000608575
91
000608743

000611661
92
000611829

000615374
93
000618169

000620670


94
000624175

000625717
95
000625885

000628053
530
96
000631057

000635310
97
000636270

000639481
98
000639649

000642651
99
000643486

000644903
18
100
000647156

000648365
101
000650159

000652119
102
000709011

000711221
103
000716727

000717978
104
000718146

000720480
105
000721357

000722691
106
000724235

000727446


107
000728114

000733243
108
000733411

000737247
109
000737415

000738457
110
000740376

000741710
111
000743171

000744296
112
000750595

000751970
113
000753681

000759769
114
000802648

000807819
115
000807987

000811156
116
000811324

000814743
117
000814911

000818497
118
000818664

000819998
119
000820583

000823752
120
000823920

000825921
121
000831177

000832511
122
000849278

000852197


123
000858704

000903583
124
000904126

000905126
125
000907547

000909089
126
000911634

000912759
127
000915137

000917389
128
000917557

000920517
129
000922728

000924813
130
000926440

000928525
131
000928693

000930819
132
000930987

000932404
133
000932863

000936074
134
000936242

000938285
135
000938494

000939703
136
000939870

000942205
137
000943874

000945625
138
000945793

000948420
139
000948588

000949713
140
000949880

000951423
141
000951591

000952716
142
000952883

000954217
143
000955803

000958054
144
000958222

001000473
145
001000641

001004644
146
001004812

001006354
147
001006522

001010358
148
001011569

001013403
149
001017033

001020452
150
001021370

001022537
151
001022705

001023747
152
001024123

001025373
153
001025541

001027417
154
001027793

001028877
155
001030838

001032422
156
001033883

001035800


157
001035968

001038219


158
001040598

001042599


159
001042767

001045310


160
001045478

001047062
161
001048022

001049731
162
001049899

001052901
163
001053736

001055987


164
001056155

001058281
165
001058449

001059866
166
001121097

001124516
167
001129855

001131940
168
001132108

001135068
169
001135236

001140323
170
001140783

001143368
171
001143536

001147664
172
001148290

001149499
173
001149667

001153044
174
001153212

001156715
175
001156882

001158842
176
001159009

001202512
177
001205141

001206558
178
001208102

001211187
179
001211355

001214357
180
001214734

001217819
181
001219280

001220447
182
001220614

001224033
183
001224201

001225744
184
001225911

001229122
185
001229665

001231332
186
001231500

001235503
187
001238007

001240216
188
001241886

001244888
189
001254440

001257066


190
001257234

001300320
191
001300488

001303490
192
001303657

001305950
193
001306285

001309245
194
001309747

001310789
195
001310956

001314793
196
001314960

001317253
197
001317421

001319297
198
001320299

001321883
199
001324053

001327305
200
001327473

001329724
201
001329892

001332101
202
001336732

001339442
203
001339610

001342403
204
001343447

001344781
205
001345991

001348952
206
001350246

001353331
207
001353499

001355166
208
001355918

001357752
209
001402758

001404884
210
001407179

001408596
211
001410140

001412725
212
001412893

001414352
213
001415855

001418147
214
001419650

001422443
215
001422611

001424654
$1000
216
001425948

001427031
217
001427199

001430118
218
001430286

001432120
219
001432288

001434706
220
001434874

001438251
221
001438419

001440461
222
001441630

001444132


223
001445134

001446259


224
001446427

001448469
225
001448637

001450805
226
001453976

001455643
227
001455811

001457770
228
001500691

001504193


229
001507323

001508740
230
001511994

001513870
231
001514872

001516956
232
001518667

001520668
233
001520836

001522545
234
001522713

001525131
235
001526675

001528885
236
001529303

001531346
237
001536352

001537852
238
001538020

001540271
239
001542816

001545485
240
001546528

001548905
241
001549073

001550657
242
001550824

001555370
243
001558207

001559791
244
001559959

001601501
245
001602127

001603503
246
001603671

001607215
247
001607383

001609676
248
001610427

001613888
249
001614056

001615139
250
001617768

001619394
251
001620854

001622730
252
001625275

001627902
253
001630406

001633074
254
001633617

001636035
255
001641792

001644252
256
001647756

001649841
257
001651093

001654095
258
001654263

001656222
259
001700769

001705440
260
001706650

001710111
261
001713032

001716617
262
001717828

001721956
263
001722124

001726627
66
264
001727671

001729088
265
001729256

001733885
266
001734720

001737263
267
001741185

001743227
268
001743395

001745480
269
001745647

001749442
270
001749818

001751778
271
001753155

001754614
272
001754782

001758242
273
001758410

001800495
274
001800662

001804082
275
001804249

001807543
276
001809379

001810671
277
001814009

001815426
278
001816178

001817678
279
001819973

001821307
280
001822476

001825186
281
001826480

001828189
282
001829608

001830983
283
001833278

001835613
284
001838867

001842120
285
001843122

001845331
286
001845499

001849919
287
001850420

001855383
288
001856885

001859220
289
001859555

001901681
290
001902307

001903599
291
001903767

001906185
292
001906395

001907854
293
001908021

001910064
294
001910232

001912108
295
001912276

001914318


296
001914486

001917155


297
001917906

001919866
298
001920242

001921659
299
001922661

001924579
300
001926248

001928583
301
001928750

001930585
302
001930752

001932545
303
001932713

001935965
304
001942055

001944140
305
001944308

001946392
306
001949104

001952273
307
001954985

001957278
308
001957446

002002241
309
002004453

002005953
310
002006121

002011209
311
002011376

002014712
312
002014880

002018716
313
002020969

002023554


314
002023722

002026641
315
002027309

002032438
316
002033732

002036484
317
002037736

002039946


318
002040113

002044533
319
002044701

002046827
320
002046995

002049580
321
002049748

002052667
322
002052834

002054627
323
002054795

002056796


324
002056964

002059173
325
002059883

002102927
530
326
002103095

002108516
18
327
002109393

002111394
328
002112813

002114438
329
002114606

002118192
330
002118360

002120111
331
002121196

002124323
332
002124491

002126075
333
002127869

002129245
334
002130539

002131789
335
002131957

002135167
336
002135335

002136794
337
002136962

002139005


338
002139881

002143426
339
002143593

002146012
340
002146471

002148764
341
002150350

002153728
342
002153895

002157815
343
002158734

002200818
344
002206074

002207283
345
002208368

002210244
346
002212456

002215249
347
002215417

002218085


348
002218253

002219754
349
002220339

002223257
350
002223425

002226635
351
002226803

002227887
352
002229848

002232683