1
000003211

000005796


2
000007257

000008716
3
000008883

000011719
4
000011886

000013512

5
000016057

000018142
6
000018309

000021103
7
000022022

000023480

8
000026151

000027609


9
000027819

000029528
10
000029821

000032406
11
000032824

000034908


12
000038121

000040622
13
000041791

000044668
14
000044836

000048797
15
000049466

000053343
16
000056806

000057931
17
000109069

000110360
18
000201079

000203914
19
000204082

000206250
20
000206626

000211130

21
000211339

000213382
22
000213550

000215467
23
000216594

000220055


24
000221182

000222808
25
000223893

000225394
26
000231025

000233694
27
000234571

000235946

28
000237907

000240325
29
000240493

000242578
30
000244122

000246957
31
000247125

000250210
32
000251045

000253130

33
000253882

000256842
34
000257010

000302097
35
000302432

000304308

36
000304475

000308270
37
000308438

000312357
38
000312942

000316278
39
000316446

000317821
40
000318364

000320574
41
000322952

000331793
42
000335632

000338091
43
000338259

000341220


44
000341387

000343805
45
000349687

000352272


46
000356694

000358612


47
000359322

000401073
48
000401241

000403784
49
000405954

000409665
50
000409832

000412042
51
000418216

000421593
52
000421761

000424346
53
000424514

000425764
54
000425932

000428642
55
000428810

000431853
56
000436693

000438860
57
000440446

000442531
58
000443366

000445158
59
000445326

000448078
60
000449372

000451290
61
000452041

000453834
62
000454043

000457296
63
000457505

000500299
64
000501759

000502843
65
000505138

000507014
66
000507265

000509933
67
000511394

000514896
68
000515064

000517566
69
000518192

000521069
70
000521404

000522946
71
000524824

000527993


72
000528161

000529953
73
000530121

000534166
74
000534584

000535625
75
000536544

000539421
76
000542383

000545677
77
000545845

000550098
78
000550350

000552017
79
000552185

000556480
80
000557065

000600192
81
000600401

000604321
82
000608326

000612120


83
000614415

000616416
84
000616626

000619211
85
000619379

000622464
86
000622632

000627010
87
000629931

000632307

88
000632475

000634434
89
000635228

000637145
90
000638106

000640023
91
000640400

000645070


92
000645238

000648490
93
000648658

000649658
94
000650910

000655831
95
000656916

000658667
96
000659794

000701670
97
000702839

000705048
98
000708845

000711513


99
000712348

000715725
100
000718479

000719855
101
000720440

000723442
102
000725862

000729614


103
000729782

000732033
104
000732201

000735287
105
000736205

000737747
106
000738791

000740292
107
000741544

000745547
108
000745715

000747215
109
000748968

000750635


110
000750803

000752387


111
000752555

000754639
112
000756058

000757559
113
000757894

000800479
114
000800646

000803648
115
000804066

000805775
116
000805943

000808487
117
000810156

000812365
118
000812533

000816620
119
000817330

000821166
120
000821334

000824669
121
000826464

000831092
122
000832887

000837432
123
000837767

000840727
124
000841229

000843980
125
000844148

000846274
126
000846442

000847901


127
000848069

000849361

128
000853366

000855575
129
000855743

000857577
130
000857745

000900872
131
000901457

000905418
15
132
000905586

000907963


133
000908130

000910549
134
000921894

000925313
135
000925815

000927857
136
000928818

000930944
137
000932863

000935031
138
000944750

000946626
139
000948421

000950755
140
000951465

000954009
141
000954176

000956553
142
000957138

000958513
143
001000182

001001850

144
001003436

001006688

145
001008316

001010275
146
001010693

001013111
147
001015197

001018533
148
001018701

001021036


149
001022997

001024956
150
001025124

001026791
151
001028336

001030670
152
001036719

001039804
153
001040473

001042057
154
001042224

001045018
155
001045186

001047812
156
001048064

001050148
157
001050399

001053735
158
001053986

001056279
159
001056447

001058239
160
001100868

001103912
161
001104080

001105455
162
001105623

001108208
163
001108376

001110835
164
001111003

001113421
165
001113589

001116049
166
001119178

001120428
167
001123057

001124182
168
001125810

001130021
169
001130189

001132524

170
001132692

001137112
171
001137279

001139781
172
001140157

001142200
173
001142535

001143743
174
001143911

001146955
175
001147123

001150375
176
001153295

001156297
177
001156465

001159467
178
001200177

001202929


179
001206308

001209310
180
001209478

001212313
181
001212481

001216067
182
001216235

001218236


183
001231500

001234502
184
001238007

001240216
185
001240509

001243344
186
001246015

001247682
187
001248726

001251686
188
001252062

001254022
189
001254190

001256649
190
001256859

001258401
191
001258569

001300528
192
001300738

001304073
193
001304241

001307243
194
001308871

001310747
195
001310915

001313666
196
001313834

001315877
197
001316712

001318671
198
001319548

001322217


199
001322384

001325094
200
001326931

001328556
201
001328724

001332560
202
001332895

001336564
203
001337066

001339442
204
001339610

001341194


205
001341362

001344405
206
001344615

001347158
207
001347326

001349077


208
001349245

001350578


209
001351413

001353581


210
001353749

001355792
211
001356126

001358503
212
001359213

001402757


213
001402925

001405844


214
001409765

001413977
215
001414144

001416479
216
001416647

001420650
217
001420818

001424070
218
001427032

001430243


219
001430411

001432954
220
001434164

001435665
221
001438127

001440378
222
001440629

001443423
223
001443591

001447385
27
224
001456353

001457520
225
001457688

001500315
226
001500816

001501858
227
001502026

001504569
228
001505029

001508406
229
001508574

001511117
230
001511368

001514495
231
001516165

001518625
232
001518792

001521711
233
001523339

001524422
234
001524590

001529594
235
001531096

001533473
236
001534934

001536392
237
001538020

001539479
238
001541231

001543691


239
001545235

001548488
240
001552493

001555119
21
241
001555287

001559290
242
001559458

001602168
243
001602336

001605380


244
001609051

001610093
245
001611136

001614430
246
001614598

001616599
247
001617726

001619060
248
001620396

001621896
249
001623315

001626484
250
001626652

001630905
251
001631156

001633408
252
001635577

001637120
253
001637913

001639956
254
001640124

001643084
255
001643252

001645712

256
001645879

001647797


257
001650092

001654429


258
001654596

001656347
259
001658434

001701102
260
001701270

001703396
261
001704273

001707775


262
001710279

001712613
263
001713699

001715825
264
001715993

001719579
265
001721540

001724917
266
001725085

001730173
267
001730424

001732842
268
001734094

001736679
269
001736847

001739182
270
001740309

001745229
271
001745856

001746939
272
001754573

001759368
273
001802664

001804082
274
001807711

001809295
275
001815803

001818262
276
001818555

001823309
277
001823477

001826187
278
001826772

001829899
279
001830692

001834362
280
001834530

001838449

281
001839535

001841828
282
001841995

001844872
283
001845040

001846082
284
001846542

001849669
285
001852005

001853256
286
001853841

001855842
287
001856009

001858761
48
288
001858929

001900221
289
001900389

001903683
290
001903892

001906352
291
001906520

001909355
292
001915821

001919866
293
001920033

001922994
294
001923162

001925580
295
001925747

001928207
296
001928375

001931085
297
001944141

001945308
298
001947477

001951564
299
001953650

001954942
300
001956153

001958946
301
002001283

002003618


302
002003952

002007163
303
002007331

002009040
304
002010167

002011292

305
002011460

002012793
306
002012961

002015671
307
002018300

002020801
308
002024681

002027350


309
002028227

002030478
310
002031980

002033064


311
002033232

002035149


312
002036818

002039904
313
002042074

002043366
314
002044493

002046369


315
002046536

002048037


316
002058173

002059340
317
002101218

002103552
318
002103720

002105596
319
002106390

002108808
320
002109351

002112186


321
002112354

002114021
322
002117067

002118442
323
002118610

002120152
324
002121196

002124407
325
002124574

002126909
326
002127452

002129370
327
002129538

002131205
328
002133917

002135418

329
002135752

002137211


330
002137462

002140381
331
002141258

002143718
332
002143927

002147221
333
002147723

002151392
334
002152936

002154145
335
002203030

002205239
336
002212247

002215791
337
002217044

002220212
338
002220797

002224925


339
002226595

002227845
340
002228013

002229096
341
002229264

002232975
342
002233143

002234477
343
002237689

002238773