1
000002460

000005295
450
2
000005463

000010009
275
425
3
000010176

000011885
125
4
000012053

000015597
1275
5
000015765

000020227
$80
6
000020729

000021895


7
000022063

000023772
8
000023940

000027109
9
000027318

000030237
10
000030405

000035284
11
000035452

000037995
12
000038163

000041081
13
000043334

000045252
14
000045462

000047796
15
000047964

000051216
16
000051426

000053802
17
000053970

000056805
18
000056973

000059099
19
000059309

000102186
20
000104189

000105355
21
000147565

000150651


22
000153113

000154822
23
000155657

000157741
24
000200245

000201703
25
000202956

000204832
26
000210296

000213590


27
000214092

000215134


28
000215301

000217719
29
000217887

000221014
30
000221224

000222349
31
000222517

000225477


32
000226521

000227563
33
000227730

000231024
34
000232026

000234194
35
000234362

000237197
36
000240201

000242327
37
000245039

000249543


38
000249711

000254631
39
000255925

000300804
40
000301514

000304224
41
000316779

000319948


42
000320116

000322784


43
000322952

000324244
44
000324412

000326538
45
000327123

000328707


46
000328875

000330250
47
000330460

000332753


48
000332962

000334755


49
000340178

000342304


50
000342472

000343639
51
000343806

000346850
52
000347018

000350479


53
000350647

000352147
54
000352315

000355567
55
000355735

000357361
56
000358029

000401031


57
000401241

000402366
58
000402533

000405077
59
000405245

000406870
60
000407038

000408455
61
000409624

000414086
62
000414879

000416630


63
000416798

000420175
64
000421177

000424304


65
000425014

000428225
66
000428393

000430852
67
000433189

000436566
68
000436734

000438860
69
000439028

000441613
70
000441781

000443073
71
000443241

000446576
72
000447745

000450747
73
000451499

000453750
74
000453918

000456545
75
000456713

000459298


76
000459465

000503135
77
000503303

000505512
78
000511811

000513228


79
000513396

000514980
80
000518735

000521278


81
000521446

000525449
50
50
$8
82
000526868

000529328


83
000529495

000532289
84
000533624

000536460
85
000536669

000540297
86
000541341

000544634


87
000547722

000551350
88
000552435

000555979
89
000556147

000558690
15
90
000600193

000603111
91
000603279

000606281
92
000606449

000610577
93
000611579

000616500
94
000616667

000620170
95
000620755

000623298
96
000623466

000627636


97
000629055

000631390


98
000631557

000633850
99
000634060

000635560
100
000636354

000637813
101
000637980

000639189
102
000640775

000643443


103
000645029

000646530
104
000646697

000649616
105
000649784

000651284
106
000651452

000653787
107
000653955

000655372


108
000655581

000657082
109
000657708

000700919


110
000701087

000704756
111
000704924

000706383
112
000707385

000711888
113
000713641

000714850
114
000716227

000717769
115
000718729

000720772
116
000722191

000723942


117
000724110

000727404
118
000727572

000729281
119
000731075

000734244


120
000735663

000738457
121
000741919

000743545

122
000743713

000745088
123
000746591

000748425
124
000750094

000751511
125
000753055

000755098
126
000755558

000758059
127
000758227

000800187
128
000800396

000803523
129
000804525

000807360
130
000807528

000810822


131
000810990

000815327
132
000815495

000818788
133
000821083

000823668
134
000823836

000827797
135
000828549

000830050
136
000830218

000834179
137
000837225

000839226
138
000839393

000843271
139
000844649

000845690
140
000845858

000850820


141
000850988

000854741
142
000854909

000856409
143
000857787

000900580


144
000901040

000903792
145
000903960

000905544
146
000908839

000911841


147
000912009

000914177


148
000914345

000915387
149
000915555

000918890
150
000921394

000925897
151
000926107

000929192
152
000930194

000931653
153
000931821

000936366
154
000938077

000942956
155
000945418

000949713
156
000954218

000957512
157
000959390

001001641
158
001004228

001005812
159
001005980

001009024
160
001009817

001011192
161
001011360

001014362
162
001014530

001017073
163
001019160

001023622
164
001024999

001027083
165
001027251

001029502
166
001032506

001033715
167
001033883

001035216


168
001035384

001038595
169
001038763

001040805
170
001040973

001046061
171
001046270

001048855
172
001049023

001051066
173
001051233

001054694
174
001055279

001057822


175
001057990

001101368
176
001101535

001103536


177
001104121

001106039
178
001107792

001108833
179
001109001

001112337
180
001112672

001113713
181
001113881

001116591


182
001116759

001119678
183
001120179

001123348
184
001123516

001125475
185
001126977

001132023
186
001132191

001134818
187
001135027

001137320
188
001137488

001140615
189
001140783

001143618
190
001143786

001144828
191
001144995

001149290
192
001149834

001152836
193
001155005

001156798
385
194
001156966

001159884
195
001200094

001203847
196
001205224

001208476
197
001208644

001210937
198
001211105

001214149


199
001214316

001216484
200
001216652

001218653
201
001218821

001222157


202
001222324

001224409
203
001227663

001229497
204
001229665

001231583
205
001231751

001236045
206
001236213

001239257
207
001239425

001241301


208
001242219

001243678
209
001243846

001246264
210
001246432

001249976


211
001250144

001254105
212
001255775

001300111
213
001300279

001302864
214
001303032

001306493
215
001306660

001308453


216
001308621

001312040
217
001312208

001316002
218
001316212

001318129
219
001319590

001322133
220
001322301

001324677
221
001324845

001326554
222
001326722

001329682
223
001330893

001334437


224
001335356

001337732
225
001339151

001340902
226
001341070

001343571
227
001343739

001347951
228
001348118

001350870
229
001351080

001353998
230
001354166

001356626
231
001356794

001401256
232
001401799

001403883
233
001404677

001406052
234
001406262

001408429
235
001408597

001411474
236
001413018

001416437
237
001417565

001420525
238
001420693

001422986
239
001424572

001426155
240
001426323

001428741
241
001433914

001436291
242
001437918

001441379
243
001443591

001444966
244
001447511

001452056
245
001452808

001456144
246
001456312

001500899
247
001502526

001503776
248
001507990

001511576
249
001512119

001513536
250
001513704

001517415
251
001517583

001520251
252
001520461

001523755
253
001525925

001529427


254
001535976

001538645
255
001541315

001544359


256
001544526

001547278
20
257
001548072

001549989


258
001550157

001552617
259
001553327

001555161
260
001556789

001558206
261
001558374

001600083


262
001600250

001602502
263
001603462

001606798


264
001608842

001610426
265
001610594

001615098
266
001615683

001616849


267
001617017

001620061
268
001620813

001623356
269
001624149

001627443
270
001627611

001630196
271
001630406

001632865
272
001633075

001634409
273
001635327

001638287
274
001638455

001639664
275
001642626

001643668
276
001644253

001646254
277
001646964

001648589
278
001648757

001649799
279
001649967

001651592
280
001653053

001657098
281
001657266

001700268


282
001701228

001704522
283
001705232

001708901


284
001710362

001713531


285
001732760

001736554
286
001738515

001741517


287
001742770

001745480
288
001745647

001747482
289
001748525

001751152
290
001751320

001753905
291
001757951

001800495
292
001801789

001803456
293
001805125

001808127


294
001809963

001812673
295
001812841

001816969
296
001819139

001821224


297
001823560

001826020
298
001829483

001831776


299
001831944

001833194
300
001833403

001837990
301
001839576

001840827
302
001842579

001845289


303
001846792

001848334
304
001849962

001852964
305
001853966

001855258
306
001859012

001900388


307
001900556

001902515
308
001903016

001905184


309
001905352

001909689
310
001910190

001911440
311
001911608

001915820
312
001921076

001922952
313
001923162

001925580
314
001925747

001927290
315
001947561

001950229
316
001950397

001952315
317
001953066

001956152
318
001956320

001958279
319
001959364

002004035
320
002004828

002006704
321
002007748

002011000
322
002015047

002017840
323
002018926

002020551
324
002024598

002025973
325
002026183

002030186
326
002031104

002034190
327
002034358

002036984
328
002037152

002039528
329
002040197

002041948
330
002042157

002047203
331
002052626

002056087
332
002058465

002100841
333
002101343

002103594
334
002103804

002107640
335
002107808

002113771
336
002114564

002116190