1
000006881

000009591
2
000010969

000013554


3
000014973

000018225
4
000019769

000021937
5
000024107

000026608


6
000026776

000028444
7
000029487

000032031
8
000032198

000033615
9
000034909

000037244
10
000037412

000039747
11
000040331

000043667
12
000043835

000047129
13
000049215

000052718
14
000053595

000057347
15
000059142

000101977
16
000102145

000106148


17
000106816

000109485
18
000109652

000111987
19
000112155

000113280
20
000118620

000120913
21
000213258

000216552
22
000216719

000218512
23
000218972

000222307
24
000223351

000227229
25
000227397

000230566
26
000232193

000236572
27
000238158

000240534


28
000244706

000246748


29
000249127

000250210


30
000250378

000251503
31
000251671

000254089


32
000255592

000257259
33
000257468

000259303
34
000259470

000300637
35
000300805

000305309
36
000305476

000307811
37
000307979

000309938
38
000310106

000312024
39
000313401

000315694
40
000315862

000317196
41
000317739

000318947
42
000319365

000322618
43
000327874

000329958


44
000330126

000332669
45
000332879

000334546
46
000334714

000336465
47
000336633

000340302
48
000340470

000344431
49
000347018

000348560
50
000349103

000351730
51
000351898

000354608
52
000354776

000357027
53
000357195

000400614
54
000400782

000403158


55
000405245

000406870
56
000407330

000408664
57
000408831

000410165
58
000410708

000412542
59
000413169

000415170
60
000416673

000419675
61
000419842

000421510
62
000421678

000424304
63
000425098

000426390
64
000426557

000429601
65
000430853

000435440
66
000437026

000438068
67
000439362

000442364
68
000443658

000445200
69
000445868

000448370
70
000448955

000450831
71
000450999

000453333
72
000453501

000456378
73
000456546

000459548
74
000459716

000501967
75
000502135

000505262
76
000505430

000507764
77
000508808

000510851
78
000512186

000516064
79
000517150

000519401
80
000519569

000522237
81
000523990

000525907
82
000531122

000532831


83
000532999

000535167
84
000535335

000537210
85
000538087

000541548
86
000542675

000544384
87
000544552

000547429
88
000548389

000552517
89
000553186

000556229
90
000557607

000600150


91
000601819

000604154
92
000604322

000606907


93
000607492

000611495


94
000612080

000613789
95
000613956

000617209
96
000618836

000621421
97
000621589

000624132
98
000625176

000628595
99
000628763

000630347
100
000636312

000639314


101
000641651

000643235
102
000643403

000644903
103
000645071

000647989
104
000648157

000650951
105
000651119

000654162
106
000656207

000658500


107
000658835

000703004
108
000704298

000706383

109
000706551

000708593
110
000708803

000711263
111
000712181

000716351
112
000716853

000721940
113
000722108

000724693


114
000724861

000729072
115
000730908

000734035


116
000734829

000737914
117
000739333

000741918
118
000742086

000743545
119
000743713

000745547
120
000745715

000750427
30
121
000750595

000755182
122
000757602

000758894
123
000759061

000801229
124
000803983

000808069
125
000808237

000810947


126
000811115

000812449
127
000813993

000815494


128
000816954

000819915
129
000820082

000824961
130
000825129

000826963


131
000828049

000830592
132
000830760

000834721
133
000834889

000838099
134
000838267

000840018
135
000846192

000849778
009
136
000850363

000851780
137
000851948

000853615
138
000854951

000857786
139
000858913

000900956
140
000904043

000905752
141
000908673

000910882
142
000912301

000913802
143
000914136

000917639
009
144
000919308

000920976
145
000929318

000930318
146
000930486

000932487
147
000936367

000938159
148
000938536

000941955
149
000942832

000944040
150
000944959

000947836
151
000948671

000950255
152
000951048

000952674
153
000955511

000957012
154
001003269

001004352
155
001012653

001014779
156
001023080

001025206
157
001025374

001028043
158
001031547

001033882
159
001034050

001037385


160
001038929

001042932
161
001043100

001046770
162
001046937

001049314
163
001049482

001050732
164
001052401

001054402
165
001057448

001058490
166
001058658

001101951
167
001102119

001104120


168
001104288

001106748


169
001106916

001108416
170
001108584

001112212
171
001112380

001114631
172
001114799

001117092
173
001117259

001119260
174
001119428

001120595
175
001122473

001124808
176
001124975

001127602
177
001127770

001129771
178
001133025

001135360
179
001135528

001137404


180
001137863

001139072
181
001140658

001143660
182
001145371

001147622
183
001147790

001150250
184
001150418

001153461
185
001154797

001157757
186
001157967

001200802
187
001202680

001203805
188
001204348

001206224
189
001207101

001209644
190
001210896

001213189
191
001214650

001215984
192
001216152

001219028
193
001219196

001222282
194
001223701

001224993
195
001227163

001228663
196
001231041

001232459
197
001233836

001235336
198
001236547

001240175
199
001240342

001243803
200
001243971

001246055
201
001246223

001248683
202
001248851

001253104
203
001253439

001257984
204
001258152

001302530
205
001302698

001305617
206
001306410

001307744
207
001317213

001319088


208
001319256

001321341
209
001321509

001324010
210
001324178

001328139
211
001329934

001331976
212
001332144

001335021
213
001336732

001338733
214
001338901

001339943
215
001340110

001341402
216
001341570

001344572
217
001347576

001350203
218
001350371

001352705
219
001354583

001356042
220
001356210

001357961
221
001358128

001400004
222
001402341

001404384
223
001404552

001406094


224
001406637

001408012
225
001409056

001412100
226
001412268

001413351
227
001413519

001416479
228
001416647

001420066


229
001429118

001430451
230
001431203

001432328
231
001432496

001434330
232
001434707

001438543
233
001438711

001440003
234
001440170

001444632
235
001445009

001448553
236
001449138

001451139
237
001451307

001454809
238
001457146

001459063
239
001503569

001507655
240
001509992

001512243
241
001512411

001514329
242
001514496

001517999
243
001518167

001519667
244
001520836

001522712
245
001522880

001524923
246
001526634

001528343
247
001528510

001532680
248
001532848

001535892
249
001536060

001537936
250
001538103

001539687
251
001539855

001542231
252
001543817

001545526
253
001547446

001549530


254
001549698

001551366
255
001551533

001553368
256
001553535

001556579
257
001556747

001559123
258
001559291

001601209
259
001604213

001606464
260
001607049

001608591
261
001609385

001612470
262
001613138

001614931
263
001615099

001616224


264
001616392

001619060
265
001619228

001621729
266
001624733

001626985
267
001627194

001628569
268
001629738

001631280


269
001631448

001635326
270
001636245

001639580


271
001639748

001643042
272
001643210

001644961
273
001646130

001648339
274
001648507

001651509
275
001658434

001702770
276
001702938

001706065
277
001706233

001709402
278
001709570

001711029
279
001712448

001714365
280
001714533

001716034
281
001716201

001718036
282
001718203

001720621


283
001722541

001724500
284
001724668

001726919
285
001727087

001731716
286
001731884

001735720
287
001736221

001738848
288
001740184

001745313
289
001745481

001747523
290
001749318

001751611
291
001752571

001755281


292
001755532

001757075
293
001757701

001802455
294
001806210

001807543


295
001807711

001811214
296
001811381

001813424
297
001813592

001815635
298
001815803

001818387
299
001818555

001822141
300
001822309

001824352
301
001824520

001825812
302
001825979

001829690
303
001829858

001831901
304
001832069

001835404
305
001836240

001840701
306
001841495

001843246
307
001851130

001852880
308
001853799

001856008
309
001856426

001858261
310
001902141

001903182
311
001906311

001907728
312
001908522

001909730
313
001909898

001912900
314
001913068

001915403
315
001916613

001917989
316
001920325

001922618
317
001922786

001924620
318
001924788

001927331
319
001937342

001939177
320
001942055

001946475
321
001946768

001949854
322
001950022

001952315
323
001953984

001957195
324
001957779

002000531
325
002003452

002008372
326
002009499

002010666
327
002010959

002014420
328
002014588

002016714
329
002018467

002020635
330
002020802

002024222
331
002024389

002028726
332
002030479

002032438
333
002032606

002034815
334
002034983

002038194
335
002039196

002040696
336
002042991

002044367
337
002044868

002046327
338
002048872

002050957
339
002051500

002052750
340
002054711

002056295
341
002104429

002106430


342
002107182

002110184
343
002110686

002114438
344
002115148

002117066
345
002117234

002119110
346
002119278

002121821
347
002121989

002125324
348
002126034

002127451
349
002128620

002131455
350
002132124

002133958
351
002136128

002137169
352
002137337

002138671


353
002138839

002140256


354
002144720

002145845
355
002146972

002149307


356
002156064

002158065


357
002200110

002202486