1
000002293

000004920
2
000008508

000010884
3
000011136

000014179
4
000014806

000017683
5
000018018

000019768
6
000019936

000022104
7
000022272

000024648
8
000025775

000028527


9
000028903

000031655
10
000032282

000033741
11
000036828

000038454
12
000040832

000044668
13
000044878

000045919
14
000046171

000050174
15
000051342

000053927
16
000056097

000059224
17
000059476

000102478
18
000102729

000106482
19
000106858

000108442
20
000109903

000112529
21
000113531

000116784
22
000123166

000125709
23
000128838

000131006
24
000133259

000136762
25
000136971

000140265
26
000144729

000146939
27
000147774

000149775
28
000150110

000152653
29
000152821

000154488
30
000154656

000156156
31
000158201

000201120
32
000201746

000203705
33
000206835

000209169
34
000209337

000211171
35
000211339

000214216
36
000216761

000220430
37
000303474

000305142
38
000305393

000308228


39
000308479

000309730
40
000311608

000314651
41
000315361

000317779
42
000317989

000320407
43
000321034

000326330


44
000326789

000329666
45
000329876

000332544
46
000335173

000336465
47
000336633

000338050


48
000338218

000339593


49
000339844

000341678


50
000341846

000344973


51
000345141

000346600
52
000346851

000349478
53
000353191

000354608
54
000354859

000356860
55
000358446

000402407
56
000402659

000404201
57
000405912

000407829
58
000409958

000412709
59
000412961

000415545
60
000416673

000419091
61
000419592

000422302
62
000422553

000424513
63
000426766

000431019
64
000431437

000433939
65
000434190

000437567
66
000437819

000439486
67
000449956

000450998


68
000451207

000453333


69
000453501

000456545


70
000456713

000459464


71
000459632

000502509
72
000502760

000504344
73
000505596

000509766
74
000511227

000515522
75
000515773

000518608
76
000518901

000521403


77
000522780

000524906
78
000525158

000526199
79
000526367

000528827
80
000528995

000531455
81
000531622

000533999
82
000534167

000535625


83
000535793

000537294
84
000540340

000541381
85
000541549

000544176
86
000544344

000548972
87
000549974

000553060
25
88
000553311

000555854
25
89
000557732

000559358
90
000559776

000601777
91
000602153

000606823
92
000607075

000609409
93
000609660

000612329
94
000613414

000617250
95
000617919

000620879
96
000621172

000623590
97
000626177

000628178
98
000628346

000630889
99
000636396

000639689
100
000639941

000641942
101
000642151

000644653
102
000645905

000650242
103
000650451

000654413
104
000654580

000657165
105
000657333

000659960
106
000700128

000702671
107
000703172

000704881


108
000707009

000709136
109
000709303

000711012
110
000711180

000714599


111
000714767

000718145
112
000718604

000721773
113
000722024

000725861
114
000727822

000730574
115
000733453

000736913
116
000738541

000741168
117
000741335

000743462
118
000743629

000746131
119
000746299

000748425
120
000749093

000750552
121
000751888

000755724
122
000756017

000758310
123
000759312

000803106
124
000803316

000806443
125
000806652

000811490
30
126
000812200

000814409
127
000814660

000818288
128
000819248

000824753
129
000825588

000829299
130
000831552

000832761
131
000832929

000835764
132
000835932

000837516
133
000837975

000839309
134
000839560

000841728
135
000843814

000847901
136
000853783

000856743
137
000856994

000900080
138
000902625

000906044
139
000906212

000911383
140
000911551

000915011
141
000915263

000920392
142
000922353

000925105
143
000925314

000928024


144
000928192

000931361
145
000936784

000939202


146
000939370

000941913
147
000945001

000946376
148
000946752

000948753
149
000948963

000952757
150
000954093

000956678


151
000956929

000958346
152
000959307

001000599
153
001000975

001005353
154
001007106

001009774
155
001009942

001011151
156
001011319

001014613
157
001015239

001018283
158
001018534

001019951
159
001020202

001023121
160
001024624

001026333
161
001026584

001029461
162
001029712

001033840
163
001034008

001038094
164
001039513

001041348
165
001041599

001042766
166
001042933

001045810
167
001046062

001050523
168
001051442

001052859
169
001053110

001056613
170
001056781

001058907
171
001059116

001102202
172
001104538

001105914
173
001110544

001114589
174
001114840

001116841


175
001117051

001119386


176
001121222

001124391
177
001124558

001125600
178
001127353

001128395
179
001130398

001132607
180
001133693

001134734
181
001135569

001136611
182
001136779

001138571
183
001138823

001141074
184
001141283

001143076


185
001143327

001146413
186
001146664

001149082
187
001150710

001153712
188
001153921

001155880
189
001157091

001159718
190
001159885

001201803
191
001213733

001216109
192
001216277

001219279
193
001219447

001238423
194
001239800

001244554
195
001252229

001253980
196
001255024

001256316
197
001258110

001259611
198
001259862

001303531
199
001303783

001305742
200
001306869

001309829
201
001310080

001311456
202
001312374

001313875
203
001314126

001315627
204
001316253

001318755
205
001318964

001323218
206
001323469

001325094
207
001325262

001327722
208
001327890

001329599
209
001330309

001332435
210
001332686

001335772
211
001336023

001339400
212
001340194

001342111


213
001342363

001343863
214
001344031

001346491
215
001346700

001349369
216
001349578

001350829
217
001354625

001356292
218
001406595

001408304


219
001411600

001414644
220
001415437

001417355
221
001417857

001420900
222
001421068

001422986
223
001423696

001425905
224
001426407

001429784
225
001430035

001432161
226
001432329

001434247
227
001434415

001436958
228
001439628

001440670
229
001442631

001444299
230
001444550

001446092
231
001446302

001448469


232
001450973

001452181
233
001452474

001455393
234
001455561

001458521
235
001458689

001501190
236
001501358

001503484
237
001506322

001508656
238
001509450

001511910
239
001513871

001515330
240
001516457

001519042


241
001524298

001525590
242
001525966

001527842
243
001528093

001529677
244
001532723

001535224
245
001535559

001536601
246
001536769

001539520
247
001540439

001543483
248
001544860

001546319
249
001600000

001602502


250
001602670

001604629
251
001605589

001608841
252
001609093

001610843
253
001611053

001613721
254
001617184

001620311
255
001620479

001624065
256
001624316

001626401
257
001627027

001629737


258
001631281

001632448
259
001632616

001635618
260
001637246

001639706
261
001640499

001642083
262
001642251

001646462
263
001650134

001652719
264
001658600

001659767
3B
265
001702229

001705023
266
001705274

001708609


267
001708777

001711821
3B
3B
268
001711989

001714657
269
001714825

001716784
270
001719580

001721205
271
001726420

001727962
272
001728213

001729964
273
001730299

001733843
274
001734011

001735970
275
001739308

001743269
276
001745481

001748858
277
001749109

001752487
278
001752738

001756532
279
001756784

001801704
280
001801872

001804207
281
001805876

001810004
282
001811590

001816052
283
001818347

001821974
284
001828065

001831067
285
001832820

001836155
286
001836365

001838366
287
001838575

001840993
288
001841161

001842995
289
001847501

001850545
290
001851380

001854924


291
001855384

001857635


292
001857886

001901639
293
001901890

001906352
294
001909898

001912900


295
001913068

001914402
296
001914820

001916195
297
001920117

001922535


298
001922786

001924745
299
001926874

001928708
300
001928876

001930376
301
001931044

001933462
302
001934089

001935548
303
001935716

001938176
304
001940470

001944807
305
001945058

001947768
306
001950731

001954650
307
001956111

001958029
308
002000407

002002742
309
002002910

002006078
310
002009833

002012960
311
002015547

002017340
312
002017591

002021135
313
002021386

002024597
314
002024848

002027141
315
002028393

002030645


316
002032314

002035233
317
002037027

002039862
318
002040113

002043199
319
002043450

002047495


320
002052000

002053376
321
002053543

002056212
322
002056463

002058381
323
002058590

002102343
324
002103595

002106889
325
002112980

002116440


326
002116608

002118985
327
002119152

002122196
328
002126034

002127785
329
002127953

002130496
330
002130956

002133165
331
002133333

002136210
332
002136378

002138254
333
002138505

002140506
334
002140716

002143342
335
002143510

002145094
336
002145804

002149557
337
002149725

002151767
338
002157983

002159483