1
000003158

000007036
2
000007287

000008329


3
000008496

000011791


4
000012375

000015170
5
000017797

000019799
6
000020133

000025054
7
000025346

000027015
8
000027182

000030143
9
000032312

000035190
10
000035523

000038318
20th
11
000038526

000043031


12
000043281

000048661
13
000048870

000054542


14
000054709

000059881
15
000100089

000104802
16
000105053

000109390
17
000110892

000113895
18
000114062

000118316
19
000118525

000122570


20
000132455

000135917
21
000216416

000219794


22
000219961

000223464
2002
23
000224674

000226884


24
000227093

000229637
25
000229887

000232807
26
000233016

000236936


27
000239147

000240648


28
000240898

000243985
29
000244152

000248072
35th
30
000248239

000249324
31
000249490

000255413


32
000256122

000258958


33
000259167

000305673
34
000306674

000309552
35
000311846

000317852
36
000318019

000322649
37
000323816

000328863


200pounder
38
000332367

000336037
39
000336329

000341250
40
000341501

000343503
41
000345838

000349258
42
000349509

000354389


43
000356349

000357767
44
000400395

000403898
45
000404524

000406484
46
000406693

000410113
47
000410571

000416035
48
000417704

000420748
49
000420998

000427088
50
000429257

000432593


51
000432885

000438558
52
000438766

000440977
53
000442562

000445231


54
000445440

000447275


55
000447442

000449444


56
000452238

000456409


57
000456659

000501581


58
000506627

000509922


59
000510089

000513468


60
000513843

000518806
61
000519307

000523561


62
000524312

000527815
63
000529567

000533946


64
000534155

000536574
65
000537408

000538576
66
000538743

000542663


67
000544207

000545958
68
000546167

000550838
69
000552632

000555510
70
000555718

000558304


71
000558513

000601015
72
000602099

000606521


73
000606687

000608022
74
000609732

000611859


75
000612151

000616489
76
000616697

000619992
77
000620201

000624121
78
000624330

000626874
79
000627124

000630419
80
000630670

000631712


81
000631879

000635216
82
000635383

000640346
83
000641722

000646227


84
000646853

000650022


85
000650231

000651649
86
000651858

000654068


87
000654902

000657905
88
000658155

000702410
89
000704412

000708791
90
000708958

000714088
91
000715089

000719260
92
000719427

000723639
93
000725474

000728603
94
000731981

000734567


95
000734734

000737153
96
000737320

000740072
97
000741616

000746454
98
000746704

000749498
99
000749749

000754003
100
000754587

000757465
101
000757757

000803638
102
000803930

000805473
103
000809143

000811437
104
000812813

000815608
105
000817443

000820279
106
000820446

000824325


107
000824492

000828663
108
000828955

000833292
109
000833459

000838798
110
000841467

000844762


111
000845846

000847765
112
000853354

000856023


113
000856273

000900152
114
000900361

000905282


115
000905449

000906534
116
000906701

000911372
117
000911539

000916377


118
000916627

000920715
119
000920881

000921882


120
000922049

000926053


121
000926303

000930057


122
000930307

000935855
123
000937231

000939692
124
000942570

000945406


125
000945573

000947408
126
000949660

000953539


127
000953706

000958002


128
001003049

001007178
129
001007386

001011015


130
001011182

001013100
131
001014602

001017563
132
001018606

001021192
133
001021358

001022693
134
001022860

001026864


135
001027073

001028574


136
001028783

001032119


137
001033454

001037875


138
001039877

001042213


139
001045591

001048010


140
001048177

001050346
141
001050513

001055643
142
001056018

001059730
143
001101607

001106654
144
001106904

001110324


145
001110616

001114829
146
001115287

001118666


147
001118916

001122503
148
001124296

001128926


149
001130010

001134181
150
001134598

001137351
151
001137518

001143190
152
001143858

001147653


153
001149196

001152867
154
001153033

001155953
155
001156120

001157288
156
001157538

001201876
157
001202126

001203377
158
001203544

001205212
159
001205671

001209717
160
001211093

001214346
161
001215890

001219560
162
001219810

001222438
163
001222605

001223856
164
001224064

001226525


165
001226734

001228444


166
001228611

001231405
167
001231655

001236035
35th
168
001236243

001238704
169
001239413

001241415
170
001241582

001245753
15minute
171
001245920

001249173
172
001251258

001254428
173
001255262

001258140
174
001258390

001302353
175
001302603

001306523
176
001306732

001310152
177
001310402

001312738
178
001312947

001314949


179
001315157

001318911


180
001319161

001324208
181
001324375

001327962
182
001328420

001331465


183
001333592

001336303


184
001336595

001338222


185
001338430

001343143
186
001345062

001347773
187
001347940

001351944
188
001354113

001357658
189
001358492

001359910
190
001400160

001404498
191
001404748

001408168
192
001408335

001410796
193
001411422

001415092
194
001415301

001418887
195
001419722

001421765
196
001432651

001435195
197
001435362

001439241
198
001439533

001443787
199
001445205

001447041
200
001447291

001448876
201
001452713

001455632
202
001457676

001500679
203
001503265

001505851
204
001506060

001511148
205
001514985

001516820
206
001519239

001520783
207
001521700

001523577
208
001523869

001529416
209
001530876

001532378
210
001533295

001535839
211
001537591

001539593
212
001539760

001541595
60
213
001541762

001544264
214
001544515

001548310
215
001554942

001558320
216
001558529

001600781
217
001608205

001611708
218
001611959

001615921


219
001619299

001622219
220
001622428

001625514
221
001626557

001630936
35th
222
001632396

001634148
223
001636358

001641905
224
001642072

001645951
225
001649246

001653167
226
001653876

001659339
35
227
001659590

001702634
228
001704303

001706263
229
001709308

001713937
230
001720527

001723947
231
001725407

001729620
232
001730787

001735000
233
001735209

001737836


234
001738045

001743383


235
001743550

001750015
236
001750641

001752559


237
001753393

001757314
238
001757564

001800442
239
001800651

001803445


240
001803612

001807407
241
001808033

001810327
242
001812246

001813747
243
001814957

001820128
244
001824758

001829263


245
001830264

001833517


246
001833684

001836270
247
001836562

001840274
248
001840524

001842776
249
001842943

001847030
250
001847781

001851034
251
001851243

001854288
252
001854454

001855998
253
001856248

001900377
254
001900627

001904256
255
001905215

001907801
256
001907968

001911555


257
001911930

001915892
258
001917811

001919313
259
001919479

001924484
260
001929323

001933952
261
001936622

001942794
262
001943003

001944838
263
001945088

001949593
264
001952137

001954056
265
001954222

001957351
400
266
001958935

002002439


267
002002689

002007319


268
002007527

002013450
269
002013617

002018705
270
002019039

002022167
271
002022376

002027130
272
002028048

002029633
273
002030550

002035055
274
002038016

002039685
275
002039851

002043480
276
002049695

002053407


277
002055909

002100664
278
002100872

002104209


279
002107921

002110215
280
002110424

002114094
40th
281
002114261

002118014
282
002118223

002121309


283
002121601

002126106
284
002126314

002130026
285
002130277

002131862
286
002132028

002136700
287
002137159

002139619
288
002140704

002142831
289
002144291

002147961