1
000002794

000005129
2
000005296

000008549
3
000008717

000010759
4
000011636

000012845
5
000013013

000014888


6
000016433

000018851
7
000019019

000023063


8
000024149

000026734
9
000026943

000029111
10
000029279

000032614


11
000034409

000035743
12
000035910

000037077
13
000038538

000042416
14
000042584

000045252
15
000045420

000049757


16
000050967

000054678
17
000056931

000059850


18
000101311

000106356
19
000106524

000108025
20
000109402

000111320
21
000112155

000115532
22
000116701

000118368


23
000120205

000122915
24
000123124

000125584


25
000125752

000126877
26
000127045

000128170
27
000129756

000132299
28
000132759

000134676
29
000215051

000217511
30
000217804

000221098


31
000221307

000223142
32
000223351

000224601
33
000225186

000227187
2
34
000228189

000230107
1
35
000231526

000235571
2
36
000236698

000239408


37
000239617

000241702
38
000241870

000244705


39
000246374

000248375
40
000249294

000250878
41
000251504

000253839
42
000254007

000257342
43
000258052

000301305
44
000301556

000303891
45
000305310

000308020
46
000311065

000312608


47
000312817

000316403
48
000316571

000317988
49
000318489

000321533
50
000321784

000323202
51
000326164

000330167
52
000330335

000332127
53
000333296

000335547


54
000336507

000339176
55
000339344

000342679


56
000342847

000345307
57
000345725

000348060
58
000348228

000350187
59
000352774

000356193
60
000357570

000359363
61
000400865

000404910
62
000405119

000408455
63
000408706

000410874
64
000411042

000414086


65
000415588

000417214
66
000419092

000420592
67
000420802

000424846
68
000425014

000427057
69
000428685

000430352
70
000432647

000434064
71
000435650

000436733
72
000436901

000439319


73
000459340

000501466


74
000501718

000504594
75
000504762

000507639
76
000508975

000510976
77
000511144

000513103


78
000513313

000515022


79
000515189

000518650


80
000519610

000521278


81
000522155

000524364


82
000528536

000530454
83
000530621

000532956
84
000533124

000535334
85
000535501

000536793
86
000536961

000539963
87
000541341

000543633
88
000543801

000546136
30
89
000546304

000550891
90
000551392

000553602
91
000553770

000556104
92
000556272

000559775
93
000600693

000602277
94
000602445

000605113


95
000605281

000608200
96
000608368

000609826
97
000609994

000614039


98
000614582

000615832
99
000617126

000619336
100
000623424

000626843
101
000627011

000629012


102
000629180

000632724
103
000635853

000638563


104
000638731

000641108
105
000642568

000645487
106
000645655

000647447
107
000647615

000651993
108
000652161

000653537
109
000653704

000656998
110
000700837

000703338
111
000707593

000708927
112
000709095

000711096
113
000711264

000715851
114
000717895

000720564
115
000720731

000724651
116
000725361

000727446
117
000727613

000729781


118
000729949

000732576
119
000732994

000735704
120
000735872

000737622
121
000737790

000740709
122
000740877

000743086


123
000743254

000746298
124
000746466

000748091
125
000748259

000750719
126
000750887

000753138
127
000753306

000756224


128
000756392

000800395


129
000800897

000805192
130
000805735

000807110
131
000807278

000809529
132
000811741

000814659
133
000818122

000822918
134
000828925

000830133
135
000830301

000833428
136
000833596

000837557
137
000837725

000839976
138
000840144

000841144
139
000841771

000844940
140
000849570

000852531
141
000853074

000854741
142
000854909

000856952
143
000858037

000859871
144
000901415

000903625
145
000904919

000907963
146
000908130

000909673


147
000909840

000911925
148
000913844

000915387
149
000919475

000921476
150
000921644

000924354


151
000925690

000927315
152
000928359

000929442
153
000929610

000933196


154
000940204

000942038
155
000942582

000944916
156
000945084

000947586
157
000948546

000951423


158
000952258

000955051
159
000955219

000958471
160
000958639

000959973
161
001000141

001004352
162
001004854

001008106
163
001009942

001013403
164
001013571

001016364
165
001016532

001019618
16
166
001019785

001022996
167
001023831

001027250
168
001027460

001030462
169
001032506

001033882
170
001034050

001036635
171
001036802

001039095
10
172
001039263

001041723


173
001041891

001044517

10

174
001048522

001050357
175
001050524

001053401
176
001053569

001057697
177
001057948

001100283
178
001100451

001102619


179
001102828

001105413
180
001105581

001108083
181
001110461

001112671
182
001112838

001114714
183
001114882

001117550
184
001117718

001121930
185
001122098

001124683
186
001124850

001127644
187
001128270

001130397
188
001130606

001131940
189
001132108

001134484
190
001134652

001135944
191
001136112

001138113


192
001139865

001142617


193
001143285

001145161
194
001145329

001147414
195
001147581

001149999
196
001150167

001151584
197
001151752

001154421
198
001154588

001155672
199
001159343

001200760
200
001201011

001202512


201
001203180

001205223
202
001205391

001208768
203
001208936

001211771
204
001212565

001217152
205
001217361

001218903
206
001219071

001222323


207
001222825

001225118
208
001225286

001229664
209
001229915

001234961
6yearolds
210
001235129

001240175
25
211
001240342

001243136
6yearold
212
001243304

001244971
213
001245556

001248475
214
001249727

001252228
215
001252396

001258026
216
001258194

001301488
217
001301655

001303281
218
001303449

001308077
219
001308245

001311956
220
001312792

001314250
221
001315711

001317962


222
001318130

001319255
223
001319423

001324302
224
001327723

001328890
225
001331060

001334562
226
001334730

001337273
227
001337441

001340610
228
001347952

001350036
229
001359755

001400922
230
001401090

001403383
231
001403551

001406010
232
001408472

001411140
233
001411308

001413351
234
001415646

001419315
235
001419483

001422986
236
001423696

001425738
237
001429660

001431160
238
001433080

001435456
239
001440087

001444591
240
001444758

001446843
241
001447011

001451764
242
001451932

001454475
243
001455936

001457604
244
001457771

001500773


245
001500941

001504694


246
001504862

001507947
247
001508115

001510450
248
001510993

001513411
249
001514246

001516831
250
001518042

001521961
251
001522129

001526966
252
001527468

001532055
253
001534266

001538019
254
001538187

001539395


255
001539563

001544067
256
001547029

001549530
257
001550824

001553743
258
001554745

001556245
259
001617226

001620019
260
001620187

001624524
261
001624692

001627318
262
001627486

001631656


263
001634576

001637662
264
001637955

001639497
265
001640290

001642709
266
001642876

001644085
267
001644253

001647588
268
001647756

001650133
269
001651427

001652802
270
001652970

001655304
271
001657766

001659434
272
001659601

001703604
15
273
001703772

001708067
274
001709486

001712530
275
001712698

001713865
276
001714033

001715199
277
001715367

001718119


278
001718287

001722081
279
001723459

001726961
280
001727129

001729630
281
001729798

001733092
282
001737848

001741350
283
001742978

001745438
284
001745606

001748733
285
001749401

001750485
286
001750652

001754864
287
001755032

001757033
288
001758494

001802121
2
289
001802748

001804916
290
001806293

001807460
291
001809546

001813758
292
001816678

001817720
293
001817930

001819347


294
001819598

001821390
295
001821558

001823976
296
001824144

001827730
297
001830317

001833152


298
001833320

001837073
299
001837241

001838866
300
001839034

001842411
301
001842579

001845123


302
001846583

001850128
303
001850295

001853506


304
001853674

001857051
305
001857219

001859512
306
001859680

001903182
307
001903350

001905184
308
001905352

001908604
309
001910274

001913025
310
001913193

001916070
311
001916238

001918948


312
001919116

001923661
313
001923829

001926497
314
001927457

001929876
315
001930043

001932628
316
001934840

001938551
317
001938719

001942763
318
001943015

001944432
319
001947311

001948811
320
001950272

001953900
321
001955819

001957820
322
001958322

002001866


323
002002326

002004827
324
002004995

002007038
325
002007206

002011125
14
326
002011293

002014503
10
327
002015005

002017131
328
002019885

002021719


329
002021929

002025139
330
002025641

002027808
331
002027976

002031270
332
002031438

002033648
333
002033899

002036067
334
002036235

002039654
335
002039821

002043115
630
336
002051083

002053334
337
002053502

002055044
338
002111645

002113062
339
002113230

002115273
340
002133041

002135459
341
002136378

002138254
342
002143969

002146053