1
000003795

000005004
2
000005171

000007423


3
000007590

000008757
4
000008925

000011677
5
000011845

000013679
6
000014014

000015180


7
000015348

000017975
8
000019269

000020436
9
000020603

000021937
10
000022105

000023814
11
000024566

000025983
12
000124834

000126752
13
000127253

000129630
14
000129798

000133383
15
000134177

000135219
16
000135386

000139556
17
000140266

000143727
18
000143895

000146230
19
000146564

000147606
20
000151444

000152945
21
000153113

000155948
22
000156116

000158534
23
000158701

000200244

24
000200411

000203038
25
000204040

000205791
26
000205959

000208460
27
000208628

000210462
28
000210630

000213632
29
000213800

000215968


30
000216136

000218387
31
000218847

000220222
32
000220390

000222641
33
000222809

000225727
34
000225895

000227312
35
000227480

000230149
36
000230316

000231608
37
000231776

000234403
38
000234571

000238157
1200
39
000241327

000242619
40
000242954

000246665
41
000247375

000249668
42
000250837

000252045
43
000252213

000254423
44
000254591

000256675
45
000256843

000259094
46
000259262

000301513
47
000303224

000306018
48
000306186

000309021
49
000310523

000312983
50
000313193

000314318
51
000314485

000317654
52
000317822

000321200
53
000323286

000326163
54
000326497

000328373
55
000329459

000332461


56
000332629

000335631
57
000335798

000337799
58
000337967

000339885


59
000340053

000341678
60
000343306

000346558
61
000346726

000347851
62
000349771

000351313
63
000401741

000403909
64
000406663

000409748
65
000411209

000412709
66
000412877

000415879
67
000416047

000417673
68
000419550

000421218
69
000421386

000422761
70
000422929

000425931
71
000426099

000427808
72
000427976

000431728
73
000431896

000434147
74
000434524

000435649
75
000435817

000439236
76
000440989

000443699
77
000443866

000445701
78
000448246

000449830
79
000449998

000452874
80
000453042

000455127
10th
81
000455295

000458130
82
000458298

000501383
83
000502427

000506013
84
000506180

000509266
85
000509434

000510809
86
000511019

000513270


87
000515440

000517607
88
000517775

000520319
89
000520486

000522779
90
000522947

000525824
91
000527535

000531455
92
000532540

000534166
93
000535710

000538170
94
000538338

000543342
32ounce
95
000545636

000546928
96
000547096

000550223
97
000551851

000554811


98
000554979

000557606
99
000559609

000601526
100
000601694

000604112
101
000605656

000607282
102
000607450

000610619
103
000610787

000613330
104
000615875

000617834
105
000620880

000623340


106
000623508

000625509
107
000626761

000630180
108
000630848

000632766
109
000633893

000636144
110
000636312

000640857
111
000643027

000644236

112
000644404

000647864
113
000648032

000649825


114
000650034

000653870


115
000654038

000657374


116
000705049

000707884
117
000708845

000710762

118
000710930

000713390
119
000714142

000715684
120
000715852

000718019
121
000718187

000721606
122
000722483

000724818
123
000730950

000732617
124
000732785

000735704
125
000735872

000740333
126
000740918

000743170
127
000743337

000745714
128
000746966

000750385
129
000750970

000752804
130
000752972

000756475
131
000756642

000800479
132
000800855

000802147
133
000802315

000805400
134
000805943

000809154
135
000810781

000811948
136
000813367

000815577
137
000816496

000819247
138
000819415

000820832
139
000822168

000824920
140
000825087

000828173
141
000831427

000833762
142
000835473

000837057
143
000840353

000843188
144
000843356

000845190
800
145
000845691

000847192
146
000848611

000849861
147
000850029

000852155
148
000852323

000853907
149
000854075

000856618
150
000857161

000858662
151
000858871

000900288
152
000901249

000904751
153
000904919

000906336
154
000906504

000908505


155
000910299

000914970
156
000915137

000919349
157
000919892

000921351
158
000921769

000924396
159
000924564

000926565
160
000930403

000934823
76
161
000939036

000940870
162
000958055

000959556
163
001001767

001005687
164
001005855

001009608
165
001013029

001016239


166
001016407

001017866
167
001018034

001019701
168
001019869

001021286
169
001022830

001024581


170
001024749

001027083


171
001027251

001029669


172
001029837

001031129
173
001031297

001033131


174
001040181

001041389
175
001043517

001045810
176
001045978

001047729
177
001047897

001051858
178
001052026

001054903
179
001056364

001058531
180
001058699

001101785
181
001101952

001104537
182
001104705

001106748
183
001106916

001109959
184
001110503

001113755
185
001116258

001117884
186
001120429

001121763
187
001121931

001125642
188
001130898

001132774
189
001133150

001135443
190
001135945

001136945
191
001137113

001139906
192
001140408

001142492


193
001142660

001145078
194
001145454

001147205
195
001149083

001153253
196
001154004

001155422
197
001158467

001201720


198
001201887

001203263
199
001203431

001204889


200
001205057

001206599


201
001206767

001209894
202
001210062

001212439
203
001217570

001219571
204
001220489

001222907
205
001223075

001225869
206
001226036

001227370
207
001229457

001231624
208
001231792

001233918
209
001234086

001235336
210
001235504

001238548
211
001238716

001240717
212
001241343

001243344
213
001243846

001245346
214
001248017

001250727
215
001258444

001259903
216
001300070

001301696
217
001304658

001306284
218
001307077

001309496
219
001312166

001314250
220
001333687

001335396
221
001337441

001339567


222
001339735

001341152
223
001341320

001344697
224
001346575

001349577
225
001349745

001350787
226
001350955

001353540


227
001353707

001355375
228
001357962

001400046
229
001400214

001401297
230
001401465

001405218
15th
231
001406345

001408096
232
001408264

001412392
233
001414311

001415562
234
001416021

001418189
235
001418357

001420400
236
001420568

001423111
237
001423279

001426489
238
001426657

001427991
239
001428158

001431452
240
001431620

001434831
241
001434999

001436833
242
001437001

001438585
243
001438752

001442297
244
001442464

001443965
245
001447553

001448970
246
001456061

001457604
247
001457771

001500106
248
001500274

001502650
249
001502818

001505945
250
001506113

001507780
251
001509491

001510909
252
001511285

001513661
253
001514496

001515830
254
001515998

001520335


255
001521712

001524923
256
001525090

001527675


257
001527843

001529969
258
001530137

001532430


259
001533140

001535350
260
001540898

001542315
261
001544860

001546819
262
001552368

001554202
263
001554370

001556496
264
001556664

001559290
265
001559458

001600750
266
001603587

001605213
267
001607049

001610218
268
001611971

001613638
269
001614390

001615974
270
001616976

001618559


271
001618936

001620061
272
001620521

001623856
273
001625192

001628319
274
001628487

001632407
275
001633200

001635034
276
001636370

001637662
277
001644294

001646170


278
001646338

001647964
279
001651468

001653469


280
001653637

001656014
281
001656473

001659100


282
001659810

001703271
283
001703439

001707775
284
001707943

001709485
285
001710738

001712280
286
001712448

001715074
287
001715242

001718077
288
001720205

001722331
289
001722499

001726711
290
001728088

001729464
291
001729631

001732216
292
001732384

001733718
293
001735345

001738097
294
001739224

001741517
295
001744563

001746814
296
001746982

001749650
297
001750194

001751652
298
001752654

001755031
299
001755199

001757366

300
001757534

001759911
301
001805209

001806417
302
001807252

001809670
303
001813509

001815009
304
001815177

001817804
305
001817971

001820264
306
001821350

001823392
307
001823560

001825686
308
001825854

001829273
309
001829817

001831442
310
001831610

001835905
311
001837741

001839784
312
001846083

001849085
313
001849253

001851671
314
001908063

001909730
315
001912442

001915862
316
001916029

001918656
317
001918824

001921159
318
001921326

001924120
319
001924288

001926998
320
001932379

001933963
321
001934673

001936257
322
001936508

001938593
323
001942764

001945057
324
001947769

001949228
325
001950063

001952106
326
001952274

001954567
327
001956737

001958863


328
001959031

002001532


329
002001700

002003409


330
002003577

002007997
331
002008749

002012585
332
002012753

002017798
333
002017966

002019592
334
002019760

002020927


335
002021094

002022511

336
002022679

002025097
337
002025265

002028559
338
002028727

002029936
339
002030103

002031520
340
002039321

002040947
341
002041949

002044325
342
002044493

002048621
343
002048789

002050748
344
002050916

002053709
345
002057297

002058547
346
002102052

002104387
347
002104554

002107848
348
002108016

002109976
349
002110143

002113187
350
002113355

002115856
351
002116024

002119527
352
002119695

002121320
353
002121488

002124240
354
002125993

002127660
355
002128829

002132123
356
002132291

002134875
357
002135043

002137670


358
002138130

002140840
359
002141174

002143134
360
002143844

002145678
361
002146138

002148180
362
002148348

002151475
363
002152728

002154854
364
002155022

002159608
365
002202612

002204113
366
002215250

002217084


367
002217252

002219462


368
002219629

002221589
369
002221757

002223924


370
002224092

002226594


371
002226762

002227970
372
002228138

002229597
373
002235354

002236354
374
002236521

002238272