1
000003461

000005295


2
000005755

000007297
3
000007841

000009883


4
000012220

000014388


5
000015890

000017850
6
000018101

000019643
7
000019853

000021937
8
000022147

000024189
9
000024441

000025774
10
000026026

000030404
11
000030739

000032573
12
000032782

000036201
13
000036453

000039705
14
000039956

000043042
15
000043251

000044626
16
000044878

000046962
17
000047714

000049965
18
000050216

000051425
19
000051676

000054720
20
000054971

000057639
21
000058141

000101393
22
000101603

000102853
23
000104147

000106523
24
000110445

000111612


25
000111821

000115032
26
000115241

000118327
27
000118995

000121705


28
000122415

000126919
29
000129714

000131256
30
000213383

000217261


31
000218763

000220222
32
000220890

000224893
33
000225145

000226311
34
000227021

000229773
35
000230024

000231859
36
000232110

000236155
37
000236406

000239032
38
000239659

000244121
39
000247041

000248333
40
000249335

000253422
41
000257886

000300220
42
000303641

000306268
43
000312901

000314651
44
000314861

000318989
45
000319240

000321533
46
000321784

000323535
47
000328166

000332336
48
000334297

000335881
49
000337550

000339468


50
000339677

000344806
51
000347644

000349228
52
000349437

000352898
53
000353566

000355359
54
000355568

000358278
55
000400990

000403533
56
000404744

000407120
57
000407330

000409248
58
000410375

000412209
59
000412418

000414920


60
000415129

000418382
61
000418549

000419967
62
000420343

000422970
63
000423388

000424888
64
000425139

000427933
65
000428101

000429810
66
000431646

000432938
67
000434148

000435399
68
000437026

000439111
69
000439320

000442447
70
000442699

000444616


71
000446035

000448370
72
000448621

000451665
73
000451833

000455544
74
000457255

000500090
75
000500300

000504136
76
000504387

000508140
77
000508891

000512811
78
000515815

000517816
79
000517984

000520569
80
000520737

000524114


81
000524615

000526658
82
000527535

000530412
83
000530663

000532039
84
000532332

000536209


85
000536419

000539504
86
000546888

000547929
87
000548139

000549556


88
000550183

000552517
89
000552769

000554144
90
000554854

000556688


91
000557774

000559066
92
000600651

000604696
93
000604906

000607699
94
000607950

000610243
95
000610495

000613789
96
000613956

000615457


97
000615666

000616708
98
000616918

000619378
99
000619587

000621963
100
000622173

000624091


101
000624342

000625967


102
000626761

000628178


103
000628429

000630472

104
000631974

000635018
105
000635937

000639523
106
000639732

000641525
107
000641776

000643735
108
000644695

000645737
109
000645947

000648448
110
000648658

000650534
111
000650785

000652119
112
000654330

000656790
113
000656999

000700168
114
000703131

000706508
115
000706759

000710053
116
000710263

000711805
117
000713433

000715267
118
000715476

000718520
119
000718729

000720147
120
000720356

000723233
121
000723443

000726236
122
000726904

000728697


123
000728906

000731741
124
000732034

000733910
125
000734537

000737873
126
000738875

000740083
127
000740376

000742377
128
000752221

000755098
129
000756767

000757976
130
000758144

000802481
131
000802648

000808236
132
000808654

000811865
133
000813034

000814284
134
000814494

000819623
135
000819957

000821082
136
000821334

000825795
137
000826047

000828131
138
000828508

000832511
139
000832887

000834429
140
000834680

000837933
141
000839810

000841686
142
000844941

000847442


143
000847693

000850362
144
000851280

000852864
145
000854200

000857577


146
000857828

000859329


147
000859539

000900789


148
000900998

000903625
149
000904210

000907420


150
000907630

000911841
151
000912051

000913927
152
000914929

000915971
153
000916264

000918098
154
000919225

000920642
155
000920893

000923103
156
000924605

000926940
157
000927191

000928567
158
000931445

000935407
159
000935616

000938285
160
000943583

000946501
161
000946752

000951548
437
162
000951757

000954634
163
000954885

000958138
164
001000433

001003393
165
001003644

001005645
166
001009567

001010567
167
001010735

001014112
168
001014363

001016281
169
001016490

001018199
170
001018451

001020785
171
001021037

001024164
172
001025249

001029085
173
001033341

001037052
174
001037303

001039721
175
001040222

001041765
176
001041932

001044684
177
001044852

001048688
178
001049315

001051691
179
001054320

001055779


180
001056155

001059157


181
001059408

001101368
182
001101535

001102535
183
001102703

001106164


184
001106374

001108625
185
001108834

001111378
186
001111629

001114673


187
001116801

001118677
188
001118928

001124349
189
001124517

001127060
190
001127228

001131356
191
001132149

001134901
192
001135152

001137862


193
001141742

001143493
194
001143703

001147372
195
001147832

001149082
196
001149291

001150542
197
001151877

001155338


198
001156298

001159926
199
001200136

001202679
200
001202888

001207684
201
001207935

001211187
202
001211439

001213314
203
001214150

001217152
204
001217737

001220905
205
001222116

001225577
206
001226871

001229456
207
001233169

001236421
208
001236630

001241259
209
001244764

001246890
210
001247141

001250393


211
001250644

001253104


212
001253939

001256065
213
001256317

001258401


214
001259862

001301154
215
001301363

001303323
216
001303574

001304949
217
001305159

001309162
218
001309580

001313750
219
001313959

001316920
220
001317171

001318421
221
001319465

001322342
222
001322593

001325345
223
001325846

001328556


224
001329683

001333394
225
001333604

001335438
226
001335856

001337065
227
001337316

001338983
228
001340820

001342362
229
001342613

001344948
230
001345199

001347951
231
001348202

001350119
232
001351455

001353790
233
001353999

001355416
234
001355751

001359504


235
001359672

001403383
236
001405761

001408388


237
001408639

001411891


238
001412601

001414811
239
001418399

001419524
240
001419775

001422569
241
001422820

001426364
242
001433289

001436040
243
001436208

001438001
244
001438210

001440587
245
001440754

001443256
246
001443424

001444424
247
001444592

001447594
248
001447803

001450597
249
001451932

001453099


250
001453309

001454434
251
001504111

001505653
252
001505863

001508573
253
001508824

001511743
254
001512036

001516623
255
001521253

001524547
256
001524798

001527967
257
001528177

001530386
258
001530638

001534307
259
001534683

001535725
260
001539730

001541022
261
001541899

001543399
262
001546570

001550490
263
001551617

001556412
264
001556830

001558331
265
001559500

001603544
266
001611178

001615640
267
001621730

001622897


268
001623148

001624148
269
001624316

001628236


270
001628404

001631030
271
001631281

001632949
272
001634034

001637787
273
001637997

001640289
274
001640541

001645169
275
001645421

001646671


276
001647172

001650508
277
001651135

001652719
278
001652928

001654929
279
001655180

001659600
280
001700728

001703312


281
001705274

001707525
282
001708777

001714198
283
001716076

001718369


284
001718579

001721289
285
001722416

001725752
286
001725961

001730882
287
001731300

001732550
288
001733552

001736721
289
001738599

001741726


290
001746899

001748191
291
001749526

001750693
292
001751528

001753613


293
001757618

001759202
294
001759703

001801454
295
001805501

001806626
296
001807002

001809462
297
001814343

001816344
298
001816595

001819388
299
001819640

001824852
300
001830359

001834112
301
001834363

001837698
302
001839701

001842912
303
001843413

001848334
304
001848877

001852630
305
001854049

001856634


306
001900222

001901973
307
001902182

001906602
308
001907604

001910857


309
001911066

001912859
310
001914736

001916070
311
001916280

001919323
312
001921702

001923536
313
001923787

001927123
314
001927749

001928791
315
001929001

001930585
316
001930836

001934046
317
001934298

001936841
318
001938677

001941679
319
001941930

001945474
320
001951231

001952773
321
001953025

001956527
322
002000449

002003367
323
002003535

002004785
324
002009875

002012251
325
002012461

002013461
326
002016215

002018799
327
002022387

002023554
328
002023972

002025640
329
002026350

002028684
330
002028894

002031979
331
002032231

002035358
332
002036235

002039445
333
002040822

002045660
334
002045869

002047912
335
002049039

002051832
336
002052084

002055711
337
002055921

002057421
338
002102511

002104220
339
002104471

002108516
340
002108725

002109767
341
002111770

002114063
342
002127286

002129287
343
002129454

002132498
344
002132666

002134375
345
002144636

002146971