1
000002210

000006005
2
000008842

000011343
3
000011511

000014263
4
000014472

000016140
5
000016766

000017975
6
000019602

000020853
7
000021104

000025274
8
000025483

000029862
9
000033116

000034950
10
000037746

000040956
11
000042000

000043375
12
000045336

000047004
13
000047255

000049339
14
000049507

000051300
15
000052802

000057806
16
000058683

000100768
17
000102270

000106774
18
000106983

000109276
19
000109486

000112571
20
000112822

000117910
21
000118161

000120162
22
000120371

000124083
23
000128505

000130089
24
000132675

000134551
25
000225728

000228981
26
000231442

000235612
27
000236781

000237823
28
000238241

000241910
29
000242912

000246623
30
000248418

000250210
31
000250420

000251753
32
000253464

000255299
33
000258178

000259928
34
000300430

000303265
35
000303433

000306685
36
000306895

000309271
37
000309480

000311857
38
000312066

000316528
39
000316779

000318405
40
000318615

000322159
41
000323786

000326121
42
000327123

000328123
43
000328374

000331210
44
000331794

000333295
45
000333463

000334880
46
000336841

000340052
47
000343806

000345891


48
000346059

000347100
49
000347268

000350646
50
000353733

000356318
51
000356653

000358820
52
000359030

000403158
53
000404827

000406119
54
000406329

000410332
55
000410500

000413835
56
000414045

000418257
57
000419759

000422261
58
000422470

000425138
59
000425348

000428684
60
000429310

000430894
61
000432021

000435065
62
000435316

000438652
63
000438861

000440487
64
000440697

000442531
65
000443324

000446159
66
000447370

000448704
67
000448955

000453709
68
000453918

000455627
69
000455878

000457421
70
000458131

000502634
71
000502885

000506680
72
000506889

000508390
73
000508558

000511727
74
000512020

000516815
75
000523197

000527200
76
000527577

000531538
77
000536753

000538211
78
000538421

000540922
79
000541257

000542299
80
000543634

000544760
81
000545928

000549848
82
000550099

000552642
83
000553019

000555020
84
000556481

000557522
85
000557732

000559066
86
000600276

000602569
87
000602779

000606573
88
000606991

000609242
89
000609452

000611286
90
000611454

000612954
91
000614374

000617125


92
000617293

000620295
93
000620588

000622672
94
000627762

000628970
95
000629138

000631264
96
000631724

000636812
97
000638856

000641983
98
000642860

000644694
99
000644862

000646780
100
000648574

000651993
101
000652578

000653995
102
000656749

000700627
103
000701754

000706383
104
000707844

000708885


105
000709178

000710178
106
000710680

000711847
107
000712014

000714850
108
000716102

000718478
109
000721607

000726361
110
000727864

000730365
111
000730992

000732033
112
000732243

000734369
113
000736038

000738039
114
000738791

000740292
115
000743713

000746798
116
000747049

000749092
117
000749385

000752554
118
000757894

000759561
119
000759770

000801146
120
000804942

000806902
121
000807820

000809821


122
000810114

000812616
123
000813993

000817078
124
000818164

000819581
125
000819916

000821583
126
000822126

000825921
127
000827590

000832302
128
000832970

000834304
129
000834597

000836598
130
000836807

000838767
131
000839018

000844022
132
000845441

000847359
133
000848819

000850195
134
000850780

000852697
135
000852949

000854699
136
000854951

000856952
137
000857161

000901039
138
000901290

000902332
139
000905461

000909381
140
000910466

000912217
141
000912635

000914761
142
000914971

000916638
143
000916973

000918223
144
000920643

000925730
145
000931862

000935156
146
000936534

000938326
147
000939412

000941413
148
000941664

000946418
149
000946669

000948545
150
000950423

000954968
151
000956387

001000265
152
001000766

001004686
153
001007440

001010609
154
001015281

001018950
155
001019201

001020577
156
001020870

001023955
157
001025374

001027167
158
001027376

001029461
159
001029712

001032672
160
001033466

001034758
161
001034967

001036009
162
001036802

001038178
163
001038387

001043475
164
001043809

001047103
165
001049565

001050899
166
001051567

001056071
167
001056906

001059574
168
001100409

001103828
129
169
001104705

001107248
170
001108751

001111503
171
001112838

001116716
172
001118094

001120762
173
001122348

001126142
174
001126352

001127852
175
001128104

001131147
176
001133484

001134818
177
001134985

001136736
178
001140324

001143451
179
001148124

001149499
180
001152253

001153670
181
001202304

001205140
182
001206642

001208810
183
001209061

001213314
184
001216485

001219279
185
001219488

001222657
186
001222867

001225368
187
001225661

001229998
188
001232293

001233918
189
001234587

001235670
190
001235880

001238339
191
001238591

001242302
192
001242511

001243928
193
001244221

001248933
194
001249852

001252187
195
001252438

001253938
196
001257067

001300069
197
001309371

001311206


198
001313125

001315627
199
001317379

001320465
200
001320716

001322926


201
001323135

001326346
202
001326639

001330058
203
001332478

001334062
204
001334396

001336731
205
001337399

001338983
206
001339276

001344072
207
001346450

001349619
208
001351413

001355083
209
001355376

001359254
210
001400130

001402257
211
001402508

001403633
212
001403926

001408429
213
001408639

001409931
214
001410140

001412141
215
001412434

001415270
216
001416146

001419440
217
001421193

001422443
218
001422653

001423945
219
001424196

001427991
220
001429493

001431786
221
001432037

001433538
222
001434331

001435623
223
001436208

001438918
224
001439378

001440879
225
001441797

001443381
226
001444133

001445466
227
001447761

001449262
228
001449471

001451306
229
001452391

001454392
230
001457396

001459856
231
001504987

001509824
232
001512119

001513161
233
001513454

001517373
234
001517833

001520084
235
001523088

001526174
236
001526425

001528009
237
001528302

001530637
238
001530846

001531971
239
001538312

001539896
240
001540689

001542190
241
001542399

001545860
242
001546111

001547403
243
001547655

001548905
244
001549740

001550782
245
001551992

001553326
246
001554286

001555328
247
001555829

001557205
248
001557456

001559415
249
001600417

001602168
250
001602378

001604045
251
001604630

001606923
252
001608217

001610718
253
001610886

001613304
254
001613597

001615390
255
001617226

001618559
256
001632783

001635118
257
001636078

001638579
258
001638789

001640456
259
001640666

001643835
260
001644586

001645753
261
001645921

001649799
262
001650467

001651968
263
001657599

001659600
264
001704773

001705940
265
001706150

001709610
266
001710279

001712363
267
001712614

001714115
268
001715367

001717118
269
001718787

001722999
270
001723208

001728212
271
001728464

001730673
272
001732843

001735845
273
001736096

001737764
274
001738807

001741976
275
001745189

001746272
276
001746940

001749776
277
001755991

001758367
278
001759119

001801871
279
001804458

001809587
280
001809838

001812757


281
001814051

001815510
282
001816095

001818471
283
001820599

001822391
284
001823185

001827438
285
001831860

001833569
286
001835614

001838324


287
001839076

001843579
17
288
001843789

001845248
289
001849503

001851129
290
001851380

001853714
291
001854842

001856509
292
001857136

001858386
293
001859096

001900471
294
001901223

001902265
295
001903183

001906561
296
001907855

001909856
297
001910065

001912150
298
001913527

001915319
299
001916071

001919699
300
001919950

001922201
301
001923287

001926455
302
001926665

001930293
303
001934506

001936382
304
001936675

001940720
305
001940888

001941929
306
001942181

001946601
307
001947186

001948227
308
001948896

001950438
309
001950647

001953024
310
001953859

001957820
311
002000699

002003367
312
002004870

002005912
313
002006622

002007663
314
002007873

002008998
315
002009708

002010958
316
002014254

002017131


317
002017507

002019759
318
002019968

002021802
319
002022054

002024931
320
002027392

002031437
321
002031688

002034398
322
002036068

002038861
323
002039696

002042907
324
002043784

002045493
325
002046036

002048496
326
002050249

002052333
327
002057839

002059757
328
002100926

002101968
329
002102844

002105513


330
002105722

002109600
331
002110269

002112186


332
002112396

002114063
333
002114314

002116565
334
002116817

002119193
335
002119778

002122280
336
002122698

002124824
337
002124992

002126033
338
002131248

002132999
339
002133458

002134709
340
002135502

002136627
341
002137296

002139463
342
002139673

002141924


343
002145679

002147805


344
002148432

002150182
345
002154396

002157064
346
002157482

002158524
347
002158900

002200693