1
000002866

000004159
2
000004367

000008037
3
000008246

000011541
4
000012041

000015003
5
000015170

000018882
6
000019174

000022302


7
000022760

000026598


8
000027640

000030685
9
000030852

000033188


10
000034189

000038276
11
000038693

000042572
12
000042780

000047827
13
000047994

000051039
14
000051206

000056711
15
000056878

000101174
16
000101341

000106930


17
000107180

000110767
18
000110934

000114687
19
000116064

000117065
20
000117232

000121611


21
000121819

000126616
22
000126866

000129994
23
000132413

000133915
24
000134582

000138211
25
000138419

000142757
26
000143758

000145760
27
000145969

000149430
28
000149597

000155478
29
000155645

000157480


30
000157647

000201109


31
000201359

000204696


32
000244319

000248031
2
10
33
000248239

000250325


34
000250491

000254662


35
000255371

000259667


36
000259834

000302670


37
000310345

000313139
38
000313389

000315642
39
000317268

000321397
40
000327904

000332867
41
000333034

000336371


42
000336537

000339707


43
000339874

000342085


44
000342251

000345046


45
000345213

000348675
46
000348883

000351803


47
000353429

000358101


48
000358267

000402230
49
000402397

000406234


50
000406567

000408736


51
000408903

000410947


52
000411197

000412281
53
000413574

000416160
54
000416327

000419122


55
000419330

000422917


56
000423084

000426170


57
000426337

000431092


58
000436764

000439434
59
000439642

000444230
60
000446107

000450027


61
000450278

000453448
62
000453614

000455700


63
000455867

000458995
64
000459245

000503291
65
000503458

000506169
66
000506335

000510298
67
000513968

000515845
68
000517805

000518973
69
000519807

000522685
70
000526272

000529901
71
000530151

000531527
72
000533654

000537533
73
000537700

000539368
74
000539535

000543831
75
000543998

000545333
76
000545833

000548711
77
000548920

000551547
78
000553674

000556677
79
000556844

000558179
80
000600181

000603726


81
000606229

000610107
82
000610942

000614237
83
000614445

000619325
7
84
000620868

000624205


85
000624413

000627708


86
000627875

000630795
87
000632547

000635091


88
000635258

000637260


89
000637468

000640096


90
000640263

000645268
91
000645434

000651065
92
000651274

000653901


93
000654068

000658239


94
000658406

000701325
95
000701492

000704787
96
000705454

000708624
97
000709750

000714130
98
000714380

000717842


99
000718009

000722597
100
000722763

000729437
101
000731981

000733941
102
000734150

000736819
103
000736986

000740990
104
000741198

000743034
105
000743618

000747038


106
000747288

000749040
107
000753920

000757465
108
000757798

000759926
109
000800343

000804472


110
000804639

000808559
111
000808809

000811020
112
000811187

000815191
113
000815441

000817985
114
000819070

000822531
115
000822740

000823824
116
000823991

000828371
117
000828537

000833876
118
000837463

000840257
119
000844971

000846263


120
000846472

000849058


121
000850893

000853104
122
000853854

000859235
123
000859402

000902071
124
000902238

000908411
125
000908619

000910204


126
000910371

000913040
127
000913249

000916961
128
000917128

000922425
129
000923884

000928556


130
000928723

000930725


131
000930933

000936147


132
000936397

000940067
133
000944405

000945614
134
000945781

000948993
135
000949785

000953831
136
000957793

000959670
137
001000963

001003799


138
001004050

001006469


139
001011098

001012266


140
001012433

001016103


141
001016270

001018189
142
001018439

001021859
143
001026614

001030117
144
001033287

001036582
145
001036791

001041128
146
001042838

001043881
147
001044131

001047885
148
001048094

001053307
149
001053474

001056143
150
001056977

001058646
151
001058813

001101107
152
001103734

001105694
153
001105903

001109907
154
001110157

001113160
155
001113494

001116580


156
001119333

001123170
157
001123379

001125214
158
001126423

001128217
159
001130219

001133889
160
001134140

001139520


161
001139854

001142523


162
001144191

001147444
163
001147862

001152283


164
001152449

001154118
165
001155035

001159206
166
001159415

001200624
167
001208007

001211051
168
001211218

001215097


169
001218309

001220603


170
001220769

001222438
171
001222771

001225649
172
001228527

001229570


173
001229737

001233407


174
001236410

001238787
175
001242541

001245127


176
001246670

001250966


177
001251175

001253594
178
001253761

001257848
179
001259934

001301685


180
001301936

001306690


181
001308734

001311779


182
001312488

001314657
183
001314865

001315908
184
001316075

001320246
185
001320496

001322206
186
001322373

001328170


187
001328379

001330798
188
001335010

001336971
189
001337137

001340182
190
001340391

001344979
191
001345145

001348816


192
001348983

001352695


193
001352861

001357366


194
001357574

001400911
195
001401078

001404540
196
001407126

001409586
197
001415301

001419722
198
001419888

001424268
mid30$
199
001424518

001429064


200
001429273

001432067
201
001432234

001437906


202
001438115

001443746
203
001444038

001448042


204
001448208

001449960
205
001450127

001452421


206
001452588

001457509
207
001457676

001459887
208
001500095

001502639

816

816
209
001502806

001505601


210
001515652

001519073


211
001521825

001525120


212
001525287

001527831


213
001527998

001531001
214
001531919

001536215
215
001536382

001540135
216
001544390

001547893
217
001549686

001551605
218
001559405

001602366
986
219
001606036

001607329
220
001608455

001611125


221
001611834

001615003
222
001615921

001617548
223
001618632

001622928
224
001623137

001626723


225
001626932

001631353
226
001631562

001634815


227
001635774

001639319
17
228
001639486

001642072
229
001642281

001646994
230
001647161

001649329


3
231
001649538

001651915
3
232
001653959

001658380
233
001658547

001701967


234
001703677

001706930
235
001707097

001712019
236
001712561

001718275


237
001719359

001721612
238
001721945

001724990
239
001725199

001728911
240
001730037

001735042
241
001735959

001738253
242
001738462

001741548
243
001741715

001746803
244
001747221

001748972
245
001750891

001753852
246
001755437

001758732


247
001758899

001802236


16
1968
248
001802402

001803654
249
001805239

001810661


250
001811662

001814540

33

251
001815499

001817876


252
001818085

001824758
33
253
001826051

001829096
254
001829263

001830806
255
001832015

001835269
256
001835435

001839481


257
001839940

001843235
258
001845279

001847155


259
001847322

001851577
260
001853870

001856373


261
001859710

001901920


33
262
001902087

001903130
263
001903297

001904548


264
001904798

001909052
265
001911430

001912889
266
001916476

001919980


267
001920147

001922608
268
001922816

001926445
269
001926612

001931950
270
001932117

001936246
271
001937623

001941918
272
001942085

001945922


273
001946131

001949176
274
001949384

001952971
275
002001146

002006568
276
002020207

002024211
277
002025754

002028882
278
002031051

002035472
279
002037766

002041186
280
002041561

002044815


281
002044981

002048735
282
002048902

002054700
283
002054908

002057953
284
002058995

002100831
285
002101832

002102916
286
002103125

002106962
287
002107170

002110590


288
002110757

002114761
289
002115011

002116596


290
002116805

002118181
291
002118432

002122894
292
002124020

002125814
293
002127441

002134322
294
002134531

002137367
295
002138452

002139494
296
002141455

002143707
297
002143874

002148879