1
000002419

000004712
2
000004879

000007881
3
000008049

000009508
4
000009676

000011260
5
000011594

000013929
6
000015223

000018267


7
000018435

000022479
8
000022647

000024440
9
000024607

000026483
10
000026651

000030362
11
000032282

000033907

12
000034075

000036285
13
000036453

000040330
14
000041666

000044334
15
000047172

000049840
16
000050008

000051467
17
000051634

000054386
18
000055430

000057556
19
000057724

000059141
20
000059309

000103312
21
000104397

000105647
22
000107317

000108567
23
000108735

000111945


24
000113782

000116909
25
000117869

000120204
26
000121539

000123499
27
000124209

000126085
28
000127212

000129379
29
000129547

000131840


30
000132008

000135219
31
000135386

000138764
32
000138932

000141391
33
000233862

000235028


34
000235196

000236238
35
000236406

000238824
36
000239450

000241910
37
000244664

000248167
38
000250712

000252713
39
000253423

000255883


40
000257010

000259469
41
000259637

000302389
42
000302682

000305642
43
000305810

000307519
44
000307687

000310439

45
000313735

000316153


46
000316321

000317863
47
000320116

000322117
48
000322285

000326914
49
000328041

000332461
50
000332629

000336798
51
000338259

000339885
52
000340053

000341929
53
000343139

000345557

54
000345725

000347351
55
000347518

000349603
56
000349771

000352105


57
000355109

000356777
58
000356945

000358237
59
000358404

000400781
60
000400949

000402324
61
000402492

000403992
62
000406204

000408664

63
000408831

000410332
64
000410500

000413835


65
000414963

000417631


66
000417799

000422261
67
000425974

000427057
68
000427225

000429559
69
000430144

000432020
70
000433481

000439403
71
000441447

000445033
72
000446619

000450122
73
000451249

000455043


74
000456462

000457879
75
000458047

000502342
76
000504053

000507264
77
000507432

000510058
78
000510226

000512394
79
000514063

000517899
80
000519068

000521403

81
000521571

000524573


82
000525325

000527242
83
000527994

000530203
84
000531914

000534916
85
000538171

000541757
86
000542925

000546511
87
000546679

000548597
88
000548765

000551016
89
000553186

000555437
90
000555605

000558690
91
000602612

000603904
92
000604072

000606114
93
000606282

000608450
94
000608951

000613080
95
000613247

000616833
96
000617001

000621088
97
000622673

000626301
98
000626469

000629763
99
000629931

000633767
100
000634852

000636395
101
000636562

000638188
102
000638898

000643110
103
000643277

000645821
104
000645988

000651076

105
000652578

000654621
106
000702505

000704423

107
000704590

000707092
108
000707260

000708635
109
000708803

000711012
110
000711764

000713932
111
000714100

000716059
112
000716227

000717686
113
000717854

000719604
114
000720064

000721690
115
000722191

000724526
116
000725403

000726778
117
000728281

000731867
118
000732034

000733743
119
000733911

000735245
120
000735413

000736746


121
000737165

000740125
122
000740293

000742043
123
000744213

000745839
124
000746299

000748133
125
000748301

000750677
126
000750845

000752512
127
000756058

000758894
128
000759061

000802397


129
000805735

000810071
130
000815161

000816453

131
000816621

000818788
132
000818956

000820415
133
000823836

000826004
134
000829592

000830926
135
000831093

000834054
136
000834222

000835263
137
000836557

000837933
138
000839852

000840894
139
000841062

000844439
140
000846234

000850445
141
000851697

000854032
142
000855243

000858161
143
000858329

000900664
144
000900831

000902499
145
000902667

000904876
146
000905294

000906336
147
000908256

000909297
148
000910633

000912801

149
000917223

000919933
150
000921143

000923937
151
000924105

000925480
152
000925648

000930277
153
000930444

000934489
154
000936284

000938660
155
000939453

000941830


156
000941998

000946293

157
000946460

000947961


158
000948170

000950922
159
000951090

000952674
160
000952842

000955010
161
000955177

000958263


162
001000099

001002809
163
001002977

001004352
164
001005938

001007480
165
001007648

001010817
166
001011819

001013653
167
001014864

001018116
168
001018284

001022746
169
001022913

001025957
170
001030212

001032505
171
001033341

001035216
172
001035384

001037218
173
001037386

001040221
174
001041891

001044225
175
001044393

001046645
176
001049774

001051733
177
001051901

001053735
178
001053903

001056905
179
001057073

001100408
180
001100910

001102661
181
001102828

001104329
182
001104497

001109209
183
001115925

001119928
184
001120096

001122639
185
001124809

001126476
186
001126644

001130271
187
001132108

001134984
188
001135152

001137612
189
001137780

001139989
190
001142702

001145620
191
001146288

001148957

192
001149500

001152419
193
001155423

001156798
194
001156966

001159592
195
001201137

001203972
196
001204140

001206766

197
001207476

001210478
198
001210980

001212480

199
001212648

001214274

200
001217945

001220780

201
001225411

001228246
202
001228456

001229956
203
001231667

001234002
204
001234170

001235503
205
001236505

001238047
206
001239717

001242010
207
001242803

001244345
208
001244513

001248391
209
001249143

001251686
210
001251854

001254230
211
001255191

001257233
212
001303240

001304949
213
001305117

001309037
214
001309205

001312874
215
001313667

001317295
216
001317463

001321633
217
001321842

001323551
218
001323719

001326554
219
001326722

001330266
220
001335022

001337023
221
001337191

001339150
222
001339318

001340860


223
001355626

001357001


224
001401757

001404717
225
001406262

001409264
226
001409431

001411808


227
001411976

001413643
228
001413811

001416062
229
001416230

001417480
230
001419066

001421860

231
001422027

001423945

232
001424113

001425947
233
001426615

001430785
234
001437084

001439252
235
001439420

001442922
236
001443090

001444424

237
001444592

001446134
238
001446302

001449220
239
001449972

001451890
240
001452057

001454893
241
001455352

001456728
242
001458689

001500648
243
001500816

001502984
244
001503152

001505528
245
001505696

001506738
246
001508449

001510575
247
001510743

001513244
248
001513579

001515538
249
001515706

001517707
250
001518876

001520418
251
001526675

001529010


252
001529178

001532388
253
001532556

001536643
254
001537102

001539854
255
001541690

001544525


256
001544693

001549656
257
001549823

001552492
258
001552660

001554535
259
001554703

001556204
260
001556372

001559207
261
001559375

001601584
262
001602711

001603753
263
001605005

001607507
264
001608425

001611135
265
001612221

001614222
266
001614390

001616307

267
001616517

001619894
268
001620229

001623356
269
001623524

001626234
270
001626402

001627402
271
001627569

001630363
272
001630531

001633700

273
001633867

001635868
274
001636036

001638955
275
001639123

001643209
276
001644586

001645878
277
001646046

001647922
278
001648090

001650591
279
001650759

001654554
280
001654930

001656055
281
001656223

001659350
282
001659518

001701728
283
001701895

001703479
284
001704273

001706858


285
001709695

001710862
286
001711030

001712739
287
001725419

001728296
288
001757826

001800036


289
001801330

001806709
290
001806877

001808586
291
001809671

001810755
292
001810923

001814425
293
001815552

001816761
294
001816929

001819472
295
001819640

001823518
296
001825479

001827313
297
001827564

001829774
298
001830192

001834195
299
001834363

001836614
300
001836782

001837907
301
001838784

001842328
302
001843288

001845081
303
001846041

001848960
304
001849128

001852964
305
001853132

001854632
306
001856176

001858803

307
001859930

001901222
308
001901390

001903057
309
001907312

001909438
310
001909606

001911232
311
001912192

001913317
312
001913485

001916612
313
001916780

001917947
314
001919575

001921033
315
001921201

001923119
316
001923287

001925538
317
001925706

001928624
318
001930127

001931210
319
001931378

001934881
320
001935966

001938050
321
001938719

001940720
322
001940888

001944557
323
001944725

001946559


324
001946727

001948769
325
001951773

001953733
326
001957946

001959030
327
001959198

002002700
328
002004995

002007872
329
002010667

002014420


330
002015380

002018507


331
002020761

002022511
332
002023180

002024639
333
002025724

002028226
334
002028936

002031145
335
002031313

002034941

336
002037152

002039946
337
002040113

002041822


338
002041990

002045576
339
002045744

002048120
340
002048288

002050498
341
002053126

002054585
342
002055337

002057296
343
002057506

002101300
344
002101468

002104303
345
002104471

002106931
346
002107099

002110351
347
002110519

002115189
348
002116191

002117692
349
002120737

002125283
350
002127661

002131706
351
002131873

002135209
352
002135669

002137628
353
002139006

002140381
354
002143385

002146304
355
002152185

002154979
356
002155147

002159525
357
002159693

002201235
358
002201820

002204405
359
002204573

002206741
360
002207826

002210536
361
002211747

002213748
362
002213915

002216083
363
002217669

002218753
364
002223925

002225676
365
002225844

002228596
366
002228764

002230723
367
002231308

002235811