1
000003503

000005713

2
000005922

000008507
3
000008717

000009758
4
000010093

000011593
5
000012053

000014138
6
000014305

000015347
7
000015598

000018726
8
000018977

000021437
9
000021646

000024106
10
000024649

000027276
11
000027527

000029111
12
000029362

000033907
13
000037746

000039329
14
000040206

000041957
15
000042167

000044001

16
000044210

000048672

17
000048882

000052092
18
000052343

000053719
19
000054220

000056680
20
000058141

000059975
21
000100185

000102895
22
000105023

000106815
23
000107525

000109568
24
000156825

000158117
25
000158368

000200911
26
000201121

000203038
27
000203873

000206333
28
000206543

000209336
29
000210088

000211839


30
000212048

000214049
31
000214259

000217761
32
000218179

000220139
33
000220431

000222266
34
000222433

000224226
35
000225311

000226520
36
000235238

000237948
37
000238158

000239867
38
000241536

000243787
39
000243997

000246165
40
000246374

000248250
41
000248501

000250127
42
000250587

000252254
43
000257760

000259219
44
000303183

000305934
45
000310607

000313483
46
000313693

000316570
47
000322202

000324077
48
000326122

000328457
49
000329709

000333837
200
50
000334047

000337132
51
000338134

000340969
52
000341179

000343388
53
000343598

000345849
54
000346059

000348894
55
000350605

000353357
56
000353566

000357319
57
000357528

000359780
58
000408373

000412084
59
000412293

000413335
60
000413544

000415128
61
000416381

000418006

62
000418216

000420676
63
000421928

000423637
64
000424847

000427724
65
000427976

000431395
66
000431604

000433814


67
000434023

000438735

68
000439195

000440404
69
000440697

000441780
70
000442365

000444157
71
000445702

000447953
72
000448204

000449371
73
000450498

000452582
74
000454168

000456044
75
000457046

000458380
76
000458631

000500507

77
000500925

000502884
78
000503094

000504678
79
000511978

000514604
80
000515898

000518150
81
000519610

000521945
82
000522155

000524031
83
000524282

000526116
84
000526367

000528577
85
000528786

000532789
86
000532999

000536126


87
000536544

000539171
88
000539380

000543175
89
000547597

000548597
90
000549098

000550891
91
000551184

000552517
92
000552727

000554519
93
000557023

000601943
94
000603654

000605947
95
000606157

000608158
96
000608409

000609451
97
000610787

000614748
98
000615124

000616166
99
000616376

000618460
100
000619670

000620712
101
000621130

000622172
102
000623383

000626510
103
000626761

000627969


104
000631599

000634267


105
000634435

000637396
106
000638523

000641358
107
000641651

000644736


108
000644904

000646154
109
000646739

000648448
110
000649492

000651576
111
000652703

000655288
112
000656457

000657624
113
000700086

000701878
114
000702255

000703672
115
000705633

000708176
116
000708553

000712597
117
000714308

000719187


118
000719355

000720772
119
000721399

000722858
120
000723443

000726486
70
121
000726696

000728405
122
000730741

000733577


123
000733744

000735370
124
000735746

000736913
125
000738332

000741960
126
000742170

000746423
127
000746674

000750343
128
000754599

000757684
129
000758478

000800812
130
000801230

000803148
131
000805193

000806359
132
000808613

000810822
133
000815786

000817370
134
000819540

000821124
135
000822084

000825712


136
000828090

000829758
137
000829967

000833303
138
000836849

000838767
139
000841062

000843104
140
000843314

000844606
141
000844857

000847901
142
000848110

000850237
143
000850947

000853156
144
000854450

000855992
145
000857203

000859996
146
000901290

000902624
147
000902959

000905085
148
000907713

000910840
149
000911050

000915887
90
150
000917014

000918807
151
000919767

000922769
152
000923020

000925480
153
000928192

000932779
154
000933406

000934614
155
000934824

000937784
156
000937994

000939911
157
000940162

000941746
158
000945710

000947711
159
000949547

000953049
160
000953259

000954509
161
000958222

001000807

162
001002143

001003852
163
001004645

001006688
164
001008941

001010817
165
001011235

001013236
166
001015197

001017616
167
001021579

001025832
168
001026000

001028918
169
001029128

001031713
170
001034008

001037010


171
001037720

001041139
172
001041349

001042641
173
001043476

001045727
174
001045936

001049689
175
001049899

001053902
176
001054111

001058323
177
001058532

001100950
178
001101160

001103119
179
001104080

001105288
180
001105498

001107624
181
001107833

001110418
182
001110628

001112545
183
001114131

001116091
184
001116300

001119094


185
001119387

001120637
186
001121889

001123598
187
001128979

001130814
188
001131065

001132065
189
001132316

001135360
190
001135569

001137487
191
001137738

001140907
192
001141075

001144703
193
001144912

001146788
194
001146997

001149332
195
001149750

001152669
196
001152920

001155880
197
001157258

001158425
198
001159009

001200844
199
001201095

001203680
200
001203889

001207267
201
001209061

001212230


202
001213607

001217193
203
001217737

001218945
204
001220406

001224951
205
001225244

001226953

206
001227121

001229622


207
001229957

001232417
208
001233544

001235587
209
001235796

001236838
210
001237089

001239424
211
001239633

001243136
212
001243345

001244888
213
001245431

001248266
214
001248476

001251686
215
001252271

001254773
216
001254982

001258193
217
001258402

001259569
218
001300613

001303323


219
001303866

001305116
220
001306118

001309204
221
001311832

001312916
222
001313167

001314501
223
001315252

001318379
224
001318672

001322550
225
001322802

001325053
226
001335356

001339234
10th
227
001339443

001342821


228
001343030

001344489
229
001346784

001348201
230
001348369

001350662


231
001351080

001353665
232
001353874

001356167
233
001356418

001359838
234
001400381

001402674
235
001402883

001405677
80
236
001405886

001408388
237
001410599

001412559
238
001412768

001417397
239
001417606

001420525
240
001420776

001422026
241
001423445

001425405
242
001425614

001428658
243
001429994

001432745
244
001432913

001436207
245
001436458

001438293
246
001444091

001445842
247
001450139

001453600
248
001453809

001457478
249
001457688

001459731
250
001501025

001502984
251
001503152

001506070
252
001507740

001509157
253
001509325

001512035
254
001514955

001516998
255
001517207

001519334
256
001519627

001521127
257
001522254

001525340
258
001525507

001527133
259
001528761

001532013
260
001533557

001535266
261
001536268

001538353
262
001538562

001540939
263
001541106

001542148
264
001542775

001545652


265
001545903

001548780
266
001548989

001551616
267
001553494

001554577
268
001559875

001602335
269
001602544

001605713


270
001606090

001609634
271
001609843

001610927
272
001612179

001613179
273
001613347

001615473
274
001615724

001620228
275
001620896

001622271
276
001623232

001626651
277
001629655

001631864
278
001633117

001634242
279
001634451

001637954
280
001638163

001639706
281
001640249

001643584
282
001650426

001652010
283
001653137

001655680


284
001658475

001700643
285
001700853

001703354
945
286
001710738

001712196
287
001717202

001719829
288
001720372

001723249
289
001723459

001727795
290
001732134

001735845
291
001736430

001740308
292
001740726

001744687
293
001748108

001750943
294
001751862

001753237
295
001759369

001800953
296
001802623

001805541
297
001807419

001809378
298
001809588

001811422
299
001811673

001814675
300
001814885

001816427
301
001816678

001817887

302
001818055

001819263
303
001819473

001822016
304
001822226

001826854
305
001827106

001828147
306
001828357

001829732
307
001829942

001831359
308
001831527

001832902
309
001833654

001836823
310
001837074

001838366
311
001838992

001840993
312
001841495

001846249
313
001849545

001852130
314
001852297

001853631
315
001854174

001855591
316
001856260

001857260
317
001857511

001900263
318
001901431

001902682
319
001903267

001905393
320
001905602

001907854
400
321
001908063

001909981
322
001910190

001912108
323
001913068

001915403


324
001916780

001917905
325
001920701

001922702
326
001923120

001926497
327
001926707

001928124
328
001931086

001933838
329
001935841

001937758
330
001938010

001941679
17
331
001942806

001945224

332
001947561

001948895
333
001951565

001956277
334
002000324

002002533
335
002005704

002009749
336
002012502

002013628
337
002019509

002021010
338
002025849

002027767
339
002030354

002031938
340
002038904

002040696
341
002042616

002044659
342
002045535

002047203
343
002047663

002053793
344
002054127

002056379
345
002101843

002103719
346
002103929

002105554
347
002105764

002106806
348
002106974

002110101
349
002112020

002114146
350
002114690

002117817
351
002118527

002120528
352
002120779

002122029
353
002122239

002125366
354
002126660

002129662
355
002135335

002137044
356
002139798

002141007
357
002141675

002143050
358
002143510

002144927
359
002153979

002155229
360
002155439

002156439
361
002156690

002157940
362
002206366

002207533
363
002208160

002211370
364
002211580

002215458
365
002218962

002220379
366
002221590

002223591
367
002223842

002226177
368
002228430

002230514
369
002230724

002232808