1
000003044

000005170


2
000005338

000007506


3
000007674

000010217


4
000010385

000014596
5
000017100

000019643


6
000019811

000021645
7
000024357

000025399
8
000026276

000027443


9
000029821

000031155
10
000031322

000034158
11
000034325

000036535
12
000037662

000040414


13
000041082

000044585
14
000046046

000048672


15
000049507

000050758
16
000050925

000053469


17
000053636

000056764
18
000056931

000058474
19
000058683

000100851
20
000101019

000103979


21
000104189

000106148
22
000108276

000110444


23
000110612

000114865
24
000115033

000116075
25
000116242

000118285


26
000157158

000200119
27
000200286

000204414


28
000204582

000207251
29
000208878

000211922


30
000212465

000213882
31
000215301

000217845
32
000218096

000220180
33
000222350

000225352


34
000225562

000227521
35
000227730

000229857
36
000230024

000232359
37
000235864

000237781
38
000237991

000241118
6thgrade
39
000241995

000243704
40
000243955

000247833
41
000248084

000249585
42
000250628

000252629
43
000252797

000256133
44
000256301

000258468
45
000259637

000302139
46
000302348

000304975
47
000305226

000307811
48
000319365

000322201
49
000322410

000324328
50
000324495

000326288
51
000326456

000328624
52
000330501

000333503


53
000333671

000335839
54
000339427

000343096


55
000348019

000350270
56
000350438

000353357
57
000353983

000357819


58
000357987

000400530
59
000400698

000404326
60
000404494

000408288
61
000408498

000409623
62
000411584

000413418


63
000414796

000416046
64
000416214

000418048
65
000418466

000420008
66
000420176

000422427
67
000422595

000424179
68
000424347

000427891
69
000428142

000431520
70
000431688

000434064
71
000434274

000439611
72
000439779

000441697
73
000443074

000445742
74
000445910

000447327
75
000452083

000454501
76
000454752

000457963
77
000459257

000501216
78
000502969

000505554


79
000505722

000507639


80
000507807

000511059
81
000511269

000514813
82
000515565

000518275
83
000519736

000521862


84
000522030

000525574
85
000525742

000529369
86
000529579

000533040
87
000535126

000536376
88
000536544

000538795


89
000538963

000540047
90
000542091

000544468
91
000544719

000546011
92
000546637

000549639


93
000553853

000555020
94
000603654

000606239
95
000608159

000609868


96
000610036

000612412
97
000615041

000618460


98
000619879

000622631
99
000622840

000625759
100
000627637

000629971


101
000630139

000632474
102
000632725

000636645
103
000636813

000641274
104
000641442

000642776


105
000644529

000648573
106
000652703

000653745
107
000656749

000700419


108
000700586

000702754


109
000702922

000706508
110
000708177

000710178
111
000710638

000713306
112
000713474

000716476


113
000718604

000721773
114
000722024

000725986
115
000726154

000727946
116
000728865

000731992
117
000732243

000734828
118
000735037

000740208
119
000742086

000744880
120
000745131

000748300
121
000748634

000754055
122
000754682

000756600
123
000759604

000801605
124
000808654

000812324


125
000812575

000814993
126
000815703

000817954
127
000818122

000821750
128
000821918

000823418
129
000824795

000827047


130
000827215

000830258
131
000830426

000832344
132
000834639

000836973
133
000837141

000838433
134
000842855

000843980
135
000845525

000847400
136
000847944

000851446
137
000851697

000854157


138
000854325

000855700
139
000859789

000902666
140
000902917

000905835
141
000906003

000909047
142
000909882

000911550


143
000911801

000915720


144
000915888

000918014


145
000918182

000920517
146
000920685

000922394


147
000922562

000924187


148
000924355

000926606


149
000931654

000933947
150
000936325

000938368
151
000939161

000943164
152
000944041

000948336
153
000948504

000952841
154
000953009

000955802


155
000957972

001001766
156
001001934

001006396
157
001006564

001008315
158
001008482

001012027
159
001012194

001013361
160
001013529

001017699
161
001017867

001020660
162
001020828

001023997
163
001024165

001026666

164
001029170

001031755


165
001031922

001035634
166
001035885

001039512
167
001041057

001044309


168
001046687

001049064
169
001050316

001052025
170
001052193

001056029
171
001056197

001057238
172
001057406

001059366
173
001059533

001104162
174
001104330

001105372
175
001105539

001108958
176
001109210

001111878

177
001114131

001118927
178
001119428

001120637
179
001120805

001124474


180
001133359

001134401
181
001134568

001138196
182
001139657

001143618
183
001144370

001146121
915
184
001147081

001148331
185
001148582

001153002
186
001153504

001157590
187
001158592

001159926
188
001200344

001204264
189
001204473

001206182
190
001206434

001209477
191
001210521

001211563
192
001211731

001215233
193
001222783

001225744
194
001225953

001228288


195
001229081

001232876


196
001234128

001235170
197
001235337

001240467
198
001242094

001243386
199
001250686

001252437


200
001252605

001255064


201
001255232

001258777


202
001301906

001303406


203
001303574

001304783
204
001314126

001315752
205
001315920

001319047
206
001320674

001323092


207
001323928

001326471


208
001326722

001329557
209
001334313

001338233
210
001338400

001340777


211
001343405

001345865
212
001348619

001349661
213
001349829

001352372
214
001356544

001358795
215
001359755

001401548
216
001401715

001404175
217
001404385

001405969
218
001406679

001408012
219
001408222

001409389
220
001413853

001415061
221
001415229

001416563
222
001419859

001420900
223
001422528

001423862
224
001426282

001429534
225
001429910

001431661
226
001434498

001436124
227
001436292

001438710
228
001438878

001441254
229
001441463

001444924
230
001446927

001449679


231
001449847

001451347
232
001451599

001455268
233
001455895

001457854


234
001458355

001459647
235
001501734

001504402
236
001505696

001508156
237
001508365

001512619
238
001512870

001517332
239
001517833

001520668
240
001520878

001524255
241
001531096

001532263
242
001534433

001536225
243
001537561

001538853
244
001539104

001540897
245
001541148

001545443


246
001546278

001548404
247
001548656

001551783
248
001551951

001556579
249
001556747

001558331
250
001559625

001602543
251
001604588

001607757
252
001607967

001611594
253
001611845

001613388
254
001613597

001615682
255
001615891

001618059
256
001619436

001622355
257
001622564

001624232
258
001624400

001625817
259
001626068

001630029
260
001630197

001633449
261
001633617

001637161


262
001637371

001640665
263
001645170

001648715


264
001652261

001655471


265
001655639

001659267


266
001659435

001700560
267
001704189

001707066
268
001707609

001710486
269
001710654

001713406


270
001713574

001715241
271
001717828

001719120
272
001719830

001721456

273
001724668

001727670
274
001728213

001734135
275
001734303

001736262
276
001738432

001740516
277
001740726

001743895
278
001744104

001745938


279
001746106

001749859
280
001750027

001752111
281
001754406

001756741
282
001756950

001759077
283
001759328

001801621
284
001801872

001805625
6yearold
285
001805876

001807919


286
001814093

001815968


287
001816220

001820807
288
001822226

001823851
289
001825312

001827688
290
001827856

001829649
291
001829900

001832985
292
001833237

001835488
293
001835656

001838574
294
001839076

001841661
295
001843372

001847208
296
001847584

001850753
297
001851171

001854590
298
001857594

001859512
299
001901056

001902306
300
001904685

001907186
301
001909148

001910982
302
001912151

001913484
303
001914570

001916028
304
001918740

001922952
305
001923912

001926414
306
001927499

001933171
307
001938218

001939510


308
001939678

001942763


309
001942931

001947018
310
001947186

001951480


311
001953650

001957486
312
001957738

002000907
313
002003994

002005828
314
002011793

002014253
315
002014421

002016797


316
002016965

002018674
317
002019218

002020259
318
002020427

002021969
319
002023472

002024847
320
002025265

002027975
321
002029353

002030478
322
002030646

002032980
323
002037110

002039111
324
002045744

002047203


325
002047454

002052083
326
002052292

002053960
327
002054211

002057088
328
002057714

002100091
329
002100342

002102301
330
002103595

002106681


331
002108350

002110977
332
002111270

002113854


333
002115357

002117191
334
002117401

002119819
335
002120070

002122947
336
002123657

002125241
337
002125492

002128035


338
002128287

002130413
339
002130664

002131914
340
002133375

002134583