1
000004754

000007006


2
000007173

000010426
3
000010635

000012011
4
000012220

000014638
5
000016057

000020185


6
000022063

000024815


7
000025150

000026275


8
000026443

000028193
9
000031072

000033741
10
000033908

000036243
11
000036411

000038620
12
000038788

000042541
13
000042709

000047629
14
000048298

000050090
15
000052469

000054636


16
000057682

000059099
17
000059267

000102352
18
000106733

000107775
19
000111112

000113238
20
000153029

000154029
21
000154280

000156198
22
000156366

000158659


23
000158827

000200661
24
000200829

000204081
25
000204249

000207709
26
000208586

000210796
27
000211256

000214258
28
000214968

000216969
29
000217137

000218929
30
000219097

000222391
31
000223893

000225894
32
000226062

000229356
33
000232652

000235112
34
000236948

000239992
35
000240160

000244788
36
000247000

000248375
37
000249586

000251003
38
000252839

000256592
39
000256759

000259636
40
000259804

000303265
15
41
000303433

000305809
42
000306686

000308228
43
000308521

000313192
20
44
000313359

000317529
45
000317697

000318989
46
000319866

000323202


47
000323369

000327539
48
000330793

000332586
49
000332879

000334504
50
000334672

000337424
51
000337592

000340510
52
000340845

000342137
53
000344224

000346433
54
000347018

000348769
55
000348937

000352481
56
000352649

000355150
57
000355318

000358195
58
000402283

000403575
59
000404244

000406870
60
000413544

000416588
61
000416756

000419341
62
000419509

000421218
63
000421386

000424846


64
000425014

000428141


65
000428768

000431687
66
000432146

000435023
67
000435191

000437317
68
000437485

000439069
69
000439237

000441488
70
000441656

000444866


71
000446160

000447661
72
000447829

000450580
73
000450748

000452291
74
000452458

000455919
75
000457463

000500424
76
000500591

000501967
77
000502135

000504386
78
000504554

000507723


79
000507890

000510142


80
000510310

000512894
81
000513062

000514313
82
000517608

000519109
83
000521029

000522404
84
000526701

000528744
85
000530121

000532706
86
000534208

000537169
87
000545678

000547429
88
000550433

000553060
89
000557106

000559691


90
000600318

000601818


91
000601986

000606323
92
000606491

000608867
93
000609035

000611244
94
000611412

000614456
95
000614624

000617459
96
000619462

000622339
97
000622757

000625342
98
000625510

000628720
99
000628888

000630806
100
000630973

000634726
101
000635812

000637771
102
000637939

000641066
103
000641317

000646655
104
000648449

000651118
105
000651285

000652536
106
000652703

000654454
107
000654622

000656665
108
000658835

000700335
109
000701170

000703713
110
000703881

000708427
111
000712473

000715559
112
000716102

000717394
113
000717562

000722899
114
000728281

000731575
115
000735413

000737038


116
000737248

000739749
117
000740042

000743086
118
000743546

000746173
119
000746340

000748800
120
000751637

000754806
121
000754974

000756183
122
000756350

000758185
123
000758769

000800562
124
000800897

000803023
125
000804984

000806985
126
000808946

000810405
127
000810573

000812616
128
000816245

000819498
129
000819665

000822709
130
000823878

000825712
131
000826547

000830550
132
000830718

000833428
133
000833638

000836097
134
000837099

000841811
135
000842271

000843897
136
000845107

000846775
137
000847109

000851571
138
000851739

000853573
139
000854408

000855408
140
000856202

000858954
141
000859121

000900997
142
000911759

000913343
143
000913886

000916721
144
000920935

000926314
145
000926482

000929568
146
000929735

000930902
147
000931362

000932904
148
000933864

000935782
149
000938995

000941621
150
000942206

000945208
151
000946544

000949838
10
152
000950006

000952132
153
000952300

000955218
154
000956554

000958138
155
001002476

001004603
156
001005146

001007689
157
001007857

001010525
158
001010693

001014154
159
001014905

001019117
160
001019327

001022579
161
001022788

001024581
162
001024749

001026875
163
001031005

001032297
164
001035551

001037552
165
001037803

001039512
166
001039680

001042557
167
001105665

001108667
168
001110294

001112921
169
001113089

001115882
170
001116050

001118218
171
001119261

001120929


172
001142326

001144536
173
001148708

001151042


174
001151210

001153044
175
001154171

001157257
176
001157425

001200009
177
001200177

001201511
178
001204056

001207100
179
001207268

001208852
180
001209019

001213148
181
001213315

001216359
182
001216527

001218319
183
001218487

001221448
184
001221615

001223616
185
001223784

001225243
186
001225411

001228747
187
001228914

001230248
188
001230416

001233293


189
001233461

001236171


190
001236964

001239174
191
001239341

001241134
192
001241302

001242927
193
001243095

001246014
194
001246182

001249934
195
001250102

001253855


196
001254023

001256316


197
001258903

001302322
198
001302490

001304032
199
001307620

001311331
200
001315169

001317253
201
001319715

001323218
202
001324929

001326346


203
001326514

001329015
204
001334563

001336731
205
001339235

001342320
206
001342488

001346199
207
001346367

001350203
208
001350371

001352247
209
001352414

001354541
210
001355751

001357043
211
001357211

001359838
212
001400005

001401464


213
001401632

001404467
214
001405386

001407387
215
001410224

001411850
216
001412017

001415061


217
001415229

001418982


218
001419149

001422110
219
001422278

001423903
220
001424071

001425363
221
001425531

001428199
222
001428367

001430451
223
001431495

001432829
224
001432997

001435665
225
001440337

001441880
226
001442047

001444632
227
001446510

001448595
228
001448762

001452223
229
001455686

001457395
230
001458397

001501983
231
001502151

001503526
232
001503944

001506821


233
001507239

001510366
234
001511118

001514913
235
001515080

001517916
236
001518083

001521044
237
001521211

001523838
238
001526759

001528092
239
001534934

001537143
240
001542066

001543900


241
001544068

001547445
242
001547613

001549739
243
001549907

001552200
244
001552368

001554619
245
001554787

001557538
246
001559166

001602377
247
001602544

001603878
248
001604046

001607548
249
001607716

001612428
250
001614223

001615390
251
001615557

001619686
3000
252
001619853

001622188
253
001622356

001625358
254
001625526

001628277
255
001628445

001630196


256
001630364

001633491


257
001633659

001635994
258
001636412

001639539
259
001639748

001641332
260
001641500

001643126
261
001644336

001647338


262
001649466

001652802
263
001653345

001656681
264
001659852

001701602
265
001701770

001702812
266
001702980

001706024
267
001706191

001709861


268
001710404

001712196
269
001713991

001715033
270
001715200

001718411
271
001720998

001723458
272
001723625

001725209
273
001725377

001726627
274
001727087

001729255
275
001732551

001733968
276
001735846

001738723


277
001738891

001741309
278
001741477

001744187
279
001744897

001747607
280
001747775

001749484
281
001749777

001750818
282
001750986

001753946
283
001754156

001755865
284
001756575

001801621
285
001801789

001804540
286
001804708

001807794
287
001807961

001810338
288
001810506

001812673


289
001812841

001814467


290
001814635

001816260
291
001818263

001820181
292
001820349

001824143
293
001825020

001828523


294
001829608

001832693
295
001832861

001836364
296
001836532

001840701
297
001842037

001843871
298
001844039

001846249
299
001846416

001848793
300
001848961

001852755
301
001852923

001854882
302
001856135

001857844
303
001858011

001859428
304
001900514

001902890
305
001903058

001905726


306
001907521

001909438
307
001909773

001910857
308
001911024

001913651


309
001913819

001917196
310
001917364

001921200
311
001923245

001924996
312
001925414

001927874
313
001928041

001930334
314
001930502

001932712
315
001938135

001940553
316
001942639

001944974
317
001945142

001947727
318
001948187

001949562
319
001949730

001953649
320
001954902

001957153
321
001959907

002001949
322
002003410

002005077
323
002013462

002016297


324
002016465

002019050
325
002019218

002021052
326
002021220

002024472
327
002026183

002030478
328
002030646

002032647
329
002032814

002036442
330
002036610

002038486
331
002041323

002044450


332
002044618

002046786
333
002047996

002050915


334
002052000

002053793
335
002053961

002057088
336
002057256

002100424
337
002101593

002104220
338
002104388

002107431
339
002107599

002111310
340
002113397

002115481


341
002115649

002119318
342
002127619

002129287


343
002133709

002135126


344
002135294

002137169
345
002137337

002139380
346
002139548

002144093
347
002144261

002147138