1
000003253

000006380
2
000006548

000008674
3
000010343

000012219
4
000013722

000015681

5
000015849

000018392
6
000019185

000021729
7
000021896

000025482
8
000025942

000028861
9
000029863

000033157
10
000033783

000034992
11
000035160

000038954
12
000039122

000043208
13
000043376

000044626
14
000044794

000046503


15
000047422

000049131
16
000049299

000051050
17
000052218

000053469
18
000053887

000056221
19
000058308

000100851
20
000101019

000103228
21
000106483

000108150
22
000108318

000110652
23
000110820

000112821


24
000118411

000121080
25
000121247

000122623


26
000214551

000218387
27
000218555

000220556


28
000220723

000222975
29
000223143

000224309
30
000224686

000227312


31
000227480

000230941
32
000231109

000233569
33
000233736

000235737
34
000235905

000237823
100
35
000239868

000242536


36
000244622

000246707
37
000247417

000249543
38
000249711

000251670


39
000254132

000255674
40
000255842

000257926
41
000258094

000259178

42
000259345

000301388
43
000301556

000303223
44
000303391

000306059
45
000306227

000309730
46
000309898

000313817
47
000313985

000318280
48
000318448

000320282
49
000320950

000323243
50
000327665

000329666
51
000331794

000333712

52
000336216

000338217

53
000338426

000342304
54
000342805

000344806


55
000344974

000350604
56
000350939

000354441
57
000354609

000356360
58
000356527

000358278
59
000358446

000400864
60
000401950

000404201

61
000404369

000406328


62
000406496

000410540
63
000411167

000414878
64
000415046

000418590
65
000419175

000421843
66
000422011

000425555

67
000427308

000429309
68
000431229

000432938
69
000433106

000434273
70
000434440

000436358
71
000436526

000439945

72
000440363

000441863

73
000442031

000445409
74
000445576

000448495
75
000448663

000449997

76
000450164

000452833
77
000457797

000501675
78
000501843

000504386
79
000504554

000506555
80
000507849

000509433


81
000509600

000510892


82
000511060

000513395


83
000513563

000516565


84
000516733

000518734
85
000520737

000523238
86
000523406

000524489
87
000524657

000527367
88
000530246

000532122
89
000532290

000535917
90
000536085

000539629
91
000539797

000542924
92
000545762

000547304
93
000548181

000552726
94
000552894

000555729


95
000555897

000558190
96
000559150

000600525
97
000601152

000602944
98
000605198

000608116

99
000608284

000610619
100
000613414

000615457
101
000615625

000619795
102
000619962

000623882
103
000626803

000628804
104
000629389

000630931
105
000631099

000633433
106
000636104

000638063
107
000638231

000640941
108
000641150

000642651
109
000642819

000645320
110
000645488

000649658
111
000649826

000651993
112
000652161

000655330
113
000656332

000659167


114
000659544

000703672
115
000703840

000707968
116
000709762

000712514
117
000712682

000714516
118
000714684

000718019


119
000718187

000720981
120
000722275

000724317
121
000724485

000726695
122
000737623

000740709
123
000741627

000745213
124
000745381

000749468
23
125
000749635

000752262
126
000804400

000805775
127
000805943

000808487
128
000808654

000812073
129
000812241

000814201
130
000815912

000818205
131
000818372

000820957
132
000821125

000824503
133
000824670

000826379
134
000826547

000830258
135
000830426

000833720
136
000834722

000836973
137
000837141

000839809


138
000839977

000841520
139
000841687

000843939
140
000845566

000847609
141
000847777

000849152
142
000850947

000852948
143
000853115

000856284


144
000859038

000900455
145
000900790

000902249
146
000902416

000905210
147
000905378

000907128
148
000907296

000909464
149
000911300

000913552
150
000915638

000918306
151
000918474

000921560


152
000921727

000923311
153
000923479

000925564
154
000925731

000929317
155
000929485

000931820
156
000931988

000934573
157
000934740

000936157
158
000936325

000938118
159
000938286

000940203
160
000941330

000945500
161
000946335

000948295
162
000948462

000951172
163
000951340

000953341


164
000953509

000955885
165
000957179

000958263
166
000958431

001000682
167
001000850

001004060

168
001004228

001008565
$50000
169
001010776

001012861
170
001015448

001016656
171
001016824

001018825
172
001019535

001022704
173
001023164

001024706
174
001025541

001027208
175
001032923

001034799
176
001034967

001036509
177
001036677

001038845

178
001040556

001043224
179
001043392

001046353
180
001046520

001048563
181
001048731

001052400
182
001052568

001053902
183
001054070

001057364
184
001057531

001100116
185
001100284

001101993
186
001102161

001106164
187
001107416

001110126
188
001110670

001113254
189
001113422

001115674
190
001115841

001119219
191
001125017

001127519
192
001127687

001129854
193
001130022

001133858
194
001134026

001137445
195
001137613

001141700
196
001144954

001147205
197
001147373

001149624

198
001152002

001153503
199
001156132

001200635
200
001206559

001208852
201
001209019

001210145
202
001210312

001211604

203
001214442

001217819
204
001218320

001220113
205
001220281

001221489
206
001221824

001223116
207
001223284

001225744
208
001226996

001229873
209
001230040

001231499
210
001232960

001234502
211
001235546

001237672


212
001238549

001242719
213
001242887

001247098
214
001247266

001250769
215
001250936

001254981


216
001256692

001258985
217
001302531

001303948
218
001306410

001310205
219
001310748

001315043
220
001316253

001319964
221
001320132

001322300
222
001323052

001324511
223
001327389

001331392
224
001331560

001332727
225
001332895

001335605
226
001335815

001338942
227
001339151

001341236
228
001341904

001344322
229
001344490

001346115
230
001348285

001349869
231
001351038

001352247
232
001352414

001355583
233
001355751

001359254
234
001402341

001405426
235
001405594

001408179
236
001408347

001411432
237
001411600

001413393
238
001413561

001416145
239
001416313

001418815
240
001418983

001420817
241
001420985

001422777
242
001424196

001425989
243
001426156

001427866
244
001430119

001433955
245
001436959

001438960
246
001439128

001441045
247
001442131

001444632
248
001444800

001447051
249
001447219

001449429
250
001449597

001450638
251
001450806

001454851
252
001457813

001459355
253
001459523

001502817
254
001502985

001506988
255
001507156

001509574
256
001509742

001511159
257
001512661

001515371
258
001522254

001525173

259
001533182

001535058
260
001535225

001537226
261
001537394

001538686
262
001555204

001557163
263
001558082

001601376


264
001603170

001608049
265
001608217

001611135
266
001611303

001614639
267
001615224

001618726
268
001618894

001620812
269
001621438

001623231
270
001624149

001627860
271
001630072

001631197
272
001631365

001634951
273
001639289

001640832
274
001641000

001643918
275
001644086

001646254
276
001646422

001648506
277
001648674

001651426
278
001652970

001654512
279
001654680

001656806
280
001657266

001659225
281
001700310

001703479
282
001704023

001707608
283
001709361

001710778
284
001711947

001713072
285
001714408

001718703
286
001718871

001720580

287
001720748

001723124


288
001723834

001725585
289
001726670

001727712
290
001728297

001729922
291
001731341

001732508
292
001735387

001736721
293
001737973

001740058
294
001740476

001742977
295
001743145

001746564
296
001747024

001750610
297
001751779

001753321
298
001753489

001755656
299
001756158

001757784
300
001757951

001759494
301
001759661

001802997

302
001803874

001806876
303
001808003

001810630
304
001812216

001813591
305
001814676

001816385
306
001817679

001818930
307
001820516

001823559
308
001826063

001827563
309
001828857

001832401
310
001832861

001835363
311
001836532

001838241
312
001839034

001841285
313
001841453

001844080
314
001844248

001845957
49
315
001846542

001848376
316
001848544

001850211
317
001850379

001853047
318
001853215

001856592
319
001856760

001859679
320
001900055

001901389
321
001902307

001905810
322
001905978

001908479
323
001910482

001912150
324
001913402

001915653
325
001920909

001923828
326
001925998

001929500
327
001929668

001932336
328
001933964

001937091
329
001937259

001939177
330
001939344

001942013
331
001951899

001953858
332
001954526

001958154
333
002001909

002003201
334
002003368

002005703
335
002005871

002007538
336
002007706

002009165
337
002009541

002011125
338
002011293

002013377
339
002014421

002018049
340
002019843

002021260
341
002021970

002024722
342
002026058

002029310
343
002029478

002031729
344
002034358

002037360
345
002037527

002039987
346
002040155

002043950
347
002044117

002047620
348
002047788

002049830
349
002049998

002053084
350
002054002

002055044
351
002055212

002058339
352
002058507

002102051
353
002102344

002103719
354
002106807

002109934


355
002112688

002115856
356
002116066

002118818
357
002119695

002122989
358
002128787

002132123
359
002135252

002138129
360
002138714

002142133
361
002142301

002144552
362
002144720

002148597
363
002157691

002200401
364
002201278

002203237
365
002205907

002207783
366
002208410

002209744
367
002211288

002213456
368
002213623

002216000
369
002216168

002220838
370
002221006

002223132


371
002223300

002227887
372
002229348

002231682