1
000005046

000006088
2
000006256

000007673


3
000007841

000010968


4
000011136

000012636
5
000013054

000017307
6
000017475

000020894


7
000021062

000024606


8
000024774

000027693
9
000027861

000030863
10
000032532

000033657
11
000033825

000036577
12
000036745

000040205
$40
13
000040373

000043375
14
000044919

000048422
15
000048590

000049673
16
000049841

000053177
17
000053344

000055721
18
000055889

000059183
19
000100560

000104229
20
000104397

000106398
21
000108610

000112613
22
000112906

000114740
23
000155824

000157157


24
000157325

000158408
25
000158576

000202204
26
000202455

000204081
27
000204791

000208669
28
000210004

000212923
29
000213091

000216468


30
000216636

000221014
31
000221182

000224393
32
000224561

000228021
33
000228982

000230357
34
000230775

000232317
35
000233736

000235487
36
000235655

000240367
37
000240827

000242244
38
000243454

000246123


39
000248668

000252546
40
000252714

000255340
41
000255508

000258510
42
000258678

000301221
43
000302056

000304099
44
000304267

000305851
45
000306019

000310105


46
000317906

000319198


47
000319365

000322618
48
000322785

000325412
49
000325580

000328707
50
000328875

000332336


51
000332503

000334171
52
000334339

000336924
53
000337091

000340135
54
000341262

000343180
55
000343348

000346266


56
000347602

000351521
57
000352440

000355359
58
000355526

000359863


59
000400031

000402616
60
000402784

000406036
61
000406412

000407996
62
000411167

000413835


63
000414003

000418423
64
000418591

000422803
65
000422971

000425764


66
000425932

000429142
67
000431729

000433272
68
000433439

000435899
69
000436234

000438610
70
000440071

000444783
71
000447370

000453041
72
000456254

000457462
73
000457630

000501383
74
000501551

000505178
75
000506055

000508015


4
76
000508182

000510017
77
000510184

000514021
78
000515898

000520777
79
000522071

000524114
80
000530872

000533498
81
000534834

000538003
82
000539297

000543175
83
000543343

000545969
84
000546971

000549431
85
000549599

000553393
86
000553561

000558565


40
87
000558733

000601068
88
000601235

000605072
89
000606657

000609618
90
000612789

000614790
91
000614957

000618627
92
000621297

000622756


93
000622924

000624383
94
000624550

000627761
95
000627970

000629388
96
000629555

000633308
97
000633476

000634559
98
000634727

000637771
30
99
000642026

000644152
100
000644320

000646071
101
000646239

000647656


102
000647824

000649074
103
000649242

000651076
104
000653663

000656498
105
000656666

000700085
106
000700253

000702796
107
000702964

000706007
108
000706175

000709261
109
000709429

000713223
110
000713391

000716351
111
000716519

000718812
112
000718980

000720856
113
000721023

000722899
114
000723067

000724693
115
000726821

000730991
116
000731200

000734494
117
000734662

000736955
118
000737123

000740709
119
000740960

000742752
120
000745089

000749009
121
000749177

000751178
122
000751345

000754848
123
000755016

000756933


124
000757101

000758602
125
000758811

000801730
126
000801898

000806151
127
000806360

000810947
128
000811115

000813867
129
000814160

000815952
130
000816204

000820665


131
000821918

000824294


132
000824462

000828757
133
000829842

000833428
134
000840019

000842854


135
000843022

000846399
136
000846901

000850237


137
000850404

000855617
138
000855785

000859329
139
000859497

000903166


140
000904168

000909005
141
000911509

000913343
142
000913511

000915929
143
000916097

000919516


144
000922937

000926731
145
000926941

000929985


146
000930152

000934823
147
000934991

000936408
148
000936576

000941788
149
000945793

000947836
150
000948004

000949546
151
000949714

000953883
152
000954635

000957387
153
000957555

000959639
154
000959849

001001516
155
001004520

001007314
156
001008816

001013361
157
001014614

001015697
158
001015865

001019367
159
001019535

001021369
160
001021537

001024623
161
001025082

001026541
162
001027835

001030170
163
001033382

001037344
164
001037511

001041181
165
001041349

001045977
166
001046604

001049689
167
001049857

001051483
168
001051651

001055445
169
001055613

001059366
16
170
001059533

001103203
171
001103371

001105038
172
001106624

001109584
173
001109752

001114130
174
001118594

001121262
175
001127436

001130397
176
001130564

001133191
177
001133359

001135568


178
001135736

001138780


179
001138948

001141116
180
001141283

001143910
181
001144078

001147080
182
001147248

001150667
183
001150835

001153044
184
001154714

001157006
185
001158884

001201136


186
001201303

001205306
187
001205474

001207767
188
001207935

001209936
189
001210104

001211938
190
001212106

001214482
191
001214650

001216526
192
001218154

001221614
193
001222491

001223867
194
001224034

001227537


195
001227705

001229873


196
001230040

001234335
197
001234503

001237464
198
001237673

001240592


199
001241427

001245764
200
001245931

001247432
201
001249477

001252103


202
001252271

001254439


203
001254607

001258526


204
001258694

001300236
205
001301947

001304324
206
001304492

001307035
207
001308412

001312624
208
001312875

001314751
209
001316128

001317253
210
001317421

001321049
211
001321217

001323092
212
001330559

001334354


213
001338275

001340944
214
001343280

001346032
215
001346200

001347283
216
001347451

001351120
217
001351288

001354874
218
001355042

001358086
219
001358295

001401256
220
001401465

001405009
221
001405219

001408429
222
001408597

001411975
223
001414520

001417188
224
001417648

001420358
225
001421485

001425572
226
001425739

001427907


227
001428075

001431119


228
001431787

001434247
229
001434456

001436124
230
001443924

001445800
231
001448679

001450471
232
001452057

001453516
233
001453726

001456269
234
001456437

001459147
235
001500524

001503192


236
001503485

001506321
237
001506906

001510783


238
001511535

001514078
239
001514288

001516581
240
001516749

001520001
241
001520210

001521336
242
001524006

001527550


243
001529762

001532847
16
244
001533015

001535558


245
001535726

001537977
246
001539438

001543232
247
001543400

001547236
248
001549573

001552241
249
001552409

001557205
250
001558248

001602335
251
001603295

001604963
252
001605130

001607590
253
001607758

001611052
254
001612930

001616349
255
001616517

001619352
256
001619520

001623147
257
001624066

001628695
258
001634368

001637036
259
001641834

001643960


260
001644128

001646379


261
001646547

001648881
262
001649383

001651551
263
001652636

001655972


264
001656682

001658349
265
001658517

001702603
266
001702771

001705398
267
001707067

001711487


268
001713365

001717035
269
001724126

001726836
270
001727629

001728921
271
001729089

001731716
272
001731884

001733968
273
001734136

001735970
274
001738891

001741684


275
001744438

001746397
276
001746565

001750735
277
001753155

001755573
278
001757284

001759077
279
001759286

001801954
280
001805667

001809128


281
001809838

001811422
282
001812174

001814092
283
001816095

001818137
284
001818305

001821182
285
001823018

001825728


286
001825938

001829982
287
001830150

001834529
288
001837074

001839158
289
001839326

001841410
290
001841620

001843746
291
001843914

001847917
292
001848085

001849627
293
001849795

001851254
294
001854299

001858678


295
001858846

001902348
296
001902516

001905434
297
001906353

001909063
298
001909648

001910773
299
001913152

001915194
300
001915404

001920241
301
001920409

001923619
302
001927040

001929125


303
001929293

001932253
304
001935799

001938676
305
001938844

001942054


306
001942222

001945892


307
001947644

001949437
308
001949605

001953399
309
001956904

001958821
310
002005412

002007205
311
002008081

002010249
312
002010417

002013127
313
002013754

002016005
314
002016173

002020051
315
002020260

002022887
316
002024514

002026974
317
002027142

002030978
318
002031188

002033231
319
002033398

002035358
320
002035525

002038986
321
002040197

002042657
322
002043367

002046661


323
002046828

002050081
324
002050832

002053834


325
002054002

002056921
326
002058173

002100716
327
002100884

002102134
328
002102302

002105596
329
002105764

002108015
330
002108183

002110726


331
002110936

002112687
332
002112854

002114188


333
002119987

002121320
334
002122281

002124073
335
002125033

002128911
336
002129121

002130830
337
002131290

002134875


338
002135043

002138296
339
002138505

002140923


340
002141091

002145011
341
002156940

002158316
342
002159026

002200651
343
002207159

002209618
344
002209786

002212121
345
002213623

002216042


346
002219546

002221630
347
002222883

002225259
348
002227179

002228721
349
002229639

002239065
350
002240692

002243027
351
002244446

002246572
352
002246823

002249492


353
002249659

002251494
354
002251661

002254121
355
002254289

002257833


356
002259878

002302463