1
000008675

000011427


2
000011594

000014013
3
000016558

000019351


4
000019519

000020978
5
000024107

000027151


6
000027777

000030195
7
000030363

000032406


8
000032574

000035117


9
000039205

000040873
10
000043626

000047588
11
000051051

000056680
12
000056890

000100934


13
000101144

000105439
14
000107025

000109651
15
000109819

000113530


16
000115241

000116992
17
000117160

000122414
18
000123792

000125584
19
000125752

000127586
20
000208503

000210379


21
000210547

000212297
22
000212465

000216718
23
000216886

000219596


24
000219764

000223058
25
000223226

000225686
26
000227063

000229857


27
000230024

000232776
28
000235738

000236780
29
000238533

000244788
30
000252505

000255174
31
000257969

000259928
32
000301472

000303056


33
000303224

000306727


34
000306895

000309897
35
000310064

000311982


36
000312150

000314902
37
000315069

000316820
38
000316988

000320240


39
000322744

000324745


40
000324913

000326705
41
000326873

000330584
42
000330752

000333795
43
000333963

000336924


44
000337675

000340594


45
000340762

000343805
46
000348853

000350103


47
000350271

000355442
48
000356110

000400113
$6
49
000400323

000402950


50
000403117

000406536


51
000407956

000409748
52
000413503

000415212
53
000415380

000416964
54
000417131

000420217
55
000423096

000425055
56
000425223

000427266
57
000427433

000429184
58
000429352

000434564
59
000434732

000437317
60
000437485

000439027
61
000439487

000442656
62
000442824

000444783
63
000444951

000447077
64
000447245

000449246
65
000449998

000451290
66
000451499

000454960
67
000455169

000500424
68
000502802

000505762


69
000510727

000512853
70
000514397

000518608
71
000520695

000524906
72
000527618

000530996
73
000532999

000535042
74
000535209

000538962
75
000539130

000541131
76
000541299

000545177
77
000545345

000548805
78
000550850

000553643
79
000554854

000557856
80
000558024

000600817
81
000600985

000605697
82
000606324

000608533
83
000608701

000612162
84
000612330

000616333
85
000618419

000621546


86
000625468

000627719


87
000627887

000630013
88
000635311

000637270
89
000637438

000640982
90
000642193

000644111
91
000644278

000648073
92
000648241

000650867
93
000651577

000655288
94
000655540

000701128
95
000701337

000705090
96
000705299

000710262
97
000710471

000714015
98
000714183

000717436
3
99
000717603

000719104
100
000724193

000726945


101
000729407

000731783
102
000739750

000742169


103
000743045

000746256
104
000746507

000749301
105
000749552

000753638


106
000755766

000758852
107
000800938

000803440
108
000803649

000807652
109
000808404

000812824


110
000813534

000816578
111
000816829

000821249
112
000833012

000836431
113
000837475

000843772
114
000843940

000846775
115
000846943

000847984


116
000848152

000851446
117
000851697

000853865
118
000854033

000856535
119
000857662

000900288
120
000900456

000902749
121
000902917

000906211
122
000906379

000910006
123
000910174

000913843


124
000914011

000916054
125
000916222

000917722
126
000917890

000923520
127
000923729

000927274
128
000928192

000931528
129
000936033

000939953
130
000941038

000945750
131
000945918

000948753
132
000948921

000951798
133
000951966

000953258


134
000953426

000956720
135
000956887

000958513
136
000958681

001001641
137
001001809

001004144


138
001004312

001007105
139
001007315

001010650
140
001018492

001020619


141
001020786

001022954
142
001023122

001025957


143
001026125

001031171
144
001031339

001032964


145
001033132

001035550


146
001035718

001038803
147
001038971

001043975
148
001044143

001048188
149
001048606

001053401


150
001054278

001057572


151
001057782

001101618
152
001101827

001104829
153
001104997

001106831


154
001107041

001110168
155
001110336

001112754
156
001112922

001115215
157
001115383

001117592
158
001117760

001119969
159
001122014

001123723
160
001123891

001127227
161
001127395

001131231


162
001132483

001135318


163
001135486

001138822


164
001140116

001142367
165
001146372

001149374
166
001149542

001152419
167
001152586

001154838
168
001157007

001158299
169
001158467

001200802

170
001200970

001203680
171
001203848

001207517


172
001208102

001213273
173
001218863

001223032


174
001225119

001227537


175
001227788

001231833
9yearold
176
001232084

001234252
177
001235212

001238840


178
001240426

001243845
179
001244054

001248516
180
001248726

001250894
181
001255149

001257984
182
001258152

001300153
183
001300321

001305575
184
001305743

001308870
185
001309038

001311748
186
001311916

001314501
187
001314668

001317253
188
001318172

001320340
189
001320508

001322300
190
001323511

001325553
191
001325721

001327847


192
001328015

001331601


193
001331811

001334646


194
001334814

001337190
195
001337358

001338733
196
001338901

001342862
197
001348410

001353122
198
001355459

001356709


199
001356877

001401506
200
001401674

001404050
201
001404218

001406636
202
001406804

001407846
203
001408013

001413268
$200
204
001413936

001416354


500
205
001416897

001419399


600
206
001419567

001420608
207
001420776

001423653
208
001423821

001425947


209
001426115

001429659
210
001430369

001434414
211
001434582

001436207
212
001437751

001442922
213
001443090

001444507
214
001446802

001448011
215
001449763

001453474
216
001453642

001456644
217
001456854

001500440
218
001500608

001503234


219
001505529

001509782
220
001509950

001512785


221
001512995

001517332


222
001517499

001520001
223
001524757

001529344
224
001529553

001532639


225
001532806

001537018


226
001537186

001539437
227
001541023

001544233


228
001545611

001548571
229
001548739

001551783


230
001551951

001554452
231
001554620

001557538
232
001559375

001602085
233
001602252

001603294
234
001603462

001606172
235
001606340

001608716
236
001610219

001613680
237
001613847

001618267


238
001618435

001621187
239
001621397

001624232
240
001626986

001628319
241
001629196

001634951
242
001635828

001639580
243
001639748

001641833


244
001642001

001646713
245
001646880

001649674
246
001651176

001652844
247
001655681

001658933
248
001659101

001700685
249
001700853

001705314
250
001705524

001706983
251
001708193

001710903
252
001711071

001713573
253
001713741

001718745
254
001718996

001723374
255
001723542

001726753
256
001726920

001729756
257
001731216

001733593
258
001733761

001738347
259
001738557

001741934
260
001742144

001745855


261
001746023

001750234
262
001751070

001754989
263
001755949

001758910
264
001759119

001802080


265
001802247

001804290
266
001804708

001807960
267
001808754

001810713


268
001810923

001814217


269
001824812

001828189
270
001828398

001831109
271
001837825

001839408
272
001842788

001844622
273
001848168

001849961
274
001850379

001855633


275
001855801

001857802
276
001902349

001907311
277
001907479

001912608
278
001912776

001914944
279
001916238

001918030
280
001918907

001921868


281
001922077

001926747
282
001926915

001931210
283
001931378

001933004
284
001940345

001941804


285
001941972

001946934
286
001947102

001949187
287
001949354

001954400
288
001954568

001958362
289
001958530

002004327
290
002006997

002011375


291
002011585

002014879
292
002016673

002019508
293
002019676

002023095
294
002023305

002025181
295
002025390

002027391
296
002027559

002030061
297
002030229

002033731
298
002034399

002036359
299
002036610

002040863
300
002041031

002044367
301
002044576

002048537
302
002048914

002053542
303
002056213

002100091
304
002108100

002111185


305
002111395

002113062
306
002113272

002115731


307
002115941

002118526
308
002118777

002123281


309
002125158

002129120


310
002137713

002141007
311
002141717

002147263