1
000002377

000004545
2
000004713

000006714

3
000006881

000008507
4
000009968

000013762
5
000013930

000016890
6
000017058

000018517
7
000018893

000021103
8
000021771

000024106
9
000024274

000026567

10
000027318

000029945


11
000030113

000031321


12
000031489

000033490


13
000034743

000036285
14
000036453

000037828
15
000038955

000041331
16
000129631

000131298
17
000131466

000133884
18
000134052

000136220
19
000137847

000139556
20
000139724

000141100
21
000141893

000144478
22
000146314

000148398
23
000148566

000151151


24
000154781

000157241
25
000157408

000159034
26
000159202

000203288
27
000203456

000206917
28
000207460

000211588
29
000211756

000214007
30
000214175

000218220
31
000218388

000220722
32
000220890

000223809

33
000226271

000228772
34
000230608

000231984
35
000236823

000239783
36
000240618

000244204


37
000244956

000247499
38
000248084

000249585
39
000249752

000251461
40
000251629

000252671
41
000252839

000254882
42
000255049

000258677
43
000258845

000302472
44
000302640

000305684


45
000305852

000307936
46
000308104

000310731
20
30
47
000312108

000313567


48
000313735

000316153
49
000316321

000319156
50
000319324

000321283
11
51
000321451

000325704
79
52
000326581

000328874
53
000329042

000332085

54
000332253

000334588
55
000336341

000339134
56
000340637

000342012


57
000342180

000345474
58
000345642

000347601
59
000347769

000349561
60
000350396

000352314
61
000354025

000356568
62
000357862

000359071
63
000359239

000402366
64
000402742

000406954


65
000407372

000409122
66
000409290

000413502
67
000413962

000416964


68
000417173

000420550

69
000420718

000423178
70
000426724

000429476
71
000429644

000433730
72
000433898

000436149
73
000436317

000437776
74
000437986

000441863
75
000442031

000446034
76
000446202

000450163


77
000450790

000452791
78
000458840

000501174
79
000508558

000510100
80
000510268

000514146
81
000514314

000516606
82
000517191

000519401
45
83
000519569

000521695
84
000543843

000545302
85
000549098

000551016
86
000551184

000554227


87
000554812

000556855
88
000557023

000558940
89
000607450

000609743
90
000609911

000613246
91
000613414

000616333
92
000616501

000619628
93
000622048

000623632
94
000623800

000626802


95
000626969

000628345
96
000628513

000630013

97
000631182

000633975


98
000634143

000635727


99
000635895

000637562


100
000637730

000640649
101
000640817

000642526
102
000642693

000646321
103
000648533

000650659
104
000656207

000658834
105
000708928

000712180
106
000712348

000714558
107
000714725

000716476
108
000716644

000719479
109
000719981

000722357
110
000722525

000724985
30
111
000725153

000727863
112
000728990

000731575
113
000734579

000737706
226
114
000738958

000742252


115
000754849

000756600
116
000756767

000759728
117
000800146

000801938
118
000804734

000807527
119
000807737

000810572
120
000811282

000813158
121
000814035

000815368
122
000816204

000820165
100
123
000820333

000821458
124
000821626

000823585
125
000826422

000831426
126
000831594

000833595
127
000833763

000837057
325
128
000837225

000838975
129
000839143

000842979
130
000845149

000846525
131
000848653

000851363
132
000851864

000853198
133
000853533

000856076
134
000856786

000858411
135
000858579

000900205


136
000900373

000902582
137
000903334

000905168


138
000905336

000908004
139
000912510

000914010
140
000926315

000929734
141
000937493

000939035
142
000940246

000941288
143
000941455

000943373


144
000944667

000946418
145
000946586

000948169
146
000948337

000950297
147
000950506

000952507
148
000952675

000954968
149
000955136

000957053


150
000957221

000958930
151
001002351

001003560
152
001003728

001006688


153
001006856

001010525
154
001010693

001012694
155
001012862

001014154
156
001015906

001017657
157
001017825

001021703
158
001023164

001026249
159
001028127

001030128
160
001030296

001032422
161
001032590

001035383
162
001035801

001039346
163
001041974

001044809
164
001047813

001049356
165
001049523

001051983


166
001052151

001056196
167
001056364

001058490
168
001059909

001102535
169
001102703

001104621
170
001104789

001106748
171
001108084

001111294
172
001111462

001112754
173
001113381

001116466
174
001116759

001118343


175
001118511

001120136


176
001120304

001123473
177
001125685

001128687


178
001128854

001130689
179
001130856

001134526
180
001137196

001138238
181
001138406

001139698
182
001140950

001143535
183
001149375

001151543


184
001151711

001153962


185
001154130

001156256

186
001156507

001158550
187
001158718

001201845
188
001207435

001209269
189
001218028

001219696
190
001219905

001222449


191
001223784

001225452
192
001225619

001228455
193
001228622

001231332
194
001233335

001235170
195
001235337

001239966
196
001242344

001245555
197
001246015

001247265
198
001247433

001250226
199
001252855

001256191
200
001257777

001300320
201
001300488

001303948
202
001307661

001308828
203
001308996

001311873
204
001312041

001313792
205
001314794

001316044
206
001317588

001320673
207
001320883

001323510
208
001325304

001327263
209
001327431

001329974
210
001330476

001331768
211
001331936

001335480
212
001335648

001338775
213
001340736

001343154
214
001343322

001345949
215
001346116

001347826


216
001347993

001350203
217
001351539

001353957
218
001354124

001356251
219
001356418

001358169
220
001358337

001359838
221
001400297

001402465
222
001402633

001404759
223
001404927

001408263
224
001408430

001410765


225
001410933

001413226


226
001413394

001416771


227
001417356

001419357
228
001419525

001421150
229
001421318

001423194


230
001431871

001434706


231
001434874

001438042
232
001438210

001441629
233
001441797

001446968
234
001448470

001450722
235
001450890

001454142
236
001455519

001457186


237
001457354

001459105


238
001459648

001502275


239
001502693

001504110
240
001506739

001508656
241
001508824

001510909
242
001512161

001515872


243
001516832

001519250
244
001520419

001523504
245
001523672

001526507
246
001528135

001530053
247
001530220

001532805
248
001534892

001538394
249
001538562

001539979
250
001540648

001541773
251
001542232

001543691
252
001543901

001547195
253
001547363

001550573
254
001552826

001554202
255
001556914

001600667
256
001602836

001607882
257
001609176

001611719
258
001611887

001615181
259
001616266

001619310
260
001621689

001625233
261
001626443

001629195


262
001629363

001632991
263
001633158

001634283
264
001638372

001640123
265
001641458

001642792
266
001642960

001645586
267
001645754

001648965
268
001649133

001652051


269
001652219

001654971
270
001655139

001658349
271
001658517

001701394
272
001701562

001703229
273
001707192

001709444
274
001710779

001712572


275
001712740

001715992
276
001716160

001719454
277
001719621

001722832
278
001723000

001725376
279
001726628

001730965
280
001731133

001732925
281
001733093

001734469
282
001741185

001742769
283
001744271

001745354
284
001747024

001748941


285
001749109

001750109
286
001750277

001753362
287
001753530

001755573
288
001755741

001757533
289
001758410

001759911
290
001800079

001801746


291
001801914

001804499
292
001804666

001805666
293
001805834

001808836


294
001809004

001811923


295
001812091

001815009


296
001816553

001817970
297
001818138

001820389


298
001820557

001823518
299
001824770

001826354
300
001827064

001828606
301
001828774

001832068


302
001832236

001833569
303
001833821

001835113
304
001835280

001836739
305
001837991

001839867
306
001840577

001844038


307
001847292

001849377
308
001849545

001850670
309
001850838

001852296
310
001852464

001854006
311
001854174

001856467
312
001856635

001900471
313
001902808

001904559
314
001906270

001908896
315
001909064

001911357
316
001916238

001917613
317
001917781

001920241
318
001921201

001925580


319
001926206

001929834
320
001932546

001934130
321
001937050

001938551
322
001939720

001941846
323
001945684

001947643
324
001947811

001950188


325
001952357

001954692
326
001954860

001958738
327
002000699

002003034


328
002003785

002006495
329
002010292

002012960
330
002013128

002014378
331
002015172

002018466
332
002018634

002019675


333
002019843

002022511
334
002022679

002024764


335
002024973

002029477
336
002031480

002033105
337
002033273

002037109
338
002040739

002042823


339
002042991

002044533
340
002045285

002046786
341
002046954

002049997
342
002052417

002054335
343
002054503

002055711
344
002055879

002058297
345
002058465

002059799
346
002059967

002103386
347
002103553

002106973
348
002109685

002110810
349
002110978

002114230


350
002114398

002116148
351
002116316

002117692
352
002118068

002120778


353
002125826

002127201
354
002129121

002130621
355
002131373

002133457
356
002135168

002136877


357
002137587

002139588


358
002139756

002141674
359
002142426

002145261


360
002147347

002148848
361
002149016

002151017
362
002151184

002155354
363
002155522

002158024
364
002204698

002206657
365
002206825

002211954
366
002212205

002216834
367
002217878

002218961
368
002219212

002222131
369
002224259

002226510
370
002226678

002230723
371
002231558

002234810
372
002236021

002238105
