1
000008341

000010050
2
000010552

000011844
3
000012095

000015097
4
000018143

000020936
5
000021187

000024023
6
000025775

000029862
7
000034617

000035701
8
000037829

000041749
9
000042459

000046962
10
000056014

000057222
11
000147023

000148190


12
000148358

000150943


5th
13
000151236

000153529
14
000153738

000156365


15
000200870

000202037
16
000202539

000205958
17
000207293

000209545


18
000209712

000212881


19
000213550

000215884
20
000216177

000219304
21
000220682

000222891
22
000223184

000227437
23
000231067

000233402
24
000233695

000235195
25
000239075

000240075
26
000241578

000242619
27
000242787

000245789
28
000246249

000247791
29
000248084

000250627
30
000250920

000254756
31
000259929

000301471
32
000301764

000303515
33
000304225

000305434
34
000305602

000306977
35
000307270

000309146
36
000311316

000312441
37
000312775

000314234
38
000317614

000319156
39
000320783

000324828
40
000325121

000327289
41
000327498

000329666
42
000329876

000332127


43
000332337

000333670
44
000335632

000337799
45
000338259

000339968
46
000340178

000342137
47
000342305

000344806
48
000345183

000347517
49
000347769

000349353


50
000349562

000351146


51
000351356

000353815


52
000354192

000356193
53
000356402

000358862
54
000359072

000401323
55
000402325

000403992
56
000404494

000406495
57
000408289

000411291
58
000411584

000415671
59
000415922

000419007
60
000422845

000426431
61
000426683

000429601
62
000430561

000433021
63
000433856

000435107
64
000436609

000440070
65
000447704

000448954


66
000449956

000453417
230
67
000453626

000457337
68
000457547

000459214
69
000459424

000501216
70
000503720

000507431
71
000508057

000509057
72
000510893

000513395
73
000513604

000517566
74
000517775

000520569


75
000520737

000524072
76
000526659

000528243


77
000528453

000530620
78
000530872

000531872
79
000534167

000535959
80
000537587

000538628
81
000545386

000548096
82
000549432

000550599
83
000550808

000552642


84
000555605

000558482
85
000558775

000601943
86
000602779

000605197
87
000605448

000607324
88
000609702

000611703
89
000615291

000616458
90
000616667

000618627
91
000618836

000621797
92
000626511

000629638
93
000629847

000631473


94
000631682

000636019
95
000637563

000640148


96
000640316

000642984
97
000643152

000645195
98
000648366

000650033


99
000650326

000653245
100
000653496

000654496
101
000654747

000656998
102
000657166

000701503
103
000701671

000702963
104
000704006

000706174
105
000707176

000708218
106
000708469

000710846
107
000712390

000716351


108
000716561

000720230
109
000720898

000722023
110
000723860

000725694
111
000725987

000727362
112
000737748

000742002
113
000742211

000744713
114
000744881

000747007
115
000747216

000749926
14
116
000750928

000751928
117
000752930

000756558
118
000759562

000801563


119
000801814

000804232
120
000804525

000806109


121
000809447

000810739
122
000811032

000814784
123
000815077

000818914
124
000819123

000822042
125
000822251

000825253
126
000827798

000830342
127
000830593

000832135
128
000832428

000834095
129
000835598

000836932


130
000837183

000838433
131
000839101

000840268
132
000840603

000844147
133
000845483

000848360
134
000848611

000853073
64
135
000853658

000858286
136
000903334

000905126
137
000905336

000906628
138
000911300

000912801
139
000913010

000915303


140
000915513

000919975
141
000920184

000922394
142
000922645

000924854
143
000925147

000926856
144
000927149

000929651
145
000931612

000933905
146
000934156

000936116
147
000936325

000938910
148
000939537

000940620
149
000945376

000946668
150
000946877

000948003
151
000948254

000951840
152
000952049

000955635
153
000957847

001000140
154
001000349

001004185
155
001005521

001008732
156
001013195

001016031
157
001016240

001018033
158
001020411

001023788
159
001024040

001025040
160
001026917

001028960
161
001029211

001030420
162
001031297

001032589
163
001032757

001034507
164
001037219

001039262
165
001045102

001046936


166
001047229

001049564


167
001049815

001051066
168
001051275

001052901
169
001053110

001055403
170
001055613

001058782
171
001059575

001101701
172
001101911

001104079
173
001104413

001107457
174
001107708

001109250
175
001109919

001111086
176
001111295

001113797
177
001114006

001116299
178
001120930

001121971
179
001122223

001125767
180
001132650

001135735
181
001145121

001146788
182
001147039

001150083
183
001159176

001200635
184
001205307

001206850
185
001209895

001212313
186
001219155

001226161
187
001226704

001229414
188
001231208

001232917
189
001234003

001237005


190
001243679

001246222
191
001246432

001248683
$10
192
001253314

001254731
193
001254982

001258443
194
001258652

001300612
195
001301030

001303239
196
001306452

001309746
197
001309955

001311414


198
001311665

001313917
199
001314126

001315877
200
001316128

001318379
201
001318631

001321800
202
001322009

001323968
203
001326055

001328431
204
001332895

001334979
205
001335231

001337440
206
001339401

001342403
207
001344615

001345824
208
001346033

001348493
209
001349078

001350870
210
001351038

001353498
211
001353666

001354958
212
001357127

001358461
213
001403509

001404843
214
001405344

001408513
215
001411016

001413977
216
001414770

001415979


217
001416272

001419941
218
001420234

001423528
219
001424864

001428741

430

220
001428951

001431494
221
001432079

001434956
222
001436876

001438376


223
001438627

001440128
224
001441338

001442922
225
001443632

001446384
226
001446594

001448761
227
001449013

001453474
228
001453726

001456644


229
001457980

001459814
230
001500024

001501357
231
001506322

001507572
232
001508198

001510450
233
001513787

001515580
234
001515789

001519208
247
235
001520044

001521419
236
001524173

001526591
237
001529011

001530887


238
001531138

001533056
239
001533223

001534307
240
001534475

001537185
241
001538228

001539687


242
001539897

001541022
243
001541273

001544734
244
001549114

001552533
245
001553369

001557789
246
001559875

001601960


247
001604046

001605380
248
001605631

001609467
249
001610260

001612095
250
001612388

001614305
251
001614556

001616182
252
001616433

001619227


253
001634702

001637996
254
001638205

001640248


255
001640416

001642166
256
001643836

001645586
257
001645838

001648506
258
001649174

001652218
259
001652428

001655680
260
001655931

001657932
261
001659685

001703062
262
001703313

001706941
263
001707192

001709277
264
001709486

001713573
265
001714950

001716367
266
001717953

001719120
267
001725252

001727587


268
001728130

001731174
269
001731425

001733217
270
001733469

001735094
271
001735345

001739223
272
001739767

001740808
273
001741018

001742393
274
001742978

001746439
275
001746940

001749358
276
001749610

001751944
277
001752196

001755156
278
001755365

001758367
279
001758577

001802497
280
001803082

001804373
281
001807795

001810421
282
001815344

001819847
283
001820099

001822683
284
001822935

001824936
285
001826772

001830024
286
001830317

001831526
287
001831777

001833361
288
001833570

001835113
289
001835322

001837573
290
001837825

001841119
291
001842412

001843788
292
001844039

001846332
293
001846583

001848584
294
001850212

001852338
295
001852589

001856259
296
001858887

001900263
297
001900556

001902140
298
001902558

001906102
299
001906436

001909438
12yearold
300
001917030

001918823
301
001920909

001924328
302
001924538

001926122

303
001928834

001931335
304
001931587

001933421
305
001933630

001935298
306
001938218

001941971
307
001942181

001944682
308
001946351

001948394


309
001948604

001950938


310
001953525

001956360
$10
311
001958405

001959697
312
002006455

002009207
313
002009458

002011500
314
002012294

002014962
315
002015214

002018132
316
002019051

002021802
317
002022054

002023471
318
002025140

002027642


319
002035192

002036817
320
002045994

002046994
321
002049831

002053084
322
002101426

002103511
323
002115315

002117650
324
002117859

002120319
325
002123949

002125199
326
002129204

002131539


327
002132249

002136127
328
002136461

002138546


329
002138714

002142550
330
002142926

002144468
331
002147764

002148889
332
002149391

002150850
333
002151727

002152727
334
002156732

002157898
335
002158900

002201068