1
000002544

000004545
2
000005672

000007464
3
000007674

000009341
4
000010468

000012052
5
000012721

000013762
6
000014014

000016390
7
000016641

000019977
8
000020186

000022479
4
9
000023064

000024982
10
000025233

000028110
11
000028820

000030195
12
000030447

000033157
13
000033408

000036577
14
000037912

000039997
15
000040248

000043542
4
16
000043752

000045294
17
000045503

000047087
18
000047881

000049173
19
000050508

000052301
20
000052552

000054970


21
000055597

000057639
22
000057849

000100893
23
000101144

000103896
24
000104105

000106607
25
000107984

000111320
26
000111488

000112488
27
000114282

000117785
28
000118036

000120621
29
000120830

000121914
30
000122165

000125542
31
000126795

000129421
32
000210380

000213340
33
000213591

000215509
34
000215760

000217219
35
000217428

000219096
36
000220265

000221390
37
000221641

000225644
38
000225854

000228647
39
000229691

000232442
40
000232652

000235529
41
000236990

000239950
42
000240160

000241994
43
000243413

000244705


44
000244956

000246373
45
000246583

000250127
46
000252505

000255174
47
000255383

000256425
48
000256634

000259136
49
000259387

000301138
50
000301472

000303056
51
000304142

000306852
52
000307103

000308520
53
000308730

000310564


54
000312025

000316111
55
000316362

000319573
56
000319824

000322075
57
000322327

000324953
58
000326164

000327247
59
000331878

000335380
60
000340470

000341678


61
000341930

000344056
62
000344265

000346850
63
000347060

000350812
64
000351022

000354274
65
000356319

000358737
66
000359906

000400989
67
000401407

000402532
68
000403076

000405118
69
000405828

000408705
70
000409666

000411166
71
000411501

000415212
72
000415421

000418382
73
000418633

000421885
74
000424222

000425764


75
000425932

000430435


76
000430687

000434022


77
000434274

000436108
78
000436317

000439027


79
000439237

000440279
80
000441739

000443365


81
000443574

000447661
82
000447870

000450289
83
000450873

000454209
84
000454627

000456503
85
000456713

000459047


86
000459299

000500882
87
000501134

000504344
88
000504595

000507973
89
000510435

000512394
90
000513271

000516523
91
000516733

000519693
92
000519902

000521862
93
000522071

000523155
94
000523323

000528243
95
000528453

000530912
96
000531122

000533498
97
000535293

000537044


98
000538921

000541173
99
000541549

000544468
100
000545887

000548513
101
000549140

000551183
102
000551434

000554353
103
000554729

000557189
104
000558232

000559274
105
000606532

000608658
106
000608910

000610744
107
000613831

000618251
108
000620004

000622005
109
000622215

000623840
110
000626344

000628470
111
000628679

000630806
112
000631015

000632099
113
000632266

000634976
114
000635228

000637229
115
000637480

000640565
116
000642485

000645987
117
000646239

000649533
118
000652912

000655831
119
000656040

000658291
120
000701796

000705173
121
000705425

000707175
122
000707427

000709761
123
000709929

000712431
124
000712640

000716309
125
000718980

000721022
126
000721232

000723108
127
000725820

000728447
128
000728656

000731241
129
000731826

000733577
130
000733828

000735120
131
000735371

000737622
132
000737874

000741042
133
000741294

000745172
134
000745381

000747215
135
000747467

000749634
136
000750094

000752512
137
000753389

000756183
138
000800480

000803273
139
000805902

000808778
140
000809030

000812240
141
000812492

000814034
142
000814243

000817537
143
000817747

000819623
144
000819874

000820999
145
000821209

000823376
146
000823628

000825462


147
000828174

000830467
148
000830968

000832969
149
000833179

000836306
150
000839519

000841895
151
000843231

000844856
152
000845066

000848109


153
000855076

000859663
154
000900873

000903708
155
000905086

000907212
156
000907463

000911132
157
000911592

000914678
158
000914929

000916888
159
000917974

000921017
160
000921227

000924062
161
000925189

000928316
162
000928526

000931152
163
000931988

000933029
164
000933739

000935949
165
000938744

000941246
166
000941455

000943790
167
000944041

000947836
168
000952717

000955385
169
000955636

000957304
170
000957513

001002100
171
001004562

001008273
172
001009108

001011234
173
001011444

001013820
174
001015031

001016281


175
001016490

001017991
176
001024373

001027334
177
001027543

001031212


178
001031589

001035300
179
001035551

001037719
180
001037970

001042098
181
001043434

001044934
182
001045144

001048980
183
001049190

001051232
184
001051442

001052484
185
001052735

001055236
186
001055488

001057489
187
001057740

001059532
188
001100076

001102452
189
001109335

001113505
190
001115633

001119761
191
001119970

001121388
192
001121639

001126142
193
001126352

001130355
194
001130564

001133066
195
001133734

001138530
196
001138739

001143076
197
001148374

001149374
198
001149625

001152210
199
001152420

001156089


200
001158509

001159759
201
001200010

001203763
202
001203931

001207058
203
001207643

001211688
204
001212231

001214482
205
001214734

001216860
206
001217069

001219988
207
001220239

001224367
208
001226412

001230206
209
001230458

001231875
210
001233544

001237505


211
001238215

001241134


212
001241302

001243887
213
001244096

001245638
214
001251020

001253897
215
001254106

001256316
216
001256567

001258193
217
001258444

001300445
218
001300988

001304783
219
001304992

001307577
220
001307787

001311206
221
001311457

001313416
222
001313626

001316920
223
001318047

001319964
224
001320716

001321883
225
001322051

001324636
226
001326096

001329641
227
001331477

001332769
228
001339276

001340902
229
001341612

001342821
230
001343906

001345698
231
001347451

001351037
232
001352581

001353581
233
001354291

001355708
234
001357044

001359087
235
001359547

001402674


236
001402925

001407220
237
001408722

001409764
238
001410766

001412684
239
001412893

001415103
240
001415354

001418481
241
001418691

001419816
242
001421068

001423027
243
001423237

001426197
244
001427116

001431160
245
001431954

001434706
246
001439378

001441921
247
001442172

001446175
248
001447177

001450346
249
001450556

001452849
250
001453225

001454225
251
001454685

001457854
252
001459982

001503067
253
001503319

001507447
254
001507698

001508740
255
001510159

001513286
256
001513537

001516331
257
001516582

001520209
258
001520419

001521711


259
001521921

001524047
260
001524381

001527926


261
001528093

001529969
262
001531680

001534641
263
001535267

001536476
264
001539980

001541648
265
001541899

001544067
266
001546445

001547904
267
001548530

001549697
268
001559625

001600625
269
001601669

001603294
270
001610260

001611761
271
001612513

001613888
272
001614098

001616099
273
001616308

001618559
274
001618769

001622313
275
001622564

001624607
276
001627945

001628987
277
001629238

001631197
278
001631448

001635076
279
001637162

001641207
280
001642835

001644460
281
001644670

001647338
282
001647589

001648840
283
001651593

001653428
284
001653679

001656639
285
001658851

001701561
286
001701770

001704022


287
001709111

001710695
288
001712740

001714449
289
001714950

001717785
290
001720539

001722582
291
001724960

001726335
292
001729923

001730965
293
001731425

001733760
294
001734011

001737180
295
001739558

001743019
296
001745314

001748441
297
001748942

001751277
298
001753280

001755990
299
001756200

001758284
300
001759995

001801037
301
001801872

001802914
302
001803123

001806667
303
001806877

001809921


304
001811340

001813299
305
001813509

001815551
306
001815719

001820139
307
001820390

001823226
308
001823769

001825561
309
001825771

001828106
310
001828357

001829982
311
001830192

001833528
312
001833779

001838157
313
001840828

001844080
314
001846083

001849544
315
001850045

001853756
316
001857136

001859095
317
001859555

001901848
318
001902057

001904892
319
001905102

001907311
320
001909022

001912775
321
001913026

001914610


322
001914862

001917280
323
001919950

001922493
324
001922661

001925621
325
001925873

001927707
326
001927875

001929458


327
001933380

001935214
328
001935465

001938801
329
001940637

001943139
330
001943640

001944682
331
001945267

001947560
332
001947811

001951480
333
001956361

002000239
334
002002951

002005536
335
002006997

002009874
336
002012836

002016881
337
002018759

002020718
338
002023472

002027558
339
002028060

002030478
340
002033232

002037610
30
341
002038695

002042031
342
002043784

002048037
343
002048288

002050248
344
002052876

002054919
345
002055128

002058422
346
002059633

002102843
347
002103053

002105930
348
002106181

002109058
349
002111019

002112144
350
002112354

002113479
351
002113730

002115690
352
002117359

002118693
353
002118944

002123864
354
002125325

002130121
355
002130330

002133165
356
002135460

002138296
357
002138547

002141757
358
002141967

002143884
359
002146638

002148472


360
002148724

002150516
361
002152102

002156814
362
002157607

002159734
363
002205365

002207325
364
002207576

002209910
365
002210746

002214623
366
002214833

002218085
367
002218295

002219295
368
002222049

002224133
369
002224343

002226635