1
000008299

000010551
2
000010719

000013470
3
000013638

000016724
$100
4
000017267

000018684
5
000018852

000021311
6
000021479

000025774
7
000025942

000029194
8
000029362

000032573
9
000034159

000037578
10
000037746

000040289
11
000041082

000044043
12
000045211

000048380
13
000048590

000050215
14
000050383

000054511
15
000054679

000057097
16
000057265

000058474
17
000058641

000100309
18
000103438

000104897
19
000155740

000158408
20
000158576

000159993

21
000200161

000203122
22
000203289

000205290
23
000205458

000209753
24
000209921

000211088
25
000212090

000214174
9850
26
000214342

000216343

&
27
000216511

000220222
28
000220390

000222391
29
000222559

000225144


30
000226980

000229189


31
000230733

000232359
32
000234279

000235362
33
000240618

000241952

&
34
000242120

000243787


35
000244581

000248333
36
000250920

000251962
37
000252130

000255757
38
000255967

000257009
39
000257177

000302014
40
000303808

000305184
41
000305351

000307561
42
000307729

000310439
43
000310607

000312983


44
000313151

000314610

45
000314777

000316820


46
000316988

000319865
47
000320033

000322117
48
000322285

000323535
49
000327207

000329708
50
000329876

000331293
51
000331461

000334129
52
000334297

000336340
53
000336507

000339426
54
000340053

000342429
55
000342597

000344681
56
000345391

000347559


57
000347727

000351897
58
000352857

000354942
59
000355610

000357527
60
000357695

000358820
61
000358988

000402741
62
000407372

000409623
63
000409791

000412209


64
000413753

000416255
65
000416422

000419132
66
000419300

000423011

$102

9850
67
000423179

000425847
68
000427517

000429685
69
000429852

000432729
70
000432897

000434940
71
000435108

000439444
72
000448371

000449413
73
000449580

000451540
74
000451708

000455085


75
000455253

000458171
76
000458339

000500549
77
000501092

000502884


78
000503052

000507306
79
000507473

000509266
80
000509434

000511560
81
000513313

000517649
82
000517817

000520402


83
000525533

000530746
84
000533207

000536960
85
000538629

000540756
86
000549307

000553185
87
000553353

000556104
88
000557148

000558190
89
000558358

000601443
90
000601611

000603862
91
000604030

000605697
92
000606449

000609534
93
000609702

000613914
94
000614457

000617876
95
000619087

000621046
96
000621714

000625133


97
000625301

000630764
98
000641109

000646238
99
000646406

000648698
100
000648866

000652494
101
000652703

000654037


102
000654205

000655664
103
000655832

000658792
104
000659627

000703171
105
000704632

000707592
106
000709303

000711805
107
000716352

000717936
108
000718104

000720856

109
000721023

000723108
110
000723276

000727362
111
000727947

000730365
112
000730533

000731658
113
000731826

000733452
114
000733619

000735912
115
000736080

000738415
116
000738916

000742752
117
000742920

000745172
118
000747425

000749384
119
000749552

000752804


120
000752972

000755056

121
000755224

000758226


20
122
000758394

000800896
123
000801063

000803732
124
000803900

000805025
125
000805193

000809237
126
000809405

000812032
127
000812200

000814784
128
000814952

000816036
129
000816204

000817496
9
130
000817663

000819331


131
000819499

000821416
132
000821584

000825837

133
000826005

000830091
134
000830259

000831635
135
000831802

000836223
136
000853032

000854658
137
000855284

000858119


138
000858329

000901122
139
000901290

000903708


140
000905878

000909673


141
000909840

000910924
142
000911717

000914135
143
000914303

000915971

144
000916138

000920559
145
000920726

000923228
146
000923396

000924980
147
000925147

000926356
148
000926524

000930151
149
000931279

000933071
150
000939453

000941037
151
000942206

000944624
152
000945084

000947669
153
000949046

000952007


154
000952216

000953967
155
000954135

000955552
156
000956554

000957596
157
000957763

001000390
158
001010901

001012444
159
001032423

001033798
160
001034342

001035634
161
001039680

001041264
162
001042892

001044142
163
001045603

001046645


164
001047229

001050523
165
001050733

001051816
166
001109251

001110377
167
001110544

001114339
168
001116175

001118551
169
001129522

001131564
170
001131732

001136403
171
001136946

001138196
172
001138739

001139781
173
001139949

001142242
174
001142451

001145829
175
001145996

001148707
176
001149250

001150875
177
001151043

001154963
178
001155131

001157716
179
001157883

001200260
180
001200428

001202429
181
001202596

001206307
182
001206475

001208643
183
001208811

001210812
184
001216277

001220488
185
001222032

001225660
186
001225828

001227871
187
001228414

001230790
188
001230958

001234919
189
001236839

001240133
190
001240301

001243261
191
001244346

001245638
192
001245806

001248975
193
001249143

001250685
194
001250853

001252520
195
001253773

001256274
196
001257651

001300779


197
001302615

001304616
198
001304825

001307243
199
001307411

001310580
200
001310748

001312248
201
001312416

001314459
202
001314627

001319798
203
001320007

001321466
204
001321634

001323927
205
001324094

001325720
206
001328474

001332227
207
001333729

001335730
208
001335898

001337190
209
001337358

001341653
210
001343155

001346741
211
001346909

001350537


212
001351956

001354207
213
001354375

001356709
214
001356877

001400213
215
001400381

001403550


216
001403717

001406052
80foot
217
001406220

001409222


218
001409849

001413184


219
001417565

001418940
220
001419942

001421818
221
001421986

001423987
222
001426407

001427490
223
001428409

001432453
224
001432621

001437417
225
001438335

001439961
226
001441130

001442797
227
001443465

001444883
228
001445050

001447093
229
001454101

001456853
230
001457021

001500106
231
001501108

001502901
232
001503068

001505904
233
001506071

001510742
234
001510910

001514746

235
001514914

001518082
236
001519835

001523421
237
001523589

001525256
238
001526926

001528718
239
001528886

001532263
240
001532431

001534182
241
001535351

001539103
242
001539647

001543983
243
001544818

001547987
244
001548155

001551407
245
001552534

001555286


246
001555454

001558539


247
001558707

001601042
248
001601543

001603002


249
001606757

001607966
250
001608133

001611260
251
001611428

001616516
252
001616684

001622063
253
001623315

001626442
254
001627695

001630405
255
001630572

001633408
256
001635202

001636869

257
001637037

001638913
258
001639081

001641374
259
001641542

001645253
260
001645421

001646629
261
001650092

001652844


262
001653012

001655513


263
001655681

001658099

264
001658267

001700977
265
001701145

001703438
266
001703605

001706941
267
001707109

001708359
&
268
001708527

001710361
269
001710529

001712030
270
001712197

001713948
271
001719329

001722206


272
001722374

001724542
273
001724710

001726502
274
001726670

001729714
275
001729882

001732592
276
001733552

001736220
277
001736388

001738473
278
001738640

001741809
279
001741977

001743978
280
001745647

001747315
281
001747483

001750151
282
001750319

001752111
283
001752279

001756032
284
001758285

001801162
285
001801330

001803331
286
001803499

001805833


287
001806001

001807335
288
001807503

001809545
289
001809713

001812340
290
001812508

001816677
291
001816845

001819847
292
001820015

001823643
293
001823811

001826854
294
001827022

001828981
295
001829191

001833027
296
001833195

001836614
297
001836782

001838116
298
001838283

001840743
299
001840911

001842662
300
001842830

001844288
301
001845082

001846707


302
001848836

001852004
303
001852172

001856676
304
001856885

001858261
305
001858470

001859512
306
001859680

001901139
307
001903016

001905685
308
001907271

001909814
309
001909982

001912275
310
001914236

001916112
311
001916321

001919699
312
001919867

001923619
313
001923787

001925204
314
001925372

001926914
315
001927082

001929417
316
001929585

001932044


317
001932212

001934088
318
001934256

001936007
319
001936800

001939010
320
001953150

001955401

321
001955569

001959071
322
002000490

002001782
&
323
002001950

002004869
324
002005037

002006245
325
002006413

002009582
326
002011251

002013461
327
002014546

002016172
328
002016340

002018382
329
002018884

002021969
330
002022137

002024680
331
002035817

002037526
332
002037694

002038778
333
002039363

002040947
334
002045077

002048579
335
002049081

002052500
336
002052668

002055294


337
002055462

002056921
338
002057923

002101926


339
002105847

002109433
340
002109601

002111602
341
002113563

002116148
342
002116316

002118776

343
002118944

002121904
344
002122072

002125866
345
002126034

002128786
346
002128954

002130788
347
002133750

002135793
348
002135961

002139880
349
002140048

002141590
350
002144219

002146137
351
002146305

002147972
352
002148140

002154020
353
002154980

002156480
&
354
002156648

002158649
355
002158817

002200318
356
002200485

002202611
357
002202779

002204071
358
002204239

002206532