1
000002002

000003877
2
000004087

000006296
3
000006506

000009717


4
000009926

000011176
5
000011386

000013721
6
000013930

000018017
7
000019185

000021311
8
000021521

000024440


9
000024649

000027484
10
000027694

000031739


11
000031948

000036744
12
000043668

000046670
13
000046838

000048255
14
000049340

000051717
15
000051926

000054636
16
000102979

000105606


17
000108735

000109943
18
000112906

000115282
19
000115575

000118577
20
000118745

000122206
21
000123083

000125501
22
000127587

000129463
23
000131800

000132883
24
000134844

000136845
25
000140975

000143644
26
000143853

000145938
27
000146856

000148607
28
000149651

000153320
29
000154114

000156824
30
000201579

000203205


31
000203414

000206875
32
000207043

000209628
33
000211131

000212548
34
000213424

000214800
35
000214968

000216677
36
000216845

000219555
37
000219806

000222224
38
000222392

000223433
39
000225019

000228230
40
000229065

000230149


41
000230358

000233485


42
000234154

000236780
43
000237699

000239074
44
000239284

000241827
45
000242036

000243912
46
000247917

000249960


47
000250211

000251336
48
000251546

000253755
49
000253965

000256383
50
000257969

000259636
51
000302682

000304099
52
000305894

000306935
53
000307103

000311148
54
000311357

000312399
55
000312609

000315986
56
000316654

000317696
57
000317906

000321408
58
000321618

000322951
59
000323161

000324411
60
000325997

000328081
61
000328291

000329625
62
000329876

000333253
63
000335173

000337549
64
000418549

000420550
65
000420718

000421927
66
000422095

000424513


67
000425223

000426682
68
000426891

000428558
69
000428768

000430269
70
000430812

000432271
71
000432480

000433730
72
000434190

000436817
73
000437026

000440362
74
000440571

000442239
75
000442448

000444741
76
000447495

000449288
77
000450581

000451873
78
000452959

000454209
79
000455169

000456837
80
000500008

000501425
81
000501634

000505429
82
000507181

000508682
83
000510059

000512853
84
000517358

000518608
85
000519027

000520319
86
000520528

000523196
87
000523990

000527492
88
000527702

000529161
89
000534250

000537836


90
000538046

000539588
91
000544177

000546178
92
000546346

000551558
93
000552393

000554478
94
000557190

000559358
95
000600526

000602694
96
000602904

000604905
97
000606532

000610702
98
000610953

000612788
99
000613623

000615624
100
000616167

000619252
101
000619462

000621296
102
000621506

000623382
103
000624300

000626134
104
000626344

000629596
105
000631599

000634643
106
000634852

000638230
107
000638439

000641525
108
000641734

000643819
109
000644070

000646071
110
000647532

000651785
111
000652036

000654246
112
000654455

000658291
113
000659794

000704881
114
000705133

000707843
115
000715017

000717727
116
000719689

000720939
117
000721649

000724317
118
000726195

000729114
119
000733744

000736288
120
000737290

000738498
121
000738666

000742169
122
000744547

000746798
123
000747300

000749009
124
000800313

000802522
125
000802773

000804065
126
000806110

000808945


127
000809614

000811698
128
000811991

000813909
129
000816537

000817954
130
000818122

000820290
131
000820500

000822459


132
000826297

000827672
133
000829258

000831968
134
000832595

000834804


135
000835014

000837307
136
000837517

000838892
137
000840269

000842229
138
000842438

000844731
139
000844941

000848276
140
000849487

000850737
141
000851697

000854783
142
000854992

000858912
143
000859121

000901873
144
000903501

000905377


145
000905878

000907462
146
000907672

000910882
147
000911759

000912801
148
000912969

000914886
149
000915137

000917681
150
000918808

000921226
151
000921727

000924020
152
000925982

000928400
153
000930861

000934573


154
000937034

000938285
155
000938703

000941162
156
000941956

000943415
157
000943624

000945750
158
000945960

000948587
159
000948796

000950046
160
000950298

000952924
161
000953634

000955218


162
000955469

000957429
23
163
000958848

001002517
164
001004186

001005770
$10
165
001005980

001008148

20

166
001013362

001016281
167
001017283

001018867
168
001019035

001020869
169
001021078

001022329
170
001022538

001023872
171
001025666

001028168
172
001028419

001031296
173
001031505

001032756


174
001032965

001035800
175
001039096

001040555


176
001041807

001043808
177
001044018

001045685


178
001047021

001049230


179
001049440

001050940


180
001052318

001054069
181
001054654

001057656
182
001057865

001100075
183
001100910

001104412
184
001108250

001110502
185
001110711

001112462
186
001112672

001114130
187
001115675

001118051
188
001118302

001120220
189
001120471

001121763
190
001122473

001124474


191
001124725

001126976
192
001127228

001130522
193
001131232

001133858
194
001138739

001140323
195
001142785

001145203
196
001151168

001152460
197
001152837

001155714
198
001156716

001159676


199
001159885

001205974
200
001206434

001210228
201
001210479

001212522
202
001212732

001213940


203
001214817

001216317
204
001220114

001223199
205
001223409

001226619


206
001226871

001229414
207
001232877

001234294
208
001236046

001237505
4
5
209
001240593

001242010
210
001245514

001247223
211
001250603

001252187
212
001319173

001321633
213
001326013

001328348
214
001328557

001332101
215
001334730

001336189
216
001337274

001338525
217
001342321

001344447
218
001344657

001348326


219
001348577

001351329
220
001351539

001352789
221
001352998

001356668
222
001356877

001358461
223
001358754

001401047
224
001401757

001404467


225
001404677

001407011
226
001409390

001410640
227
001411350

001422110
228
001422903

001424195
229
001425823

001429242
230
001432788

001434414
231
001436166

001437792
232
001438043

001440962
233
001443799

001446092
234
001449847

001452849
235
001456562

001459898


236
001500107

001501733
237
001501942

001503234
238
001505946

001507822
239
001508073

001511200
240
001511410

001516331
241
001519585

001521002
242
001521211

001523171
243
001525799

001527759
244
001530888

001532221
245
001532473

001534307
246
001536936

001539687
247
001541523

001543358
248
001547237

001551032
249
001553118

001554953


250
001600834

001602710
251
001602920

001605129
252
001606882

001610051
253
001610803

001615348
254
001617267

001618893
255
001620104

001621854
256
001622314

001625692


257
001631490

001633700


258
001701812

001704689
259
001704898

001706649
260
001706859

001708985
261
001710487

001711904
262
001712114

001714782
263
001714992

001716284
264
001717786

001720663


265
001721665

001723541
266
001724918

001726878
267
001727087

001728337
268
001729048

001731758
269
001731967

001735720


270
001735929

001738014
271
001739767

001742268
272
001742478

001743978
273
001748025

001752945
274
001754073

001756365
275
001756575

001759035
276
001759453

001800703


277
001800954

001802455
278
001802664

001806501
12
279
001808420

001810046
280
001810255

001811923
281
001813467

001815593
282
001816512

001820098


283
001820641

001822850
284
001830400

001832401
285
001834530

001836489
286
001848919

001852380


287
001853507

001856175
288
001857678

001859387
289
001913777

001917530
290
001919366

001922034
291
001922244

001924036
292
001924246

001925997
293
001926248

001928457
294
001929585

001931586


295
001932045

001937633
296
001939178

001940511
297
001940721

001943431
298
001945100

001946809
299
001947728

001952565
300
001952774

001954317
301
001956153

001959155
302
001959406

002003784
303
002003994

002007872
304
002010876

002012627
305
002013128

002014962
306
002015214

002018007
307
002018592

002020384
308
002020594

002021928
309
002022137

002024805
310
002025015

002026265
311
002027142

002029393
312
002029645

002032271
313
002036526

002038736
314
002038987

002040404
315
002040614

002043282
316
002043784

002045117
317
002054002

002055253
318
002055504

002058005
319
002058215

002100091
320
002104763

002106222
321
002106431

002109267
322
002109476

002111060
323
002116733

002118985
324
002119236

002122321
325
002124491

002126284