1
000006297

000007381
2
000007549

000010259
100
3
000010468

000013053
4
000013263

000016807
5
000017058

000018308
6
000018518

000021020
7
000021563

000024940
8
000025191

000026775
9
000027986

000029695
10
000030280

000033866
11
000034075

000038871

12
000039372

000041582
13
000041833

000044460


14
000044669

000048297

15
000048506

000050549
16
000052093

000053302
17
000053970

000055345
18
000056973

000100350
19
000100810

000101852
20
000102103

000105064
10
21
000105231

000106273
22
000106441

000108734
23
000108943

000111111
24
000111321

000113238
25
000113448

000114698
26
000114908

000117284
27
000117535

000120245
28
000120455

000125709

29
000125877

000127544
153
30
000128338

000129546


31
000217428

000219429
32
000219639

000223016
33
000225353

000226645
34
000228356

000229398
35
000229649

000232276
36
000232485

000234778
37
000237657

000240450
38
000240660

000242786
39
000242996

000244788


40
000245290

000247958


41
000248209

000250043
42
000250253

000251295
43
000251546

000253005
44
000254424

000256842
45
000257051

000259178


46
000259387

000301722
47
000302473

000305726


48
000305935

000307311
49
000307562

000309813
50
000312525

000314818


51
000314986

000318363
52
000318531

000319990
53
000320909

000323577

54
000324370

000328165
55
000328499

000330083
56
000335506

000337382

57
000338009

000339593
58
000339802

000340928
59
000341179

000345849
60
000346059

000349394
61
000349604

000351855
62
000352607

000354691
63
000357195

000400948
64
000401157

000403116
65
000405286

000407579
66
000407830

000410290


67
000410583

000412459


68
000412627

000414211
69
000414379

000417381
70
000419300

000421802
71
000422053

000424471
72
000431104

000432312
73
000433523

000434773
74
000437235

000439861
75
000440029

000441989
76
000442156

000446326
77
000446786

000448620
78
000448788

000451748
79
000451958

000455294

80
000455461

000459840

81
000502010

000504761
82
000504971

000508682
83
000508891

000512102
84
000512520

000514938
85
000515231

000516440
86
000521404

000523822
87
000523990

000526325
88
000528369

000529995
89
000530246

000532122
90
000535585

000538837
91
000541883

000543592
92
000544969

000547554
93
000550058

000554144
94
000554395

000558732
95
000559192

000600650
96
000600818

000601860
97
000602195

000605989
98
000606157

000609034
99
000610078

000613705
100
000613873

000618377

101
000618628

000621088

102
000623216

000625008
103
000626552

000628387
104
000628638

000630013
105
000630598

000632391
106
000636062

000638021
107
000638439

000640565
108
000640775

000642359
109
000646155

000647197


110
000647448

000649116
111
000649492

000650951
112
000651119

000653286
113
000656082

000658166
114
000658418

000659626
115
000701796

000704047
116
000704257

000705841
117
000706008

000707509
118
000707677

000710637
119
000711431

000713181
120
000713641

000717060
121
000717270

000720730
122
000724944

000727654
123
000727822

000732242
124
000733619

000734911
125
000736080

000738915
126
000739125

000741126


127
000742545

000744754
128
000744964

000746173
129
000746382

000748884
130
000749093

000751511
131
000751721

000754306
132
000754557

000756975


133
000758519

000802272
134
000802482

000804107
135
000804317

000807402
136
000807612

000809696
137
000811699

000814117
138
000814368

000816620
139
000817371

000818580
140
000830676

000833970
141
000834180

000838517
142
000838684

000842562
143
000842772

000844648
144
000844815

000847442
145
000847693

000851655
146
000851864

000854950
147
000855243

000858662


148
000902250

000906127
149
000906337

000909673


150
000909924

000911925
151
000912593

000916972
152
000917223

000921560
153
000925731

000928608


154
000930820

000934614
155
000934824

000937659
156
000937827

000940954
157
000943082

000944874
158
000945167

000948128
159
000948337

000950088
160
000950298

000954175
161
000954635

000956886
162
000957054

000959180
163
001003227

001005103
164
001005313

001006646
165
001006856

001008273
166
001008482

001011234
167
001012486

001015155
168
001016198

001018450
169
001019285

001021828
170
001022079

001023663
171
001025291

001029669
172
001032715

001034299
173
001035426

001037636
174
001037803

001040180
175
001040389

001041806
176
001041974

001046770
177
001051942

001054110
178
001054362

001055779
179
001058574

001100784
180
001101661

001103703
181
001105206

001108041


182
001108250

001112212
183
001112421

001114589
184
001116300

001119094
185
001119303

001120637
186
001120888

001123264
187
001124767

001126851
188
001127019

001129771


189
001129980

001133358
190
001133609

001134901
191
001136987

001139531


192
001140825

001141866
193
001142118

001144619
194
001144787

001147706
195
001148124

001149999
196
001150876

001153962
197
001159176

001201636
198
001201804

001202887


199
001203055

001204597
200
001205307

001206474
201
001206726

001209227
202
001210020

001212981
203
001213733

001217610


204
001218904

001221406


205
001221657

001222866
206
001223117

001224659
207
001224869

001228621


208
001228789

001230957
209
001231125

001232667
210
001232835

001234002
211
001236255

001238882
212
001239383

001241301
213
001242887

001244888


214
001245431

001247515
215
001247725

001248767
216
001248976

001251603
217
001251854

001254731
218
001255024

001256107
219
001256650

001259235
220
001259653

001300695
221
001301739

001304824


222
001305034

001306785
223
001307036

001309621
224
001310039

001311372
225
001311582

001314209
226
001314418

001317754
227
001318297

001321341
228
001323219

001324260
229
001324553

001327597
230
001328432

001329891
231
001330476

001334103
232
001334313

001337607


233
001342905

001345240
234
001346659

001347867
235
001348035

001350745
236
001351247

001354207


237
001355000

001357877
238
001358128

001401089
239
001402383

001404300
240
001404760

001409681
241
001409890

001412141
242
001412309

001415144
243
001415354

001416563
244
001416772

001418773


245
001419692

001421901


246
001423195

001425280
247
001428242

001431411
248
001431662

001434747
249
001435416

001436457
250
001437084

001438835


251
001439044

001441838
252
001444633

001447719
253
001447928

001450847
254
001451557

001452932
255
001455603

001456644
256
001503694

001505945

257
001506405

001507989
258
001509199

001510742
259
001510910

001513536
260
001514413

001516289
261
001516832

001517874
262
001518083

001520835
263
001521086

001522253
264
001522463

001524213
265
001524840

001528593
266
001528802

001532513
267
001533432

001534849
268
001535059

001537560
269
001537811

001539187
270
001539438

001543232
271
001544026

001546194
272
001546403

001547528
273
001549823

001550865
274
001552326

001554202


275
001554370

001557538
276
001557790

001600041
277
001601961

001603795
278
001609426

001611636
279
001611845

001617350
280
001617518

001620561
281
001624024

001628194
282
001628445

001630905
283
001631156

001634283
284
001634451

001637370
285
001640124

001642750
286
001643293

001645753
287
001651719

001653261
288
001653470

001655221
289
001656223

001658307
290
001658517

001702270
291
001702479

001705231
292
001705566

001706983
293
001707651

001711237


294
001712948

001713990
295
001714241

001716576
296
001716827

001719162
297
001721206

001723833
298
001724001

001727503
101

299
001727880

001730882


300
001731133

001732592
301
001732926

001735053
302
001735846

001739640
9
303
001743604

001746105
304
001746315

001749525


305
001749777

001751486
306
001751695

001754155
307
001754364

001755698
308
001755908

001758451
309
001759286

001801204
310
001801413

001805500
311
001805709

001809879
312
001810089

001811672
313
001811924

001814383
314
001815344

001819555
315
001821475

001824227


316
001824394

001825728
317
001827648

001829982
318
001830275

001832693
319
001834738

001836489
320
001836740

001839242
321
001840327

001843579
322
001843789

001844914


323
001845124

001846916
324
001847167

001849127
325
001850921

001852547


326
001854299

001855341
327
001856009

001858219
328
001902808

001905017

329
001905602

001907103
330
001907312

001909856
331
001910274

001912608
332
001912818

001914277
333
001916572

001918197
334
001918365

001920658
335
001923120

001924162


336
001924329

001926622


337
001926832

001929083
338
001929251

001930334
339
001931044

001932837
340
001933046

001935464
341
001935716

001938134
342
001939595

001943264
343
001948145

001951230
344
001953901

001957111


345
001957321

001958446
346
002000115

002003743


347
002003952

002005161
348
002005537

002006579
349
002007164

002008331
350
002008874

002011083
351
002014463

002015838
352
002016006

002019258
353
002020510

002024639
354
002026016

002028184
355
002030187

002033022
356
002033232

002034774
357
002037402

002038444
358
002038695

002041155


359
002044576

002045701
360
002046078

002048996
361
002049581

002051249
362
002056213

002057672
363
002057923

002059090
364
002100133

002103636
365
002108141

002110893


366
002111103

002114855
367
002115065

002117149


368
002117359

002120278


369
002120487

002122822
370
002122990

002126367
371
002126702

002127743
372
002129413

002133916
373
002134126

002136127
374
002136295

002137795
375
002137963

002139755
376
002153186

002154520
377
002154688

002156355


378
002156523

002158941
379
002159109

002200526
380
002200694

002203612
381
002203780

002205614
382
002207534

002210244
383
002212205

002214040

384
002214207

002216500

385
002216668

002217835
386
002218003

002221714
387
002221923

002224008
388
002224259

002227094