1
000015015

000016598
2
000016850

000020436
3
000020603

000024148


4
000024524

000025649
5
000025817

000028444
6
000030321

000033824
7
000034034

000037661


8
000039873

000041957
9
000042167

000044960
10
000045128

000047004
11
000047172

000051467
12
000053053

000057765
13
000057932

000101393


14
000101561

000104813
15
000105398

000106815
16
000111571

000122706
17
000126169

000128962
18
000207293

000209086
19
000209254

000210754
20
000212423

000214383
21
000215426

000216969
22
000218012

000220139
23
000220348

000223350


24
000223560

000225853
25
000226062

000227980
26
000230483

000233318
27
000233528

000235445
28
000235655

000237865
29
000238032

000239992
30
000240160

000241201
31
000244581

000246999
32
000247167

000250377
33
000251212

000253380
34
000254632

000256842


35
000257010

000259386
36
000259721

000301305
37
000301472

000304933
38
000305101

000306143
39
000306311

000308395
40
000310940

000313650
41
000313818

000316695
42
000316905

000318322
43
000321868

000325996
44
000327332

000328916
45
000331085

000334171


46
000334797

000337966
47
000338176

000341261


48
000342013

000343347
49
000343890

000345641
50
000345808

000347976
51
000348144

000351772
52
000351940

000354107
53
000354275

000357361
54
000357528

000359571
55
000407538

000409289
56
000411584

000414503
57
000414671

000418215
58
000418383

000422302
59
000422470

000424096
60
000426182

000427724


61
000427892

000430936
62
000431104

000433188
63
000433356

000435816
19yearolds
64
000436401

000438402
65
000438611

000440570
66
000441364

000442864
67
000443074

000445701
68
000445910

000448287
69
000448454

000450289
70
000451082

000452833
71
000453001

000455794


72
000457005

000500007
73
000500174

000503176
74
000503344

000505178


75
000505346

000506763
76
000511394

000514229
77
000514397

000516648
78
000518234

000520610
79
000521029

000522863


80
000524490

000526366


81
000526534

000528994


82
000529203

000533081
83
000533291

000536209
84
000536377

000539338
85
000539505

000543800
86
000544260

000548263
87
000548639

000552059
88
000554771

000559066
89
000559233

000602736
90
000602904

000605280
91
000605448

000607366
92
000607533

000612579
93
000613748

000615207
94
000615416

000617209
95
000619420

000621004


96
000621172

000622964


97
000623132

000624383
98
000624759

000626051

99
000626219

000627761

100
000627970

000630347
101
000630515

000634142
102
000634811

000637062
103
000637230

000639731
104
000640525

000642651
105
000646406

000650117
106
000650284

000652035
107
000652203

000654746


108
000654914

000659000
109
000701879

000706758
110
000707510

000709719
111
000709887

000712097
112
000712265

000715934
113
000716102

000718311
114
000719564

000722566


115
000722733

000724776
116
000724944

000727070
117
000727238

000729865
118
000731200

000733577
119
000733744

000736121
120
000736289

000738623
121
000738791

000740917
122
000741294

000742878


123
000743087

000746173
124
000746340

000748216
125
000748384

000751011
126
000756601

000758310
127
000758603

000800270
128
000800438

000803398
129
000803566

000807152


130
000807320

000809988
131
000812366

000814534
132
000814702

000816703

133
000816871

000820582
134
000820791

000823877
135
000825671

000827923
136
000828090

000830383
137
000830635

000832385
138
000832553

000834221
139
000834388

000836932
140
000837099

000840477
141
000840645

000843480
142
000844398

000846650
143
000846859

000847901
144
000848069

000851363
145
000853032

000855742
146
000856369

000900539
147
000901958

000903375
148
000903584

000905877
149
000907880

000910465
150
000910633

000913802
151
000914011

000917847
152
000918015

000922143
153
000922311

000923979
154
000924647

000928567
155
000933447

000934990
156
000935157

000937158
157
000937326

000939202
158
000939495

000941997
159
000942164

000946293
160
000952174

000954968
161
000955469

000957387
162
000957555

001001016
163
001001225

001002267
164
001002435

001004269

165
001004437

001007647
166
001007815

001010650
167
001010860

001011901
168
001012111

001014446
169
001018618

001022037
170
001022204

001025290
171
001025499

001027751
172
001028961

001032005
173
001032256

001035258
174
001036093

001038553
175
001039639

001041348
176
001041557

001042599
177
001045936

001048104


178
001048314

001050815
179
001051025

001054527


180
001055696

001058281


181
001058658

001100033
182
001100242

001102452


183
001102620

001104996
184
001105164

001107457
185
001107625

001109250
186
001115049

001116841
187
001118052

001120428
188
001121722

001123807
189
001129647

001133942
190
001134110

001137570
191
001139198

001142534
192
001142743

001145078
193
001145246

001147539
194
001147707

001149874
195
001150042

001151668
196
001151836

001153753
197
001155297

001158299
198
001158467

001201428
199
001201595

001205056
200
001205266

001207267
201
001208477

001211354
202
001211897

001214232
203
001215985

001218445
204
001219822

001221614
205
001223951

001227078
206
001227246

001231374
207
001231542

001233209
208
001233377

001237255
209
001240050

001243678
210
001245806

001250185
211
001250352

001252395
212
001256066

001258735
213
001301864

001303239
214
001303407

001306910
215
001307077

001308703
216
001308871

001310497


217
001310664

001312165
218
001312333

001315585
219
001317338

001321549
220
001321717

001323885
221
001324428

001325845
222
001326013

001327347
223
001328307

001330225
224
001330392

001333186
225
001333354

001336981
226
001337733

001340401
227
001341862

001343154
228
001346325

001349994
229
001350162

001352497
230
001352665

001355458
231
001355626

001359504
232
001400756

001402423
233
001402591

001405802
234
001406011

001407470
235
001407638

001412267
236
001414103

001417897
237
001419149

001421150
238
001423487

001428783
239
001428951

001432704
240
001435249

001438501
241
001438669

001441921
242
001442089

001443756
243
001443924

001446301


244
001447303

001450179
245
001450347

001452807
246
001452975

001455018
247
001455185

001457478
248
001458731

001500773
249
001503485

001505987
250
001506155

001509782
251
001510451

001513494
252
001516415

001519542


253
001519752

001522795


254
001524298

001527300
255
001527509

001530386
256
001530554

001533264
257
001533432

001534766
258
001535142

001538436
259
001538604

001541606


260
001541774

001543733
261
001543901

001546277
262
001547655

001549030
263
001549198

001552533
264
001553285

001555411
265
001555579

001557914
266
001558123

001601459


267
001602002

001604045
268
001604213

001605338
269
001607007

001610510
50
270
001611095

001613721
271
001616225

001618643
272
001618852

001621562
273
001621730

001624857
274
001625025

001626859
275
001627027

001628569
276
001628737

001630488
277
001631657

001634033
278
001637162

001640665
279
001640833

001643793
280
001645587

001648798
281
001650884

001652885
282
001653053

001654762
283
001654972

001657306
284
001657474

001659600
285
001659768

001702353
286
001703355

001704939
287
001707401

001710737
288
001711697

001713823
289
001716702

001720371
290
001720539

001724542
291
001724835

001728421
292
001730215

001732300
293
001735095

001736888
294
001737056

001741017
295
001741185

001743311
296
001744480

001745772
297
001747858

001751486
298
001753739

001756657
299
001800537

001803831


300
001805834

001807210
301
001807377

001809545
302
001814510

001818096
303
001818555

001821891
304
001822059

001823893


305
001824061

001826729
306
001826897

001830316
307
001830943

001835154
308
001835322

001837657
309
001838784

001843079
310
001843247

001844914


311
001848168

001850128
312
001850337

001853506
313
001853674

001855424
314
001857553

001901305
315
001901932

001903141
316
001903308

001905351
317
001907604

001910690
318
001910858

001915820
319
001915988

001917530
320
001917698

001920158
321
001920325

001923995


322
001924163

001927123
323
001933589

001936132
324
001941555

001943222
325
001943515

001946517
326
001946685

001949103


327
001949271

001951856

328
001952274

001953858
329
001954026

001957486
330
001957654

002000156


331
002020010

002021302
332
002021470

002024347


333
002024514

002028309


334
002029811

002032939
335
002033106

002034815
336
002034983

002039028
337
002041031

002044367
338
002044534

002047995
339
002048163

002050373
340
002050540

002051791
341
002053502

002055253
342
002055420

002058339
343
002058507

002059882
344
002100050

002102802
345
002103470

002106931
346
002107099

002109058
347
002111770

002113604
348
002115565

002118109
349
002118610

002122446
350
002124116

002126617
351
002127828

002130955
352
002131456

002132748
353
002133750

002136127
354
002137629

002141424
355
002141591

002144885
356
002146179

002148222
357
002148390

002149849
358
002150767

002153185
359
002155439

002159108
360
002200360

002201402
361
002208201

002210328
362
002215417

002218210
363
002220172

002222256
364
002224676

002226344
365
002226511

002228721
366
002229306

002231891
367
002232059

002235144
368
002235312

002237146
369
002237314

002239023
370
002242069

002244820
371
002244988

002247490
372
002247657

002250242


373
002251453

002255081
374
002258794

002300586
375
002300754

002302546
376
002302714

002305424
377
002307719

002309178
378
002310138

002312014
379
002323819

002325152


380
002325320

002327488
381
002327656

002329615
382
002329783

002332159
383
002332327

002333494
384
002333662

002335871
385
002336039

002340251
386
002344631

002347133