1
000003586

000006171
2
000006339

000008799
3
000008967

000012678
4
000012846

000015472
5
000015640

000018600
6
000021187

000025274


7
000025442

000027526
8
000027694

000030487


9
000035577

000038495


10
000038663

000042291
11
000042459

000046170


12
000046337

000050382


13
000050550

000055304
14
000055472

000057473
15
000057640

000100601
16
000140600

000142810
17
000142977

000146563
18
000146731

000149775
19
000150735

000154863
20
000155115

000200202


21
000200995

000204373
22
000205375

000207334


23
000207502

000210003
24
000210588

000215259
25
000215426

000216844
26
000217011

000220556
27
000221349

000224643
28
000224811

000227271
29
000227438

000231066
30
000231568

000236280
31
000237157

000241410
32
000242120

000246248
16pound
33
000247959

000251503
34
000252046

000255007
35
000255175

000258051
36
000258219

000302431
37
000302599

000305100
38
000305268

000306768
39
000306936

000309438


40
000309606

000311565
41
000313067

000314902
42
000315069

000317112
43
000318448

000319907
44
000320074

000323410
45
000323578

000326830
46
000327624

000331210


47
000331377

000334338
48
000335215

000337799
49
000337967

000339760
50
000342263

000345140
51
000345308

000349144

52
000349312

000353649
53
000353816

000357152


54
000357320

000359154
55
000359489

000403909
56
000404911

000406828
57
000410458

000413001
58
000416089

000417631
59
000426182

000428016
60
000428184

000431687
61
000432188

000436900
62
000437068

000438860
63
000441197

000443615
64
000443783

000445909
65
000446077

000449705
66
000450290

000453667
67
000453835

000456295
68
000456462

000501758
69
000501926

000503135
70
000503303

000506513
71
000506681

000508807
72
000510018

000513478
73
000513646

000517399
74
000518067

000519568
75
000519736

000523530
76
000523698

000525824
77
000525992

000527909

78
000528077

000530954
79
000531122

000533248


80
000533416

000536251


81
000536753

000538628
82
000539547

000542382
83
000545553

000548930
84
000550475

000551516
85
000551684

000555187
86
000555355

000557689
87
000557857

000559316
88
000559484

000601943
10
89
000602111

000604321
90
000607492

000609534
91
000609702

000611953
92
000625676

000627219
93
000631391

000633058
94
000633226

000634643
95
000635645

000639856
96
000640024

000641650
97
000643444

000645987
98
000646155

000648990
99
000652620

000654621
100
000654789

000656415
101
000656582

000658834
102
000659544

000701628
103
000701796

000706341
104
000706509

000708427
105
000710346

000712347
106
000712515

000714182
107
000715101

000718854
108
000719272

000721398
109
000721566

000724776
110
000724944

000729865
111
000730032

000731116
112
000731284

000735537
113
000738124

000740125
114
000742503

000744880
115
000745047

000746548
116
000746716

000748341
117
000748509

000753013
118
000753181

000756725
119
000756893

000759853
120
000800021

000802230
121
000802398

000804941


122
000805109

000807944
123
000808988

000812032
124
000812200

000815494
125
000817580

000819664
126
000820875

000825128
127
000825296

000827506
128
000827715

000829716
129
000832845

000834888
130
000836015

000837516
131
000838226

000840602
132
000840937

000844773


133
000845566

000847359
134
000847527

000851071


135
000851239

000854074
136
000854242

000857869
137
000858246

000859663
138
000859830

000901331
139
000901499

000905335
140
000905503

000907546
141
000909674

000912425


142
000912593

000916346


143
000916514

000919266
144
000922812

000927065


145
000930194

000931236
146
000931404

000935949


147
000936117

000939869
148
000940037

000942831
149
000945209

000946501
150
000947461

000949838
151
000950006

000952007
152
000952717

000957887
153
000959515

001001558
154
001005354

001007188
155
001007356

001010275
156
001010443

001013903
157
001014071

001018366


158
001018534

001020118
159
001020286

001024539
160
001026208

001029878


161
001030046

001031713
162
001031881

001035300
163
001037053

001039846
164
001040014

001043933


7
165
001044101

001048688


166
001048856

001050940
167
001051108

001052400
168
001053402

001054778
169
001056322

001057947
170
001058115

001101493
171
001101661

001104746


172
001104914

001108625
173
001108793

001111836
174
001112838

001116508
175
001119929

001124766


176
001124934

001127435
177
001127603

001131147
178
001131941

001134984
179
001135736

001137278
180
001137738

001139155
181
001141617

001144327


182
001144495

001145787
183
001145955

001148540

184
001148708

001152419
185
001152586

001156047
186
001156215

001201052
187
001201220

001205640
188
001206267

001207308
189
001207476

001209811
190
001209979

001213064
191
001213232

001214441
192
001214608

001217360
193
001217528

001221197
194
001226495

001229247
195
001229999

001234711
196
001236130

001240967
197
001241135

001244429
198
001244597

001246347
199
001246515

001250018
200
001250311

001252479
201
001254523

001258818


202
001259987

001303448


203
001303991

001305450


204
001306035

001308286
205
001310623

001313041
206
001313709

001317212


207
001317379

001319255
208
001323177

001325178
209
001325554

001330433
210
001330893

001334813
211
001335314

001337565
212
001338150

001340527
213
001343531

001346366
214
001346534

001349577
215
001350746

001354207
216
001354375

001356084


217
001401715

001403216
218
001414019

001417105
50
219
001417273

001420400
220
001420568

001424612
221
001425531

001427198
222
001427366

001432495
223
001432663

001437166
224
001438294

001440545
225
001440713

001444716
226
001444884

001447677
227
001448929

001452265


228
001453934

001456769
229
001457229

001502358
230
001502526

001506487
231
001509283

001511618


232
001511785

001514746
233
001514914

001518249
234
001518417

001520418
235
001520586

001522962
236
001524340

001525965
237
001526133

001528384


238
001528844

001531721
239
001531889

001534349
240
001534516

001538102


241
001538270

001541940


242
001542107

001544859
243
001545027

001549781
244
001549949

001551950
245
001552242

001555453
246
001558749

001601542
247
001601710

001605338


248
001605506

001608049
249
001608217

001610677
250
001611679

001612845
251
001615015

001617475
252
001622815

001623982
253
001624149

001626985
254
001627152

001629570
255
001631865

001634242
256
001637579

001639747
257
001639915

001643710
258
001643877

001649007
259
001650259

001652343


260
001652511

001656014


261
001656181

001658641


262
001659852

001702228
263
001702396

001705898
7
264
001709820

001711571
265
001721248

001723916
266
001726545

001728337
267
001729757

001732341
268
001734887

001737680
23
269
001737931

001739348
270
001740768

001743936
271
001745606

001749692
272
001751070

001755990
273
001805334

001808669
274
001808837

001812340
275
001813383

001815843
276
001816095

001819055
277
001819223

001822517
278
001822976

001824769
279
001829525

001832693
280
001832861

001833986
281
001834154

001837490
282
001837658

001840118
283
001841537

001846290
284
001846458

001848918


285
001851380

001853840


286
001902141

001903891
287
001905936

001907812


288
001909189

001910648


289
001910816

001912150
290
001912317

001914694
291
001914862

001916028
292
001917406

001919991
293
001933255

001934589
294
001935549

001938176
295
001948270

001950646
296
001950814

001953107


297
001953275

001957612


298
001957779

002001199
299
002001366

002004994
300
002005621

002008039
301
002008207

002010583
302
002010751

002013169
303
002013337

002015796
304
002015964

002018299
305
002018467

002020593
306
002023013

002025765
307
002025933

002029101
308
002033607

002035191
309
002039821

002043658


310
002044785

002047286
311
002047537

002051582
312
002054586

002057880
313
002101969

002104011
314
002114481

002119360
315
002119528

002120528
316
002120696

002126909
317
002129288

002130871
318
002131540

002134834
319
002135752

002138713