1
000004951

000006828
2
000006995

000011082
3
000011291

000013710
4
000013918

000016254
5
000016421

000019174
6
000020884

000024762


7
000024971

000028308


8
000028516

000030602
9
000030852

000033188
10
000034981

000036983


11
000037442

000039652
12
000041362

000043531
13
000043740

000047494
14
000048703

000053583
15
000053750

000058046
9
16
000058213

000100548
17
000100965

000103468
18
000108890

000111684
19
000112560

000114437
20
000114604

000119025
21
000120193

000121778
22
000124531

000127408
23
000128576

000132914
24
000133081

000135208
25
000138920

000143049
26
000145802

000149556
27
000202151

000203778
28
000204404

000209659
29
000209909

000212287
30
000212453

000216416
31
000218334

000220128
32
000220295

000224465
33
000226467

000228636
34
000310553

000313473
35
000315850

000318478
36
000320021

000323650


37
000323858

000327362
38
000327528

000329530
39
000329697

000332533
40
000334535

000336913
41
000339457

000342168


42
000342377

000347465
43
000347674

000352470


44
000354597

000357392
HotGuy372
45
000359060

000402355
46
000402563

000405733
47
000407110

000408778
48
000409612

000413074
49
000413241

000415910
50
000419247

000422792


51
000423084

000425920
52
000426212

000429841


53
000433261

000437014
54
000437265

000441060


55
000441269

000442895
56
000443730

000449068
57
000449277

000453448
58
000456033

000458703


59
000500580

000505460
60
000505626

000507670
61
000510131

000511924
62
000514552

000516095
63
000517180

000519015
64
000522602

000526606


65
000526814

000529817
66
000529984

000533488
67
000533654

000535531
68
000536616

000539160
69
000542205

000546501
70
000546667

000551839
71
000552673

000557303
72
000557512

000601599
73
000601849

000605102
74
000605311

000608856
75
000609106

000612235
76
000613402

000617240
77
000619742

000622370
78
000624247

000629418


79
000633381

000635925
80
000636092

000641430
81
000643057

000646602
82
000647979

000649272
83
000650898

000654110
84
000654277

000657822
85
000657989

000700199
86
000701701

000705121


87
000705329

000708916


88
000710251

000713713

50

89
000715423

000717842
90
000719260

000722096
91
000724640

000725808
92
000739947

000745161
93
000745620

000748289


94
000748539

000751083
95
000753961

000756297
96
000757924

000800676
97
000804055

000805806
98
000807183

000808601
99
000810311

000813356
100
000813564

000815566


101
000815816

000817234
50
102
000820196

000826077
103
000827912

000831499
50
104
000831874

000836921
105
000837088

000839340
106
000839548

000841509


107
000841676

000842718
108
000842927

000847014
109
000849850

000853521


110
000853688

000856941


111
000859068

000902905
112
000904699

000906784
113
000906951

000908577
114
000908828

000911747
115
000914083

000917712


116
000918254

000921507


117
000925219

000931058
100
118
000931225

000934895
119
000935062

000937064
120
000937356

000939233
121
000941777

000944155
122
000951579

000954248
123
000954415

000957585
124
000959420

001003174
82nd
125
001011599

001012767


126
001012933

001015186


127
001015436

001019440


128
001019940

001021692
129
001025613

001026614


130
001026781

001028365
131
001028532

001033788
132
001033954

001036791
133
001038209

001042671
134
001042922

001044215
135
001048636

001050596
136
001055309

001058395
137
001058562

001103067
138
001106487

001108322


139
001108531

001109573
140
001109824

001111117
141
001113702

001116038


142
001116247

001118374


143
001118541

001120042
144
001120209

001122837
145
001123712

001128717
80
146
001128968

001134056


147
001135015

001138853
148
001139019

001142857
149
001143023

001148070


150
001148237

001149280
151
001149488

001152533
152
001152741

001154535
153
001154785

001157121


154
001157371

001201000
155
001207047

001209008
156
001224315

001227526
157
001228194

001231447


158
001231655

001236160


159
001236368

001238746
160
001238954

001243000
161
001243209

001248255
162
001249298

001254929
163
001255930

001256931
164
001258432

001303145
165
001305940

001310694


166
001310945

001313989
167
001316367

001318244
168
001321664

001322957
_H6Y
_H6Y
169
001323123

001327044
170
001327211

001330673
171
001330839

001332258
172
001332424

001338222
173
001338472

001340808
174
001340975

001345104
175
001345312

001349149
176
001349316

001350442
177
001353320

001355030


178
001357157

001400828


179
001401036

001404832
180
001407167

001409545
181
001410879

001417219
182
001418178

001420431
183
001420639

001424935
184
001426937

001429064
185
001431442

001433610
186
001434611

001438115


187
001439158

001441035
188
001441493

001446290
189
001446749

001452129
190
001452338

001455257
191
001459136

001502681


192
001502848

001506352
193
001507102

001508771
194
001509688

001512024
195
001512232

001515194
196
001515402

001517154
197
001523410

001526622
198
001526789

001531001
199
001531251

001534838
200
001535631

001536965
201
001537174

001541011
202
001541178

001545349
203
001545599

001547851


204
001548102

001551688


205
001551939

001554483


206
001554691

001557528
207
001557903

001602199

$500

$500
208
001602408

001607204
209
001608288

001612543
500
500
500
210
001616880

001619925


211
001621176

001622886
212
001625347

001627224
213
001627391

001628809
214
001629017

001633939
215
001634148

001637067
216
001637276

001641738
217
001641905

001645409
20
218
001647286

001648704
219
001648871

001651832
220
001655544

001658255


221
001658464

001700632
222
001700883

001705554
223
001705804

001710309
224
001711310

001717357
225
001717608

001718817
226
001724907

001726950
227
001727117

001731121
228
001731288

001734625
229
001735709

001742049
230
001742633

001746929
231
001749681

001753268


232
001756271

001759399
233
001759566

001801610
234
001803695

001807241


235
001807407

001811954
236
001812120

001818001
237
001818168

001821171
238
001821338

001824091
239
001824758

001828262
240
001828470

001830931
241
001833725

001837020
242
001837229

001841817
243
001841984

001845696
244
001848699

001850993
245
001852619

001856248
246
001856456

001859543
247
001859710

001901795
248
001903422

001905882
249
001913348

001914891
250
001917894

001921398
251
001921648

001924234
252
001924443

001926403
253
001928864

001931783
254
001933452

001936622


255
001936913

001938915
256
001939833

001943128
257
001943295

001947049
258
001947299

001948925
259
001953597

001957809
260
001958060

002000646
261
002000812

002002397
262
002010489

002012324


263
002012574

002014701
264
002015452

002017037
265
002018914

002021667
266
002023001

002027130
267
002027297

002030509


268
002032719

002034888


269
002035222

002036973
270
002050362

002055325
271
002055534

002058412


272
002103417

002104668


273
002104835

002108797
274
002109005

002110215
275
002112092

002113760
276
002115011

002119725
277
002121268

002123395
278
002124813

002127649


279
002129609

002132779


280
002132988

002134406
281
002135741

002139119
7
282
002140287

002144040
283
002144249

002147961

