1
000002752

000003794
2
000003962

000007923
3
000008091

000012344
4
000012512

000017725
5
000019227

000021020
6
000021187

000023439
7
000024858

000025899
8
000026067

000028652
9
000028862

000030904


10
000031114

000035451
11
000037370

000040080
12
000041833

000045836
13
000050091

000051508
14
000052886

000054428
15
000054596

000058474


16
000058641

000100267


17
000100435

000104146


90
18
000104314

000105981
90
80
19
000106149

000108317
20
000109778

000112237
21
000113948

000115783
90
22
000115950

000119620
20yearold
23
000159994

000203997
24
000204165

000207543
25
000208169

000209795
26
000209963

000213340
27
000213883

000217678
28
000217846

000221306


10
29
000221474

000224434
30
000224602

000227813
3400
31
000227981

000231650
32
000231818

000234736


33
000234904

000236655
34
000236823

000240075
35
000240243

000243120
36
000244372

000245539
37
000247417

000251336
38
000251504

000254381
39
000254549

000256592
40
000256759

000300470
41
000300638

000303223
42
000304475

000305934


43
000307812

000311315


44
000311482

000314359
45
000316654

000318363
46
000318656

000319907
47
000320074

000321283
48
000321451

000323952
49
000324120

000326413
50
000326664

000328582


51
000328750

000331835
52
000332003

000335464


53
000335632

000338759
54
000338927

000341178


55
000343348

000345724
56
000345892

000350479
57
000358947

000403450
58
000409165

000411625


59
000412377

000414503
60
000414671

000417547
61
000418716

000422219
62
000422845

000424638


63
000424806

000428558
64
000430103

000432604
65
000432772

000435983
66
000436150

000440112
67
000440280

000442948


68
000445285

000449371
69
000450999

000453959


70
000454168

000455711


71
000455878

000458213
72
000502927

000505762
73
000506347

000508724
74
000508891

000510684


75
000510852

000512978
76
000513146

000514187
77
000514355

000517566
78
000518443

000521361


79
000521821

000524031
80
000525199

000528618


81
000528786

000534416
82
000534625

000536835


83
000537003

000539546
84
000539714

000540756
85
000541841

000544426
86
000546220

000548513
87
000548681

000551767


88
000551934

000555270
89
000555438

000558398
90
000558566

000601777
91
000604155

000606490
92
000606657

000609284
93
000610620

000612746
94
000612914

000613955
95
000614123

000616416


96
000616584

000620837


97
000622590

000624800
98
000624967

000627719
99
000627887

000631264
100
000631432

000634059
101
000637438

000640524
102
000640691

000643235
103
000645530

000648156


104
000650701

000653829
105
000659877

000701753
106
000702213

000703463
107
000703631

000706508
108
000707260

000708927
109
000709470

000714141
110
000716602

000720105
111
000721566

000723442
112
000723609

000726319


113
000726487

000729114
114
000729282

000731450
10
115
000731617

000735245
10
116
000735413

000737914
117
000738082

000739332
118
000739500

000743003


119
000743171

000745046
120
000746007

000747716
121
000748926

000753346
122
000753514

000756725
123
000805318

000807986
124
000808154

000811573
125
000811782

000814576


126
000814744

000817162
127
000817330

000821625
128
000821792

000823168
129
000823336

000826087
10
130
000826255

000829090
131
000831469

000834513
132
000834680

000837057
133
000837225

000840393
134
000840561

000842395


135
000842563

000843939
136
000845733

000848485
137
000848653

000851154


138
000853783

000855408
139
000855576

000857786
140
000857954

000859412
141
000901249

000902582
142
000902750

000906545
143
000906712

000910840
144
000911008

000912384
145
000912552

000915679
146
000915846

000917973
147
000918140

000920475
148
000920643

000922894
149
000923062

000924104
150
000924272

000926398
151
000926566

000928650
152
000928818

000930402


153
000930570

000931611
154
000933322

000936408
155
000937618

000939703
156
000940705

000943957


157
000947253

000951923
158
000952091

000956386
159
000956554

000957596
160
000957763

001000265
161
001000433

001001891
162
001002059

001006271
163
001006439

001009524
164
001009692

001014321


165
001014488

001016406
166
001016616

001019200
167
001019368

001020869
168
001021037

001024873
169
001025041

001028376
170
001028586

001032505
171
001032673

001038011
172
001042058

001044434


173
001047438

001049272
174
001049440

001050482


175
001050650

001053985
176
001054570

001056488


177
001056656

001057864
178
001058532

001104287


179
001104830

001107207
180
001107375

001108875
181
001109043

001111544


182
001112588

001115674
183
001116634

001119552


184
001121555

001124099
185
001124517

001127143
186
001135111

001138071
187
001138239

001140865
188
001141033

001143702


189
001143869

001145745
190
001146706

001150917
191
001152211

001154921


192
001159218

001200427
193
001200594

001203471
194
001203639

001207642
195
001207810

001208852
196
001209019

001212814
197
001212982

001214899
198
001215067

001217402
199
001217570

001221072
200
001221240

001225910
201
001226120

001227412
202
001230207

001232417
203
001237590

001240383
204
001240551

001243553
205
001243721

001246931
206
001251687

001254689
207
001254899

001256524
208
001256692

001257859
209
001258027

001300779
210
001300946

001302197
211
001302364

001304866
212
001305034

001306951
213
001310039

001311080
214
001311248

001315001
215
001317963

001321382


216
001321550

001325094
217
001325262

001328515


218
001333771

001336314


219
001336482

001340235
220
001340402

001342821


221
001342988

001345448
222
001345616

001347492
223
001349328

001352413


224
001352581

001355708
225
001356919

001358461
226
001358671

001401548


227
001401799

001404300


228
001409139

001410390
229
001410558

001412433
230
001412601

001415019
231
001415479

001418523
232
001418691

001420859
233
001421026

001422777
234
001424321

001425613
235
001425781

001428616
236
001428784

001433204
237
001434373

001437333


238
001437501

001442130
239
001442298

001445508
240
001445676

001448177
241
001448345

001449596
242
001450472

001453433
243
001453601

001455852
244
001456020

001500398


245
001501150

001505069
246
001505237

001508448
247
001508616

001512535
248
001513954

001518207
249
001518375

001520376
250
001521295

001522921
251
001523088

001527175
252
001527343

001529510
253
001529678

001532847
254
001539063

001541648
255
001541815

001543858
256
001545736

001547278
257
001547446

001550448
258
001550616

001554994
259
001556538

001559040


260
001559208

001601876
261
001602044

001603211
262
001603379

001605296
263
001605464

001606923
264
001615057

001617725


265
001623732

001628403


266
001628570

001631072
267
001631240

001635284
268
001635828

001638413


269
001641583

001643501


270
001643752

001647296


271
001648424

001650758
272
001650926

001653803
273
001700144

001702854
274
001703022

001704147
275
001704314

001708776


21
276
001708986

001710403
277
001710571

001713531
278
001716910

001718786


279
001718954

001721873
280
001724918

001727170


281
001727337

001729714
282
001731258

001734093
283
001734261

001737263
284
001737431

001740933
285
001741101

001745605
286
001746231

001747774
287
001751528

001754405
288
001756116

001758117


289
001758285

001800787
290
001800954

001803456
291
001803624

001805333
292
001805501

001807502
293
001807669

001811464
294
001813217

001815134
295
001817096

001818554


296
001818722

001821307
297
001821475

001824268
298
001827064

001828773


299
001828941

001831484
300
001831693

001833194
301
001835197

001836739


302
001836907

001839992


303
001840160

001843496
304
001847042

001848251
305
001848418

001850086


306
001850254

001852713
307
001852881

001855383
308
001856426

001857468


309
001857636

001858678


310
001858846

001900847

311
001901014

001904183
312
001904351

001906435
313
001906645

001912066
314
001912234

001915069
315
001915237

001918322
316
001918490

001921117
317
001921285

001924120


318
001924288

001927498


319
001927666

001931961


320
001933422

001936716
321
001936884

001940803
322
001942389

001944390
323
001944558

001947310
324
001947477

001951522
325
001952649

001955193
326
001955944

001958070
327
001958238

002000656


328
002000824

002003159
329
002008790

002011792
330
002011960

002016589
331
002018217

002021886
332
002022930

002026807
333
002026975

002029894
334
002030354

002032480
335
002032648

002036817
336
002036985

002039403
337
002040447

002041906
338
002042074

002043866


339
002044034

002049247
340
002050582

002052416
341
002052626

002054418
342
002055128

002059590
343
002101260

002105221


344
002105389

002107348
345
002108267

002109809
346
002110269

002111769
347
002112479

002114355
348
002115649

002119318


349
002124408

002126909


350
002127077

002129745


351
002129913

002133165


352
002133333

002136168
353
002138964

002140214