1
000002627

000004503
2
000004671

000006922
3
000008341

000010592
4
000012804

000015097
5
000015265

000018559
6
000019978

000021437
7
000021604

000024940
8
000025108

000026775
9
000026943

000030404
10
000031906

000035743
11
000035994

000038871
12
000039039

000040789
13
000040957

000042916


14
000044044

000047171
15
000049466

000052718
16
000054054

000056430
17
000057974

000102770
18
000103021

000106190
19
000106357

000108859
20
000110445

000112237
21
000112405

000114823
22
000114991

000116366
23
000117994

000120370
24
000120538

000122289
25
000124459

000127961
26
000128129

000130464
27
000131925

000134885
28
000135053

000138847
29
000139099

000142059
30
000142310

000144228
31
000145522

000147856
32
000148024

000150067


33
000150235

000154571
34
000154739

000155948
35
000156116

000159743
36
000159911

000201995
37
000202163

000206583
38
000208128

000212881
39
000258928

000300596
40
000300763

000302973
41
000303141

000306351
42
000306519

000309730
43
000310815

000315694


44
000315862

000318530


45
000318698

000323118


46
000323286

000326580


47
000329250

000332669


48
000332837

000337674
49
000337842

000340594


50
000340762

000342262


51
000342430

000344181
52
000344349

000346350
53
000348853

000353315
54
000401824

000405494
55
000407038

000409748
56
000412335

000414086
57
000414254

000417339


58
000417507

000421176
59
000421344

000423679
60
000424138

000425597
61
000426474

000431228
62
000431396

000434064
63
000435483

000436650
64
000437193

000438986
65
000439153

000440696
66
000440863

000444449
67
000445952

000447744
68
000447912

000448954


69
000449122

000450622


70
000450999

000455460
71
000459090

000501925
72
000502552

000504970
73
000505138

000506847
74
000507015

000510225
75
000511769

000512811
76
000514689

000515856
77
000517275

000519443
78
000519610

000522529


79
000522697

000525866
80
000526326

000529244
81
000529495

000531663
82
000531831

000533498
83
000533666

000536126
84
000536294

000538086


85
000538254

000540505
86
000540673

000543675
87
000543843

000545218
88
000547430

000548680


89
000548848

000549848


90
000550016

000551600
91
000551768

000553393
92
000554896

000556396
93
000556564

000558899
94
000601194

000602361
95
000603404

000606448
50
96
000606699

000610285
97
000610995

000614456
98
000614707

000616750
99
000618961

000620379
100
000620546

000621671


101
000621839

000623840
102
000625259

000626635
103
000630473

000633392


104
000633559

000634893
105
000635061

000638355


106
000638523

000640190
3
107
000640358

000641566
108
000643945

000646822


109
000646989

000649199


110
000649367

000652994
111
000653162

000656915
1987
112
000657083

000701628
113
000703131

000705799
114
000706050

000709344


115
000709595

000712180


116
000712432

000717727
117
000717895

000722774


118
000724569

000726361
119
000726529

000730282
120
000731701

000735203
121
000735455

000736913


122
000737123

000738498
123
000738791

000739958
124
000740668

000743962
125
000744213

000745797


126
000745965

000748049
127
000748718

000750719
128
000750887

000752762


129
000752972

000755974
130
000756225

000758935
131
000759729

000801646
132
000803065

000805192


133
000805651

000808737
134
000816370

000818079
135
000818289

000821666
136
000822793

000823835
137
000824170

000825420
138
000825671

000827714
139
000827965

000831801
140
000831969

000833678
141
000833846

000835555
142
000836224

000838975
143
000839435

000841478
144
000843397

000846066


145
000846234

000849486
146
000849654

000851947
147
000852198

000856368
148
000901249

000905252
149
000905920

000907712
150
000909715

000911800
151
000913594

000915929


152
000916097

000917722
153
000919225

000921643
154
000921978

000924437
155
000924855

000928066
156
000928234

000930277
$13
157
000930444

000932571
158
000933489

000936366
159
000936617

000939703
160
000939954

000942455


161
000942623

000945166
162
000945334

000950005


163
000950172

000953842
164
000954010

000956970


165
000957138

000958847
166
001004186

001006646
167
001006814

001010066
168
001010234

001013278
169
001013529

001017616
170
001017825

001019409
171
001020745

001024331
172
001024582

001028418
173
001030004

001031421
174
001031672

001035967
175
001036218

001037427
176
001039221

001040347
177
001040556

001044309
178
001048064

001049564
179
001050149

001054944
180
001056656

001058907


181
001059116

001101618
182
001101786

001104913


183
001105081

001107874
184
001108250

001111002
185
001112296

001114005
186
001114173

001115715


187
001115883

001119219
188
001119387

001120512
189
001120680

001124349


190
001125267

001127727
191
001127978

001131481


192
001131649

001135527
193
001135778

001137779
194
001139448

001141157
195
001147039

001148957
196
001149166

001152127
197
001152378

001155046
198
001155297

001158341
199
001158551

001200260
200
001200511

001202095


201
001202304

001205557
202
001205725

001211312
203
001211480

001215817
204
001216944

001220029
205
001221824

001223324
206
001224660

001227579
207
001227747

001230749
208
001230916

001235211
209
001236630

001238298
210
001239508

001241092
211
001241927

001244679
212
001244847

001246055


213
001247224

001248558
214
001251270

001252854


215
001253481

001256649
216
001256817

001300278
217
001300446

001303573
218
001304867

001307285
219
001307453

001310121
220
001310372

001314167
221
001314627

001317295
222
001317505

001318755
223
001321759

001324302
224
001325054

001326971
225
001328724

001331392
226
001331644

001335396
227
001338234

001341152
228
001341320

001342654
229
001348744

001350620
230
001350788

001354457
231
001354625

001358336
232
001401841

001405510
233
001405719

001408596
234
001408848

001412100


235
001412309

001415854


236
001416021

001417981
237
001418148

001421276
238
001421485

001423444


239
001424029

001425113
240
001425698

001427824
241
001428868

001431160
242
001431328

001434205
243
001434373

001438042


244
001439753

001442213
245
001443132

001445133
246
001452224

001456728
247
001458355

001459981
248
001500232

001504402
249
001505821

001509949


250
001513329

001515079
251
001515247

001518583
252
001519209

001522086
253
001522254

001523963


254
001526383

001528509
255
001533140

001535391


256
001537519

001538978


257
001539229

001541898
258
001542149

001546653
259
001546862

001548905
260
001550491

001553034
261
001553202

001555495
262
001556538

001601668
263
001602044

001605672


264
001605839

001609384


265
001612805

001616099
266
001616266

001619519
267
001619687

001623022
268
001623190

001626776
269
001628946

001633574
270
001637204

001640790
271
001641041

001643668
272
001645921

001647755
273
001648465

001650174
274
001650426

001653803
275
001655764

001659100
276
001701145

001703604
277
001708068

001710611
278
001710863

001715074
279
001715284

001720288


280
001720456

001722123
281
001723167

001724751
282
001724918

001729464
283
001729715

001732091
284
001732342

001733634
285
001736013

001739098
286
001739349

001743227
287
001746732

001748107
288
001748317

001751819
289
001752071

001753654
290
001755074

001756616
291
001756867

001758868
292
001801205

001803247


293
001804166

001806542
294
001808504

001813466
30yearold
295
001813634

001817053
30yearold
296
001819181

001821516
297
001821725

001823476
298
001825979

001828689
299
001828899

001830983


300
001831401

001833861
301
001834029

001836656
302
001836907

001838908
303
001840661

001846374
304
001846583

001851212


305
001851421

001854340
306
001854550

001857677
307
001857928

001901556
308
001901723

001903516
309
001910065

001911232
310
001911441

001914443
311
001914611

001918406
312
001920159

001921284
313
001921451

001925538
314
001925706

001928749


315
001931086

001934130


316
001935674

001937717


317
001943098

001944390
318
001945100

001946976
319
001947686

001950688
320
001950856

001953357
321
001953525

001956027
322
001956195

001958946
323
001959114

002000656
324
002001158

002002575
325
002006830

002009081
326
002009249

002011292
327
002012502

002015046
328
002016465

002018257
329
002020052

002023763


330
002023931

002028643
331
002028810

002032188
332
002032356

002035066
333
002042658

002046786


334
002047037

002048371
335
002048538

002052583
336
002052751

002054377
337
002059216

002100716
338
002100884

002102385
339
002103637

002105429
340
002105597

002107515
341
002108392

002111477
342
002111645

002114897
343
002116525

002119568