1
000004421

000005546


2
000005714

000007131


3
000007298

000009174
4
000009342

000012302
5
000012470

000014138


6
000014305

000017099
7
000017267

000019184
8
000019352

000023355
9
000023982

000026567
10
000027318

000029361
11
000030613

000033949
12
000034117

000036285
13
000036453

000040080
14
000041207

000044710
15
000044878

000049089


16
000050467

000053761
17
000053970

000056597


18
000056765

000100601
19
000100769

000104980


20
000105148

000108692
21
000109778

000113447
22
000113615

000116825
23
000118161

000119995
24
000120163

000122915
25
000123083

000125167
26
000125335

000129046
27
000130799

000134093
28
000134761

000137387
29
000232026

000234111


30
000234279

000236613
31
000237907

000241243
32
000241411

000244163


33
000244330

000245873
34
000246040

000248584
35
000248751

000251378
36
000251546

000253255
37
000253423

000256550
38
000257719

000300345

4

39
000300513

000305392
40
000306895

000307936


41
000308104

000309771
42
000309939

000313734
43
000313902

000317529
44
000318781

000320616


45
000320783

000322409
46
000322577

000326663
47
000326831

000330083
48
000330251

000332628
49
000332795

000336757


50
000336925

000341178
51
000341346

000344598
52
000344766

000348685

53
000349938

000352439
54
000352607

000355317
55
000355485

000359488
56
000359656

000402407
57
000402575

000404576


58
000404744

000407287

59
000416172

000417965
60
000418132

000421593
61
000424347

000427599
62
000428101

000429893
63
000430061

000432688
64
000432855

000435023
65
000435191

000437651


66
000437819

000440654
67
000440822

000442864
68
000443032

000447160
69
000448746

000451832


70
000457755

000459298
71
000500758

000504219
72
000504387

000508557
73
000508725

000510350
74
000510518

000513437
75
000514397

000519818
76
000519986

000522529
77
000522697

000525699
78
000526576

000528035
79
000528202

000532873
80
000534959

000536918
81
000540173

000544593
82
000546054

000549765


83
000549932

000552726


84
000552894

000555437


85
000555605

000558482


86
000559609

000601568
87
000603905

000605947

1

88
000606115

000609993

4

89
000610161

000612954
90
000613122

000617334
91
000618378

000620796
92
000622298

000624466
93
000624634

000627427
94
000627595

000629137
95
000629305

000632140

4

96
000632308

000635352
97
000635520

000638897
98
000642568

000645487
99
000646489

000647989
100
000648157

000649950


101
000654330

000657916
16
102
000658084

000700127


103
000700294

000701670
104
000701838

000705507
105
000706008

000707092
106
000707260

000709886
107
000710054

000711972
108
000712140

000714975
109
000715601

000717769
110
000717937

000720439
1
111
000720606

000723525
112
000724777

000728864
113
000729031

000730991
114
000731159

000733368
115
000733536

000734703


116
000734871

000737414
300
117
000737582

000740709
118
000740877

000743879
119
000745965

000750051


120
000750219

000755599
121
000757643

000801354
122
000801522

000802939


123
000803107

000805734


124
000805902

000810030
125
000810198

000814034
126
000814202

000815452
127
000815620

000817871
128
000818039

000820457
129
000820625

000822876


130
000830092

000833428


131
000834889

000837349


132
000837517

000840852


133
000841020

000845023
134
000845191

000848693
135
000848861

000851154
136
000851322

000852948


137
000853115

000856117
138
000857828

000902290
139
000902792

000906044
140
000906212

000909798
141
000909966

000912092
142
000912260

000913760


143
000913928

000915887


144
000919684

000921893
45
145
000922061

000927148
146
000927316

000929276
147
000931904

000933822


148
000933990

000935031


149
000935199

000936449
150
000936951

000940328
151
000940496

000943873
152
000945126

000949129


153
000949297

000950755
154
000952341

000954801


155
000954969

000956803
156
000956971

000958805


157
000958973

001001266


158
001002727

001005228
159
001005396

001008690
160
001008858

001012110


161
001012278

001014487


162
001014655

001018366


163
001019619

001021328
164
001022079

001026082
165
001026709

001029878
166
001030046

001031713
167
001031881

001035425
168
001035593

001038053
169
001039180

001042682
170
001042850

001046853
171
001047229

001051191
172
001052568

001054778
173
001054945

001058657
174
001058824

001102869


175
001106666

001109417
176
001110836

001113880
177
001114048

001116007


178
001116175

001117717
179
001117885

001121054
180
001122723

001125183


181
001125351

001127060
182
001127228

001129729
183
001129897

001132065
184
001132233

001134526
185
001138280

001139447
186
001141701

001143952
187
001148207

001149249
188
001150626

001151835
189
001153087

001155255
190
001155423

001158007
191
001158592

001203430
192
001204974

001207392
193
001208769

001211771
194
001213816

001217819


195
001219780

001222449
196
001222616

001226453
197
001227788

001230582
198
001230750

001233042
199
001233210

001237589
500
400
200
001237757

001239215
201
001239383

001244012
202
001245848

001250268
203
001250436

001252395
500
204
001252563

001255315
205
001301614

001302864
206
001307203

001309204
207
001317463

001320298
208
001320466

001322801
209
001322968

001328139
210
001328682

001332185
211
001332353

001334896
212
001335064

001336397
213
001336565

001339150


214
001343405

001345698
215
001345866

001349410


216
001349578

001351663
217
001351831

001353248


218
001355125

001358169
219
001358337

001400713
220
001400881

001403091


221
001405094

001408596


222
001408764

001410974
223
001411141

001414185
224
001416105

001420024
225
001420192

001422777
226
001422945

001427532
227
001427700

001430618
228
001430786

001432579
229
001432746

001435790


230
001435958

001439627
231
001439795

001443381
232
001443549

001445633
233
001449263

001452015
234
001452182

001455184
235
001458147

001501274
236
001502818

001504903
237
001505070

001508823


238
001513662

001516247
239
001516415

001518875
240
001519043

001521419
241
001521587

001523922
242
001524089

001528509
243
001530846

001532180


244
001532348

001534432
245
001534600

001537060
246
001538020

001541814
247
001541982

001543191
248
001543692

001546736
249
001546904

001549530
250
001549698

001552784


251
001552952

001555995
252
001556163

001557872
253
001558040

001601751
254
001601919

001604587
255
001604755

001607507
256
001607675

001610134


257
001613180

001615264
258
001616308

001618309
259
001619937

001621938
260
001626485

001630029
261
001630197

001633074


262
001633242

001636911
263
001642584

001645586
264
001646338

001649090
265
001649258

001651592
266
001651760

001656347
267
001657516

001659308
268
001700060

001702979


269
001704732

001707483
270
001707651

001710737
271
001710904

001712989
272
001714783

001716868
273
001717036

001718077


274
001718245

001719620
275
001721331

001723207
276
001723375

001727837
277
001728672

001730214
278
001730883

001735470
279
001735637

001739474
280
001740934

001742894
281
001745856

001750193


282
001751820

001755490
283
001755657

001758284
284
001758452

001801370
285
001801538

001804165
286
001806126

001809545
287
001809713

001812048
288
001812216

001815176
289
001815344

001818888
290
001819056

001822683


291
001823185

001824852
292
001825020

001827772
293
001827940

001830858
294
001831485

001834570


295
001836031

001838616
296
001838784

001841119


297
001841286

001842703
298
001843455

001846374
299
001846542

001849919


300
001900305

001903933


301
001904101

001906310
302
001906478

001908813


303
001908981

001910064
304
001910232

001913276
305
001913443

001914944
306
001916905

001918573
307
001918740

001921159
308
001921326

001923411
309
001923579

001925580


310
001925747

001929834
311
001930419

001932295
312
001933255

001935423
313
001943557

001945933


314
001947769

001949896
315
001950063

001953608


316
001953775

001956277
317
001956445

001958613
318
001959323

002003034


319
002006288

002008372
320
002008957

002012126


321
002012294

002015588


322
002017883

002020092
323
002020260

002022303
324
002022471

002023638
325
002025140

002026933
326
002027100

002030311
327
002030479

002034690
328
002035692

002040029


329
002040197

002044158
330
002044326

002046118
331
002046286

002049622
332
002049790

002052875
333
002053043

002055920


334
002056088

002057755
335
002107933

002113229


336
002115107

002117942
337
002118735

002122780
338
002124866

002126284
339
002128370

002130037
340
002130914

002132873
341
002133750

002135543
342
002135711

002139797


343
002145762

002148681
344
002148849

002152518


345
002153562

002156564
346
002157316

002201068
347
002208201

002212580
348
002217794

002220629
349
002221506

002224216
350
002227179

002231766
351
002231933

002233809
352
002235937

002237438


353
002237606

002240649
354
002243570

002245905
355
002246073

002250493
356
002250660

002253454
357
002254247

002256874