1
000003461

000006338
2
000006506

000009842
3
000010010

000013053
4
000013221

000015848
5
000017392

000020769
6
000021396

000023022
7
000025150

000027568
8
000027777

000029778
9
000029946

000031196
10
000032657

000034992
11
000035160

000037453
12
000037620

000039371
13
000039539

000041290
14
000041458

000043083
15
000043251

000045044
16
000045837

000048505
17
000141851

000145521
18
000145688

000148690
19
000149400

000150734
20
000150902

000153904
21
000154072

000157533


22
000158326

000159576
23
000159744

000202454
24
000202622

000204039
25
000204207

000205791


26
000205959

000207042
27
000207627

000209753
28
000209921

000211839
29
000212215

000214716
30
000214884

000218387
31
000220014

000222307
32
000228189

000230232


33
000230400

000232776
34
000236322

000238740
35
000238908

000241827
36
000241995

000244580
37
000246875

000250460
38
000250628

000253714


39
000253882

000255549
40
000255717

000258260
41
000259888

000302639
42
000302807

000305100
43
000305268

000306268
44
000306436

000309813
45
000311316

000312357
46
000312525

000316361
47
000316529

000317946
48
000319157

000322451


49
000322785

000324286
50
000324454

000328332
51
000328625

000330417
52
000330585

000334004
53
000334172

000336256
54
000336424

000338175
55
000338343

000342137
56
000342972

000346725
57
000346893

000351313
58
000351814

000355651
59
000355818

000358946
60
000359113

000402491
61
000402659

000404201
62
000404369

000406995
63
000408081

000409331
64
000409499

000411959
65
000412335

000413835
66
000415797

000417714
67
000417882

000420759
68
000420927

000424680
69
000425598

000427266
70
000428142

000430978


71
000433231

000436066
72
000436234

000438318
73
000438486

000441571
74
000441739

000445075
75
000445493

000446910
76
000448204

000450455


77
000450665

000452040
78
000452208

000455544
79
000456212

000458422
80
000500800

000504678
81
000509309

000512394
82
000514480

000517274
83
000519819

000521320
84
000521904

000523363
85
000525116

000528535
86
000529162

000530871
87
000531831

000532998
88
000533166

000536168
89
000536336

000539463
90
000539630

000542966
91
000543301

000545552
92
000545720

000547429
93
000548264

000552934
94
000553102

000555729
95
000557148

000558815
96
000558983

000601318
97
000601486

000604112
98
000605031

000607240
99
000608993

000611870
100
000612038

000614664
101
000617043

000618377
102
000618544

000621713
103
000625176

000627719
104
000630139

000631640
105
000631808

000635060
106
000635228

000638188
107
000638856

000641942


108
000643277

000646947
109
000647573

000650492
110
000650660

000651993
111
000652161

000654621
112
000654789

000658375
113
000658543

000700127
114
000700920

000702879
115
000703047

000705340
116
000705508

000707134
117
000707969

000711096
118
000711264

000714266
119
000716602

000718645
120
000729991

000730991
121
000731159

000734411
122
000734579

000737956
123
000741752

000744880


12
124
000755183

000757100


125
000757268

000759895
126
000800062

000802189
127
000804275

000805734
128
000806235

000807569
129
000809906

000811281
130
000811866

000813366
131
000813534

000816995
132
000817163

000819998
133
000820166

000823960


134
000824921

000827422
135
000830593

000833011


136
000834889

000838183
137
000839060

000841186
138
000841354

000845232
139
000846692

000848985
140
000850279

000851404
141
000851572

000853198
142
000853366

000855784
143
000857286

000901831
144
000903167

000904668
145
000907380

000909548
146
000910424

000912050
147
000916889

000919558
148
000920851

000922936
149
000923813

000925814
150
000928276

000929609
151
000929777

000931194
152
000931362

000934489
153
000935074

000937742
154
000937952

000939953
155
000940621

000942706
156
000942873

000946918
157
000947086

000949379
158
000951757

000953967
159
000956304

000958972
160
000959140

001002559
161
001002727

001004269
162
001005479

001007814


163
001007982

001011359
164
001011527

001013695
165
001013863

001017949
166
001019118

001020410
167
001020578

001022912
168
001025333

001026708
169
001028085

001029794
170
001030004

001033006
171
001033215

001036426
172
001036594

001040597
173
001040765

001043141
174
001043643

001045018
175
001045186

001046645
176
001046812

001050148
177
001050316

001051858
178
001052026

001055487
179
001055655

001056863
180
001057031

001059574
181
001059742

001101951
182
001103371

001105705
183
001107667

001109292
184
001110920

001112754
185
001112922

001115799
186
001119762

001122430
187
001123891

001125600
188
001125768

001127352
189
001138406

001140240
190
001143619

001146371
191
001149417

001151209
192
001152378

001154129


193
001154505

001155880
194
001157800

001201344
195
001201512

001203221
196
001203389

001206850
197
001207017

001209102
198
001209270

001211312
199
001211480

001213231
200
001213399

001216651

201
001218195

001221197
202
001221365

001224284


203
001226328

001228788


204
001228956

001231458
205
001231625

001234753
206
001236630

001238715
207
001239800

001242343
208
001242511

001244471


209
001244638

001247682
210
001247850

001249517
211
001249685

001252896
212
001253063

001254898


213
001301447

001302947
214
001303115

001305158
215
001305326

001307619
216
001307787

001309370
217
001309580

001313249
218
001313417

001316044
219
001316754

001322425
220
001323093

001325762
221
001326806

001330725
222
001330935

001333228


223
001338818

001340819


224
001341529

001342987
225
001346951

001348159
226
001348828

001351579
227
001351747

001353039
228
001353374

001355124
229
001401340

001402549
230
001403676

001407303


231
001407471

001410682
232
001410850

001412350
233
001412518

001415103
234
001415271

001417772
235
001419942

001423236
236
001423821

001424946
237
001425114

001426364
238
001426991

001428825
239
001432913

001434873


240
001435749

001436875
241
001437042

001438585
242
001438752

001440837


243
001441005

001442005
244
001443507

001444507
245
001444675

001446551
246
001446719

001448219
247
001449096

001452557


248
001453851

001456227
249
001457771

001459772
250
001459940

001502984
251
001503152

001506821
252
001509241

001510700
253
001512244

001514621
254
001514788

001518333
255
001518500

001520835
256
001521003

001524923


257
001525090

001529928
258
001530095

001533890
259
001535309

001537060


260
001537227

001539479
261
001539730

001543524
262
001543901

001545443
263
001546612

001548821
264
001548989

001550490
265
001553118

001555119
266
001555287

001556663
267
001559166

001601709

268
001601877

001603211
269
001603963

001605380
270
001605965

001608341
271
001608509

001610843
272
001624733

001626401
273
001628529

001630989
274
001631156

001632532
275
001632700

001634242
276
001637246

001638788
277
001638956

001640456
278
001641375

001644419
279
001644586

001646212
280
001646380

001648965
281
001649174

001650633
282
001652761

001654220
283
001655681

001658433
284
001658809

001701394
285
001701562

001703187
286
001703814

001705481
287
001709236

001711904
288
001712281

001713823
289
001714992

001716200
290
001716368

001717994
291
001718162

001719829
292
001724376

001726627
293
001727337

001728880
294
001729173

001731966


295
001732593

001734469
296
001734636

001736345
297
001736513

001738806
298
001739183

001740933
299
001741101

001743895
300
001744063

001747190
301
001747357

001750276
302
001753030

001755073
303
001755240

001756866
304
001757034

001759911


305
001801997

001804665
306
001806168

001808753
307
001810130

001812507
308
001812674

001815343
309
001815719

001818054
310
001820808

001822183
311
001823227

001824310


312
001824478

001826270


313
001826438

001827897
314
001828065

001829357
315
001829525

001830817
316
001831693

001836405


317
001837699

001838908
318
001839243

001843329
319
001845999

001848126
320
001848377

001850753
321
001850921

001854006
322
001856510

001858761
323
001859346

001900555
324
001901849

001902932
325
001903267

001905810
326
001906186

001908479
327
001908897

001912358
328
001912526

001914402
329
001914570

001917947
330
001918115

001919198
331
001919533

001922827
332
001923078

001924704
333
001925164

001926831
334
001926999

001928916
335
001929084

001932128
336
001934047

001935298
337
001935465

001938426
338
001938594

001941220
339
001941388

001944265
340
001944433

001946726
341
001946894

001950062


342
001950230

001953232
343
001954443

001957153
344
001957321

001959697
345
001959865

002003576
346
002003744

002007622
347
002008749

002010917
348
002011084

002013878
349
002014046

002016214
350
002017007

002018883
351
002019051

002020384
352
002022554

002024972
353
002025140

002027600
354
002027768

002031395
355
002031563

002033689
356
002034358

002035858
357
002036360

002039737
358
002039905

002042365
359
002043617

002046702
360
002054002

002055503
361
002055963

002057296
362
002058090

002059590
363
002100175

002101592
364
002101969

002104512
365
002104680

002107640
366
002107808

002110059
367
002111144

002112853
368
002116942

002118776
369
002127119

002130621
370
002130789

002133833
371
002134001

002135876
372
002138964

002143092
373
002144303

002147054


374
002147222

002149765
375
002149933

002151142
376
002151310

002153728


377
002153895

002155938
378
002156106

002159442
379
002159609

002202611
380
002202779

002205406
381
002205574

002208117
382
002208618

002211620
383
002211788

002212955


384
002213123

002214498

385
002214666

002216584

386
002218420

002220046
387
002220213

002222006
388
002222174

002223924
389
002224092

002225301
390
002225469

002229221
391
002229389

002232808
392
002232976

002234685