1
000003586

000005963
2
000006131

000009633
3
000009801

000011552
4
000011720

000014680
5
000016641

000018600
6
000019060

000023355
7
000023523

000027776
8
000027944

000029903
9
000031072

000034908
10
000035076

000038412
11
000038580

000039913
12
000040081

000041832
13
000042083

000044626
14
000044794

000046670


15
000046838

000049423


16
000051134

000053427
17
000053595

000055471
18
000056556

000059349
19
000154072

000157908
20
000201079

000205958
21
000210630

000213132


22
000215176

000217010
23
000218263

000219471


24
000222350

000224810


25
000224978

000228313
26
000232652

000234444
27
000235905

000238532


28
000238700

000241994
29
000242162

000244329
30
000244497

000248417
31
000248585

000251670
32
000251838

000254089
33
000254257

000257926
34
000300346

000301680


35
000301848

000303307


36
000303474

000304850
37
000305768

000309605
38
000309772

000311732


39
000311900

000312941
40
000313109

000316236
41
000316404

000320782
42
000320950

000326163
43
000327749

000329333
44
000329500

000331835
45
000332003

000334755


46
000334923

000337841
47
000338009

000340260
48
000341179

000343513
49
000343681

000347809
50
000347977

000350562
51
000356861

000400656
52
000400823

000405118
53
000411000

000413669
54
000413836

000416838
55
000417006

000420842
42point
56
000430395

000432104
57
000433898

000436233
58
000436401

000440153
59
000440321

000442072
60
000442240

000443782
61
000443950

000446785
62
000448997

000452791


63
000452959

000455627


64
000455795

000458630


65
000458798

000500257
66
000501926

000504636
67
000504804

000506847
68
000507015

000509891
69
000510059

000513645
70
000513813

000517357


71
000517525

000522904
72
000523072

000526158
73
000526326

000531204
74
000533833

000535751


75
000535918

000537836
76
000538921

000540922


77
000541090

000543425
78
000543593

000547554
79
000548848

000551350
80
000551517

000554811


81
000554979

000600150
82
000600318

000602694
83
000603696

000605906
84
000608159

000613038
85
000613206

000615499


86
000615666

000618335
87
000618503

000620962
88
000622465

000627177
89
000632225

000636311
90
000636979

000640190
91
000640358

000642275
92
000643111

000646822


93
000647740

000650450
94
000652286

000654788
95
000654956

000656957
96
000703172

000704506


97
000704674

000706675
98
000707760

000709344
99
000710054

000713557
100
000713724

000716184
101
000720064

000723733
102
000723901

000728029
103
000730158

000732242


104
000732410

000734911
105
000735079

000737622
106
000738332

000740000
107
000748301

000749801
108
000751429

000753763
109
000753931

000754973
110
000756601

000758185
111
000758352

000801813
112
000803065

000807319


113
000808154

000811573


114
000811741

000815494
115
000820458

000824628
116
000824795

000827005


117
000827173

000828965
118
000829634

000833053


119
000833596

000836806
120
000837391

000838892
121
000839060

000842771
122
000843064

000844731
123
000849362

000851071
124
000853115

000855951
125
000856118

000858787
126
000859372

000903291
127
000904919

000908004
128
000908172

000911841


129
000912009

000914511
130
000914679

000919099
131
000919267

000921184
132
000921352

000922936
133
000923104

000925438
134
000931195

000932362
135
000932530

000936408
136
000936576

000940579
137
000940746

000944749
138
000950381

000952090
139
000952633

000955552
140
000958639

001000015


141
001000182

001002559


142
001002727

001005979
143
001006147

001009024
144
001009191

001011735


145
001013154

001015614
146
001016240

001017574


147
001017742

001019451


148
001020578

001022746


149
001022913

001025582


150
001025750

001027876


151
001028044

001029461


152
001042475

001045769


153
001045936

001049356


154
001049523

001052692
155
001055529

001058073
156
001058240

001100325
157
001100493

001102494
158
001102662

001106956
159
001110795

001112796
160
001123557

001126559


161
001126727

001129437
162
001130606

001132982
163
001133150

001135276
164
001136028

001137070


165
001137238

001138905
166
001139073

001142617
167
001142785

001145704
168
001148040

001150333
169
001150501

001153002
170
001154630

001157340


171
001157508

001200468
172
001200636

001203763
173
001203931

001207392
174
001207560

001210103


175
001210271

001213314
176
001215192

001217318
177
001219739

001221406
178
001222575

001225118
179
001225953

001228621


180
001228789

001230415
181
001232877

001235211


182
001235379

001237714
183
001238174

001241551
184
001241719

001244929
185
001245097

001248683


186
001250144

001251978
187
001252521

001255565
188
001255733

001258610
189
001258778

001302781
190
001304867

001308703
191
001308871

001313208
192
001315127

001316669


193
001318339

001320507


194
001320674

001322634
195
001327223

001329933
196
001330518

001334395
197
001334980

001337982


198
001338150

001339734
199
001339902

001343738
200
001343906

001347408
201
001347576

001348827
202
001348994

001351996
203
001352164

001353832
204
001355042

001357710
205
001359713

001401047
206
001401215

001404843
207
001405010

001408429
208
001408597

001411015
209
001411183

001412725


210
001412935

001416062
211
001417398

001419858
212
001422695

001424904
213
001425072

001427740
214
001429869

001432453
215
001433122

001436749
216
001439336

001441754
217
001446218

001448803
218
001448971

001452432


219
001455311

001458146
220
001458314

001500440
221
001501650

001503484
222
001503736

001505570
223
001505738

001510033
224
001514663

001516623
225
001516790

001520627
226
001523714

001526049
227
001527635

001530511
228
001530679

001532722
229
001533223

001534682
230
001534850

001537143
231
001537311

001538436
232
001538604

001540271
233
001540481

001541522
234
001543359

001546694


235
001546862

001548780
236
001549323

001553451
237
001553619

001558957

18

238
001600584

001605964
239
001606465

001608049
240
001612805

001616057
241
001616225

001620269


242
001620437

001622105
243
001624733

001626442
244
001626610

001628861


245
001629029

001630363
246
001630531

001632448


247
001632616

001634659
248
001636704

001638913
249
001639081

001642375
250
001642960

001645086
251
001645254

001648798
252
001648966

001652343


253
001652511

001655805


254
001659101

001700601


255
001700769

001703855
256
001705232

001708443
257
001708610

001713865
258
001714033

001715408


259
001715576

001720204


260
001720372

001722832
261
001723000

001726335
262
001729006

001730673
263
001731675

001733384
264
001733552

001738014
265
001738182

001740099
266
001742352

001743394
267
001749860

001753446
268
001753614

001755948


269
001756116

001800787
270
001802081

001805458
271
001805626

001807001
272
001808420

001812256


273
001812424

001815593


274
001815761

001818012


275
001818180

001819931


276
001820099

001821140
277
001821308

001823476
278
001824394

001828356
279
001828524

001831317


280
001831485

001834487
281
001834655

001837281
282
001837449

001841786
283
001841954

001846124


284
001846291

001848376
285
001848544

001852088


286
001855884

001900263
287
001900430

001905351
288
001905519

001907103
289
001910482

001912692
290
001915070

001920992
291
001921160

001923828
292
001925455

001930418
293
001930586

001931627
294
001931795

001933880
295
001935883

001938426
296
001938594

001941137
297
001943307

001945183
298
001948228

001952023
299
001952191

001956360
300
001956945

002000865


301
002001033

002005161


302
002005329

002009749
303
002009917

002013711


304
002013879

002018049
305
002018217

002021719
306
002025349

002027350
307
002030729

002033314
308
002034233

002035274
309
002035442

002038486
310
002038654

002040321
311
002041823

002043241
312
002046745

002048496


313
002048664

002052917


314
002054795

002055836
315
002059925

002100967
316
002101176

002102927


317
002103095

002104303


318
002104471

002105972
319
002106139

002107932
320
002114898

002118943


321
002121029

002124407


322
002124574

002126867
323
002127703

002130913
324
002131081

002134208
325
002138380

002142091
326
002142676

002147638
327
002149599

002150641
328
002152477

002155146
329
002157316

002159317
330
002200485

002202945
331
002204072

002208909
332
002209578

002212705
333
002213999

002217335


334
002217502

002220546
335
002221590

002225676


336
002228638

002231724


337
002231892

002236228


338
002246907

002250451
339
002250619

002253412


340
002253580

002256457