1
000007048

000010634
2
000010885

000016473
3
000016725

000021937
4
000023690

000028152
5
000028403

000034033
6
000034868

000041081


7
000124000

000125667
8
000126586

000128754
9
000129881

000132091
10
000132300

000135677


11
000135887

000139973
12
000140683

000144728


13
000144938

000148857
14
000150068

000152528
15
000152779

000157407
16
000157575

000159701
17
000159911

000205624
200
18
000207794

000211713
19
000212090

000216343
20
000216553

000221473


21
000222517

000228772
22
000229440

000231900
23
000236531

000241702


24
000243163

000249001
25
000249252

000253755
26
000254007

000258719
27
000258887

000300179
28
000303224

000308145
29
000308313

000309354


30
000309522

000313108
31
000313818

000316945
32
000317155

000320407
33
000321075

000323160
34
000328666

000331627
35
000331878

000334379


36
000334714

000338717
37
000338968

000341970


38
000342180

000344139


39
000344349

000347768
40
000348478

000352564


41
000352774

000355359


42
000355610

000357236


43
000357445

000402366
44
000404535

000409248
45
000409499

000411708


46
000411918

000414878
47
000415088

000419466

48
000419717

000424471
49
000425598

000427015
50
000427225

000430560


51
000430770

000433647
52
000434482

000436108
53
000437485

000440988
54
000441197

000443699
55
000443950

000446743
56
000446953

000449204
57
000449539

000451832
58
000452041

000453583


59
000453793

000456420
60
000456671

000500090
61
000500967

000504136


62
000504387

000507764
63
000508016

000513061
64
000514147

000516398
65
000516649

000520569
66
000521654

000527367


67
000527577

000530370


68
000530538

000531663
69
000531831

000534166


70
000534417

000536918
71
000537128

000541006
89yearold
72
000542675

000545344


73
000545553

000547179
74
000547388

000549723


75
000550058

000554353
76
000557440

000558482
77
000559108

000601610
78
000601819

000603695
79
000603905

000607949
80
000608201

000610369


81
000610578

000615415
82
000615666

000618543
83
000618795

000624091
84
000624342

000629554
85
000630723

000635936


86
000636145

000639231
87
000639440

000640732
88
000642485

000645445
89
000649909

000652953
90
000653788

000700043
91
000700753

000704631
92
000707176

000710262


93
000710513

000715725
94
000715935

000719020
95
000727530

000730949
96
000731159

000734202
97
000734412

000739499
98
000739709

000745255
99
000745465

000749509


100
000749760

000755474
101
000755683

000758059
102
000758436

000801771


103
000803483

000805984
104
000806235

000808945
105
000809155

000812866
106
000817497

000820999
107
000821250

000824169
108
000824420

000827255
109
000827465

000831510


110
000831761

000837974
111
000838184

000839643


112
000839852

000842395
113
000842605

000846191
114
000846692

000850904


115
000851239

000853573
116
000853824

000858495
117
000858746

000901957
118
000902166

000906628
119
000909966

000911424
120
000911634

000915637
121
000915888

000918932
122
000919392

000923186


123
000925856

000929109


124
000929318

000934990
125
000935283

000941037
126
000941289

000943957


127
000944208

000946960
128
000947169

000952924
129
000953217

000955885
130
000956137

001000432
131
001001267

001005020
132
001005271

001008773
133
001008983

001013069


134
001013279

001018783
135
001019493

001025707


136
001025916

001031004
137
001031255

001033548


138
001033758

001036843
139
001037094

001041222
140
001041474

001045393
141
001045645

001048313
142
001048564

001052233
143
001052443

001054694
144
001054945

001058782
145
001059116

001103036


146
001103287

001105455
147
001105665

001108917
148
001109418

001112420


149
001112797

001116966


150
001117218

001122806
151
001123057

001127644
152
001127895

001131147


153
001131399

001133525
154
001136946

001139447
155
001139782

001143159
156
001143369

001146788
157
001151460

001153211


158
001153671

001155296
159
001155506

001159342
160
001159593

001200844
161
001201429

001206933


162
001207268

001209728
163
001211480

001216401


164
001216610

001220822


165
001221615

001225702
166
001225911

001230582


167
001231083

001236004
168
001236589

001239758
169
001240760

001244387
170
001244638

001247307
171
001247516

001252771
172
001252980

001257484
173
001257943

001301529
174
001301781

001306618


175
001314335

001316127


176
001316337

001319881
177
001320132

001322842
178
001323427

001329307
179
001330976

001334270
180
001334480

001339526
181
001339777

001343446
182
001343697

001346533
183
001346784

001350036
184
001350246

001353122
185
001353374

001356584
186
001356836

001402715
187
001402925

001405218
188
001405427

001408429


189
001411225

001417564
190
001417773

001421150
191
001421360

001424863
192
001425072

001430743
193
001430995

001436374


194
001438294

001442130


195
001442339

001446426


196
001447845

001452015


197
001452641

001456853


198
001457062

001502275
199
001502526

001507697
200
001507948

001511409
201
001512244

001515788
202
001516457

001520919
203
001521170

001523922
204
001524173

001529552
205
001530763

001535391
206
001535601

001539187
207
001539438

001541439


208
001544610

001549989
209
001550199

001554369
210
001555245

001557455
211
001557623

001600667


212
001600918

001605129
213
001605339

001609842
214
001610094

001612929
215
001613138

001616057
216
001616308

001621479
217
001621689

001626693


218
001627361

001630029
219
001637496

001641541
220
001642126

001646295


221
001646505

001650633
222
001651093

001656806


223
001657016

001700977


224
001701186

001703813


225
001704064

001705898


226
001706150

001710236


227
001710446

001712822
228
001713073

001718411
229
001718620

001722915
230
001723083

001728004
231
001731633

001734093


232
001740559

001743603


233
001743812

001746397
234
001746565

001747982
235
001803499

001806375
236
001806877

001809253
237
001810214

001814509
238
001814760

001818387
239
001818889

001822600
240
001823018

001825853
241
001827981

001831609


242
001831819

001834487
243
001834696

001838366


244
001838575

001842453
245
001842704

001845998


246
001846208

001850586
247
001850838

001854966
248
001857636

001902265


249
001902975

001907270


250
001907479

001912316


251
001914027

001917697


252
001917948

001922535
253
001922786

001925163


254
001925372

001930251
255
001930460

001933754
256
001935465

001937717
257
001939052

001942722
258
001942973

001947226
259
001948937

001952607
260
001952774

001953983
261
001954193

001958112
262
002000032

002006078
263
002008040

002010791


264
002011001

002013544


265
002013754

002019217
266
002019927

002023012
267
002028435

002032438
268
002032689

002035358
269
002035609

002039403
270
002039655

002044283
271
002047704

002052208
272
002053001

002056796


273
002104388

002107932
274
002108767

002112228
275
002112437

002116315


276
002116525

002121487


277
002123573

002126951