1
000007757

000010509
2
000010719

000014221
3
000014431

000016348
4
000016558

000019018

5
000019269

000021937

6
000022105

000023647
7
000024524

000026817
8
000027152

000028318
9
000028570

000031196
10
000031948

000034199
11
000034534

000038537
12
000039080

000040122
13
000040331

000042791


14
000133093

000135969
15
000136179

000138806
16
000140683

000144019
17
000144270

000146522
18
000147190

000148857
19
000152153

000155739
20
000155990

000158200
21
000158827

000200828
22
000201996

000204998
23
000205542

000207626
24
000207836

000209044
25
000209295

000212840
26
000214425

000217177
27
000217428

000219888


28
000220348

000222099
29
000222350

000224560
30
000224727

000226395
31
000226813

000228272


32
000228481

000229940

33
000230191

000231817

34
000232068

000234111
35
000234362

000235571
36
000235989

000237239


37
000237574

000239199
38
000239409

000240534
39
000240785

000243537
40
000243705

000245164
41
000247584

000249918
42
000252088

000254298
43
000254883

000256300
44
000259137

000302222
45
000302807

000305350
46
000305602

000308770
47
000309689

000312357
48
000312609

000315485
49
000317280

000320991
50
000321409

000322451
51
000322702

000325621
52
000325830

000329124
53
000332253

000334338
54
000334589

000336256
55
000336507

000340802
56
000341471

000343180
57
000343556

000345515
58
000345767

000348310
59
000348561

000350812


60
000358863

000401240
61
000401449

000404201
62
000404452

000407454
63
000408414

000410832
64
000412335

000414503
65
000414671

000416088
66
000416256

000418590
67
000418841

000423553
68
000424973

000427182
69
000427350

000429309
70
000433147

000434398
71
000436526

000437818
72
000438027

000440195


73
000440405

000442114
74
000442865

000444324
75
000444492

000446493
76
000448037

000450289


77
000450498

000453208


78
000453418

000454793


79
000456796

000458171
80
000458464

000459756
81
000503303

000504511
82
000508433

000510017
83
000510184

000512561

84
000513396

000515939
85
000516190

000518191
86
000522697

000523739
87
000524032

000526199


88
000526367

000529077
89
000529287

000531747
90
000532040

000533999
91
000534208

000536084


92
000537253

000538295
93
000539005

000540213
94
000540465

000542632


95
000542842

000544718
96
000544927

000548847
97
000549057

000550182
98
000600902

000604071
99
000604322

000606573
100
000607033

000611161
101
000614082

000615123
102
000615416

000617834
103
000619128

000621671
104
000623132

000624174
105
000625510

000628678
106
000632183

000633308
107
000633476

000634726
108
000634894

000637437


109
000639774

000644736
110
000646906

000648907
111
000649951

000652202
112
000652412

000654996
113
000655206

000658417
114
000658668

000700419
115
000701045

000703338
116
000703548

000707467
117
000709762

000711638
118
000713182

000714224
119
000714809

000718353
120
000718604

000722274
121
000724402

000725610
122
000727280

000729781
123
000729991

000732534
124
000732785

000735036
125
000736789

000737831


126
000738082

000740125


127
000740460

000742836
128
000743212

000746256
129
000747508

000750510
130
000755933

000758894
131
000759145

000801271
132
000802315

000805442
133
000806068

000808778
134
000809030

000810739
135
000811115

000812365
136
000816078

000817245
137
000817497

000818997
138
000819707

000821791
139
000821959

000824294
140
000837725

000838808
141
000839268

000840310


142
000840561

000842812
143
000843064

000846233
144
000846484

000849110
145
000849946

000854533
146
000854742

000855951
147
000856202

000857619
148
000857828

000902332
149
000902542

000904292
150
000904544

000908421
151
000915346

000916388


152
000916639

000918348
153
000918558

000921977
154
000923854

000927691
155
000927900

000929693
156
000929944

000932195


157
000932405

000933947
158
000934574

000936616
159
000940621

000944708
160
000948129

000949170
161
000949380

000952299
162
000952508

000954509
163
001002393

001003435
164
001005229

001007314
165
001007523

001008815
166
001009400

001011901
167
001012236

001014738


168
001014947

001018283
70s
169
001019619

001023204


170
001023664

001027417
171
001027627

001028918
172
001029337

001030795
173
001032923

001034549
174
001036093

001037135
175
001039347

001043767
176
001045478

001046686
177
001047563

001049230
178
001050274

001051816
179
001051984

001053026
180
001053194

001057697
181
001058324

001059783
182
001100409

001101451
183
001103663

001105997
184
001111253

001113755
185
001114256

001118468
186
001122056

001123390
187
001124600

001127727
&
188
001127937

001130855


189
001139615

001141116
190
001141367

001144035
191
001144245

001146079
192
001146372

001148373
193
001150084

001151292
194
001151544

001154838
195
001155464

001159384


196
001159593

001202262
197
001202513

001204681
198
001204932

001206641
199
001206809

001209436


200
001210146

001211604
201
001215651

001217569
202
001219947

001221614
203
001222116

001223825
204
001224326

001225493
205
001226704

001229038


206
001230249

001232834


207
001233377

001234669
208
001238924

001240508


209
001244305

001246181
210
001250436

001251603
211
001251854

001254939
212
001255775

001258651
213
001259779

001303364
214
001304033

001305992
215
001306243

001309287
216
001310706

001315043
217
001318672

001319798


218
001320299

001321674
219
001322718

001325970
220
001327264

001328681
221
001332061

001333895
222
001334480

001335522
223
001335731

001337232
224
001337441

001340568
225
001340861

001342862
226
001344782

001346825
227
001348536

001350245
228
001350454

001352372
229
001353916

001355124
230
001355334

001357877
231
001402132

001404759
232
001405135

001407011
233
001407221

001411140
234
001411392

001414602
235
001416480

001418898
236
001419108

001420483
237
001422862

001426489


238
001426740

001427949
239
001428158

001431452
240
001433706

001435456
241
001435708

001439043
242
001439253

001441546
243
001443507

001446092
244
001446302

001448219
245
001448554

001449804
246
001450598

001453057
247
001453309

001454392
248
001459648

001501316
249
001512786

001514287
250
001514705

001516456
251
001516624

001517832
252
001518292

001520877


253
001521378

001522420
254
001525883

001526925
255
001527593

001529844
256
001530346

001531638
257
001531889

001536768
258
001537019

001538561
259
001538896

001539938
260
001540105

001544025
261
001544234

001546986
262
001547947

001549280
263
001549490

001550949
264
001553369

001555495
265
001555704

001558623
266
001559917

001601084
267
001601293

001602961
268
001603671

001605713
269
001605923

001609300
270
001610177

001614472
271
001615057

001618643
272
001621397

001624482
273
001624692

001627944
274
001628195

001629487
275
001629738

001631197
276
001631448

001633658
277
001635202

001636786
278
001641750

001644085
279
001644294

001645378
280
001645629

001647463
281
001647673

001648715
282
001649758

001652427
283
001652678

001655805
284
001656056

001659058


285
001659268

001701936


286
001702146

001704981
287
001705232

001707734
288
001708986

001710570
289
001710821

001712238
290
001713574

001716659
291
001716910

001719287
292
001719705

001723875
293
001724501

001727045
294
001727296

001728337
295
001729465

001730506
296
001731300

001733259
297
001734428

001737722


298
001737931

001741225
299
001741643

001743561
300
001743812

001745188
301
001745397

001748524
302
001749234

001750610
303
001751111

001753362
304
001753614

001756657
305
001800037

001801245


306
001801497

001802914
307
001803290

001804373
308
001805084

001806793
309
001808295

001811255
310
001812883

001813966
311
001814927

001815968
312
001816845

001818805
313
001819056

001820765
314
001826480

001828564
315
001835322

001836364
316
001837074

001839867


317
001840452

001843663
318
001843872

001845832
319
001846792

001848960
320
001849128

001852255
321
001852631

001853965
322
001854174

001857343
323
001858262

001902098
324
001903475

001905560


325
001905853

001908813
326
001909398

001911315
327
001912192

001915611
328
001916155

001919907
329
001920075

001922994


330
001923704

001925496
331
001932087

001934922


332
001935340

001938217
333
001938635

001941721
334
001941930

001944682
335
001945893

001948853
336
001950022

001951522
337
001954151

001956777
338
001957029

001958863
339
001959239

002000948


340
002001700

002003409


341
002003619

002007538
342
002007915

002009332
343
002009583

002012835
344
002013045

002014420
345
002016173

002019342
346
002019593

002022428
347
002023347

002026641
8
348
002026850

002028893
349
002029811

002031604
350
002031813

002033272
351
002033732

002036651
352
002037611

002038861


353
002040614

002042907
354
002043116

002045618
355
002045869

002048704
356
002049539

002052166
357
002052417

002056671
358
002058840

002100174
359
002100592

002104762
360
002105847

002107265
361
002107516

002110268


362
002110769

002111811
363
002112020

002115147
364
002115357

002116983
365
002117192

002119193
366
002119444

002123739
367
002127160

002128244
368
002130080

002131706
369
002147931

002148973
370
002149850

002152727
371
002207451

002210786
372
002210996

002212830
373
002213040

002215750
374
002215959

002218544
375
002219296

002220421
376
002220589

002223257
377
002223425

002225551
378
002226678

002227928
379
002228847

002231599
380
002232768

002235978