1
000003128

000005879
2
000015432

000017433
3
000018101

000020436
4
000020603

000023897
5
000025108

000027484
6
000027652

000029695
7
000029863

000033574
8
000035326

000037578
9
000037787

000039580
10
000039748

000045419
11
000045587

000048005
12
000048173

000050716
13
000053970

000057347
14
000148817

000150651

15
000150819

000153278
16
000153446

000155948
17
000156116

000158033


18
000158201

000201120
19
000202038

000203080
20
000203248

000207835
21
000208628

000211088


22
000211256

000214424
23
000216594

000217636


24
000217804

000220222
25
000221099

000222141
26
000222517

000224434
27
000224602

000226645


28
000226813

000228564
29
000228731

000231233
30
000232527

000233694
31
000233862

000236697
32
000236865

000238782
33
000239742

000241869
34
000243663

000246039
35
000247667

000249001
36
000249210

000251712
37
000252338

000253338
38
000253506

000257050
39
000300138

000301555
40
000304601

000307186
41
000307353

000308937


42
000309105

000311481


43
000315403

000316695
&
44
000316863

000317905
45
000318072

000319948
46
000320116

000322701


47
000324037

000325662
48
000326122

000327414
49
000327582

000330542
50
000331586

000335547
51
000335715

000337633
52
000338885

000342554
53
000342722

000344848
54
000345016

000346892
55
000347101

000349394
56
000349771

000351230
57
000351397

000352731
58
000352899

000356193
59
000356361

000358195
60
000359822

000402032
61
000402200

000406078
62
000406246

000410249
63
000410416

000412376
64
000412543

000414044
65
000415421

000416755
66
000416923

000418423
67
000423054

000427557
68
000430561

000433021
69
000433189

000435482


70
000436317

000438443
71
000438611

000440445
72
000440697

000445701
10
73
000447453

000449079
74
000449247

000451123
10
75
000451291

000452666
76
000453835

000456378
77
000456546

000458922
78
000459090

000500465
79
000506139

000507264
80
000507432

000510684
81
000510852

000512644
82
000512812

000516648
83
000516816

000520277
84
000522822

000524323
85
000524490

000528160
86
000528328

000530704
87
000530872

000532581
88
000536794

000539963
89
000540131

000543091
90
000543468

000544760
91
000544927

000546428
92
000546596

000548597
93
000553686

000555771
94
000555938

000558565
95
000558733

000601026


96
000601194

000602944
97
000603196

000606198
98
000607950

000611161
99
000611704

000613663
100
000613831

000616041
101
000616209

000618502

102
000618669

000620420
103
000621089

000623590
104
000625468

000628553
105
000631307

000634476
106
000634644

000635727
107
000635895

000639356
108
000639524

000642150
109
000642318

000645570
110
000647031

000648198
111
000648366

000651034


112
000651202

000653245
113
000654205

000658458
114
000659377

000702796


115
000704882

000708510
116
000709554

000712597
117
000712765

000715100
118
000715268

000718854
119
000719021

000722023
120
000731284

000732617
121
000735955

000738081
122
000744881

000746506
123
000746674

000750302
124
000751012

000752512


125
000752680

000754848
126
000755016

000758435
127
000759228

000800604
128
000800771

000804441
129
000805151

000806318
130
000806486

000809821
131
000809989

000812699
132
000812867

000816244
133
000816412

000821541
134
000821751

000824294
135
000835681

000838433
136
000838601

000841019
137
000841187

000842854
138
000844565

000845815
139
000845983

000849694
140
000849946

000851655
141
000854367

000856660
142
000856827

000900288
143
000900998

000902499
144
000902667

000907254
145
000907421

000908755
146
000910174

000914636


147
000914804

000919391


148
000919642

000923061
149
000926941

000930110


150
000930278

000933822
151
000934949

000936908
152
000937702

000938785
153
000938953

000940328
154
000940496

000942831
5
155
000942999

000945333
156
000945501

000947711


157
000948004

000949296


158
000949463

000952507
159
000952717

000955760


160
000958264

000959639
161
000959807

001003393
162
001003936

001005937


163
001008733

001010567
164
001010735

001013570


165
001013738

001016781
166
001018242

001020869
167
001026167

001029586
168
001029754

001031212
169
001034008

001035342
170
001047563

001049773
171
001051984

001053443
172
001054945

001056029


173
001056197

001057656
174
001057823

001102744
175
001108751

001111127
176
001111295

001113213
177
001113381

001117092
178
001117385

001119344
179
001119512

001123056
180
001123224

001124599
181
001124767

001126559
182
001126727

001128687
183
001128854

001130772
184
001132441

001134234
185
001134402

001136945
186
001137113

001140198
187
001140366

001141991
188
001143869

001145161
189
001145329

001147789
190
001147957

001149457
191
001149625

001151209
192
001151377

001154003
193
001154171

001155380

194
001206600

001209561
750
$10
195
001209729

001212731
15
196
001213941

001215692
197
001215860

001218194
198
001219739

001223658
750
199
001223826

001226286


200
001227997

001230707
201
001231459

001234586
202
001235671

001238214
203
001238382

001243762
15
204
001243971

001246139
205
001246307

001248767
206
001248934

001252812
207
001256358

001257859
208
001258194

001301279
209
001301447

001303198
210
001303365

001305200
211
001305367

001308244
212
001309830

001313333
213
001319465

001321549
214
001321717

001324844
215
001325721

001329974
216
001332895

001336022
217
001336232

001339943
218
001341570

001343488
219
001344824

001346908
220
001347076

001348409
221
001348577

001350954
222
001351121

001352789
223
001355125

001357794


224
001357962

001359379
225
001359547

001402131
9
226
001402967

001406970
227
001407930

001412308
228
001412726

001414310
229
001414854

001416521
230
001418482

001419941
231
001420109

001421734
232
001421902

001423611
233
001429618

001431286
234
001432371

001435456
235
001437835

001439419
236
001440713

001444591
237
001448554

001449804
238
001455019

001458605


239
001459356

001500648
240
001500816

001502025
241
001502192

001503985
242
001504904

001509407
243
001512328

001514078
244
001514246

001518917
245
001519084

001522128
246
001522463

001526549
247
001528135

001533014
248
001534475

001538311
249
001538479

001540730
250
001541065

001542982
251
001545903

001548446
252
001548614

001551407
253
001551617

001553534
254
001601627

001603044
255
001603462

001606464
256
001606632

001609509
257
001613305

001614472
258
001615766

001618977


259
001619853

001622021


260
001622189

001624649
261
001624817

001629404
262
001629571

001631489
263
001632491

001634158
264
001634326

001636494


265
001636662

001637829


266
001637997

001640498


267
001640666

001642417
268
001645170

001648256
269
001648424

001649924
270
001650092

001653678
271
001653971

001657265
272
001701186

001702353
273
001702521

001704188
274
001704356

001705648


275
001705816

001707316
276
001708444

001709694
277
001709862

001711446
278
001712031

001714615
279
001716744

001718119
280
001719079

001720413
281
001721582

001726419
282
001726712

001730965
283
001731133

001735386
284
001736180

001737430
285
001743937

001745188
286
001751028

001752236
287
001752404

001754614
288
001754782

001757450
289
001758368

001800828
290
001800996

001805249
291
001805417

001806793
292
001807461

001809754
293
001810589

001812090
294
001814802

001816803


295
001817304

001818554
50
296
001819348

001821974


297
001822601

001825228
50
298
001825395

001827522
299
001828148

001829607
$5
300
001829775

001832193
50cent
301
001832361

001835446
5
302
001835614

001837698
303
001838659

001840576


304
001841829

001843496
305
001844915

001846249
306
001854258

001855341
307
001855717

001858219
308
001858387

001902807
309
001902975

001904517
310
001912985

001914443
311
001918824

001919824
312
001920742

001922827


313
001924413

001926247
314
001926748

001929542


$2
315
001930878

001931878
316
001932045

001933796
2
317
001934339

001936465
318
001938218

001940261
20

319
001944892

001946350
20
320
001947769

001949353
25
321
001955277

001957361
25
322
001957696

001959363
323
002005204

002006579
324
002008957

002011250
325
002014963

002017882
326
002018050

002019175
327
002019676

002023304
25
328
002023847

002025556
7
329
002026475

002027725

330
002029561

002031020
331
002035984

002038027
332
002038904

002041530
333
002048038

002049914


334
002050082

002052166

10

5
5
335
002052334

002053709


336
002053877

002055127
337
002055295

002058047
17
338
002058215

002059840
339
002110811

002112186
340
002121071

002122154
341
002122322

002123406
342
002124616

002126450
&
343
002126618

002127827
&
344
002129496

002131539
345
002133500

002136294


346
002136461

002139422
347
002140257

002141841
348
002153603

002155313
349
002155480

002159400
75
77
79
350
002159860

002200901
351
002201069

002202153
352
002202321

002204739
353
002206533

002208659
354
002208827

002210411
355
002211872

002213789
356
002215876

002217376
357
002218879

002221839
358
002223425

002225843


359
002226011

002227094
360
002229181

002233184