1
000004796

000005838
2
000006047

000009508
3
000009968

000013012
4
000016016

000017474
5
000017642

000019351
6
000019519

000022896
50
7
000023189

000025232
8
000026443

000027609
25
9
000029029

000030654
10
000030864

000032740

11
000032949

000034700
12
000036411

000038746
13
000039914

000040998
14
000041207

000043292
15
000046463

000050049
16
000050258

000052509
17
000052761

000055179
18
000057807

000100768
19
000100935

000103187
20
000104564

000107191
21
000107984

000109526
22
000109694

000111111
23
000111279

000113072
24
000113239

000114323
25
000114741

000116366
26
000116534

000119828
27
000120371

000121955
28
000122165

000125918
14
29
000126086

000130255

30
000220473

000223183
31
000223351

000226145
32
000226312

000229314
33
000230775

000234945
34
000235780

000238615

35
000239659

000240993
36
000241161

000244079
37
000246249

000247958
38
000249210

000250419
39
000250587

000252713
40
000252881

000255090
41
000255258

000257134
42
000258887

000301138
43
000301639

000303932
44
000304184

000306518
45
000306728

000309354
46
000313067

000315736
47
000315904

000318197


48
000320241

000321700

49
000323077

000324119
50
000324287

000326496
51
000326664

000328707
52
000329167

000330834
53
000332629

000333712
54
000336174

000339509
55
000339719

000341261
56
000341471

000344473
57
000348061

000350979
58
000351189

000353232


59
000353399

000356068
60
000356236

000358070
61
000358238

000400364
62
000402158

000404660


63
000404827

000407955


64
000408122

000410207
65
000410375

000413085
66
000413253

000414586
67
000414754

000416421
68
000419842

000422552
69
000422720

000424972
70
000425181

000427391
71
000427600

000429184
72
000429394

000432729
73
000433106

000434898
74
000436818

000438819
75
000439028

000442656
76
000445743

000448370
77
000448538

000451248
78
000451791

000454668
79
000454919

000457671
80
000500133

000503093
81
000503261

000506305
82
000507849

000509016
83
000510476

000513061
84
000513813

000515272
85
000515440

000518692
86
000521404

000523947
87
000525658

000526992
88
000528244

000530704
89
000530872

000533165
90
000533333

000535876
91
000537211

000539338
92
000539505

000541757
93
000541966

000543759
94
000543926

000545010
95
000545219

000547637
96
000547805

000550474
97
000550683

000552642
98
000552810

000554061
99
000554228

000557230
100
000558191

000601818
101
000602320

000605447
102
000606741

000613705
103
000614999

000616750
104
000617293

000618919
105
000620713

000622547
106
000623341

000626718
107
000627804

000628845
108
000629013

000631890
109
000632058

000633600
110
000635019

000639272
111
000641442

000642651
112
000643486

000645654
113
000645822

000648240
114
000648408

000650367
115
000650952

000652577
116
000652787

000656123
117
000658000

000701086
118
000701421

000704881
119
000709303

000713640
120
000714434

000717519
121
000717728

000719312
122
000719480

000722649
123
000724652

000726278
124
000726821

000728613


125
000728781

000732826
126
000734871

000736455
127
000738166

000739958
128
000742920

000744045
129
000745006

000746923
130
000748718

000750218
131
000751929

000755056
132
000755308

000758393
133
000758644

000801646
134
000801856

000806526
135
000806694

000809863
136
000810031

000812240
137
000814952

000817871


138
000818080

000819414
139
000819582

000820999
140
000821167

000823168
141
000823753

000825712
142
000826088

000827464
143
000830885

000832594
144
000832845

000834054
145
000834263

000837140
146
000837308

000838975
147
000839185

000841853
148
000842021

000845023
149
000847026

000849861
150
000850029

000851905
151
000855159

000856243
152
000856452

000900580
153
000900790

000903792
154
000911926

000913093
155
000913261

000916221
156
000916430

000919224
157
000919392

000921601
158
000921811

000922978
159
000923187

000925146
160
000925356

000928275
161
000928442

000930193

162
000930403

000932445
163
000932697

000935657
164
000935825

000939077
165
000943791

000945417
166
000945585

000947168
167
000948546

000949629


168
000949797

000951590
169
000951757

000952841
170
000958889

001003435
171
001004562

001007564
172
001008399

001010900
173
001011485

001013403
174
001013821

001017365
175
001022413

001023496
176
001023664

001027542
177
001028002

001031921
178
001032632

001035383


179
001036385

001039929
180
001040765

001043600
181
001044435

001046561
182
001046771

001049939
183
001050149

001054194
184
001055237

001059366
185
001100242

001102452
186
001103871

001105205
187
001105706

001109709
188
001109919

001112170
189
001112505

001114130
190
001114340

001118385
74
191
001120721

001123264
192
001123474

001125308
193
001125518

001126851
194
001127269

001128311
195
001129897

001133316


196
001133651

001134734
197
001134902

001137237


198
001137405

001140240


199
001140408

001141866
200
001142034

001144369
201
001152753

001153837
202
001154004

001155422
203
001155589

001158258
204
001158426

001159759
205
001200553

001203179
7
206
001203347

001206224
207
001206392

001208518
208
001208686

001210353
209
001211814

001213732


210
001213899

001216067
211
001216986

001218069
212
001219488

001221698
213
001222283

001223450
214
001223617

001225952
215
001227663

001229247
216
001229415

001230874


217
001231041

001233042


218
001236464

001238506
219
001239383

001240717
220
001244680

001247307


221
001247516

001250185
222
001253689

001256191


223
001302031

001303782
224
001305159

001309204
16th
225
001310790

001313583

226
001313751

001316503


227
001316670

001318838
228
001319006

001320173
229
001320341

001324469
230
001325346

001326429
231
001326597

001328348
232
001328599

001331476
233
001333479

001335104
234
001336148

001338358
235
001338567

001341486
236
001341737

001343446
237
001343781

001344864
238
001347743

001348952
239
001349119

001352163


240
001352331

001353790
241
001353958

001358169
242
001358504

001400129
243
001400297

001401422
244
001401632

001403258
245
001403425

001405385
246
001405553

001408638
247
001408848

001411683
248
001412268

001414853
249
001416647

001419983
6
250
001420526

001422986
251
001423153

001424946
252
001425114

001426447
253
001426657

001428533
254
001428701

001430493
255
001430661

001432954
256
001433122

001434831
257
001435040

001437834
258
001441088

001442338
259
001442506

001444257
260
001446093

001448261
261
001448429

001449554
262
001449763

001452682
263
001452850

001455018
264
001455227

001457270


265
001457479

001459147
266
001459315

001500398
267
001500566

001501858
268
001502026

001503610
269
001503819

001509157
270
001510451

001512243
271
001524298

001525381
272
001525549

001527967
273
001528135

001531721
274
001534141

001536601
275
001536810

001539854
276
001542358

001546778
277
001549531

001551115
278
001551283

001554911
279
001555079

001556162
280
001556997

001558247
281
001559208

001602418
282
001602586

001604754
283
001604964

001608007
284
001612513

001613972
285
001614139

001615556
286
001615766

001617058
287
001617226

001618810
288
001618978

001622855
289
001623023

001625483
290
001626485

001628194
291
001629905

001632615
292
001632825

001635952
293
001636120

001637704
294
001637871

001638955
295
001639123

001642417
296
001642668

001646004
297
001647881

001648923
298
001650300

001652969
50
299
001653178

001654387
300
001654555

001655638
301
001657016

001659017
302
001659768

001702562
303
001702730

001707275
304
001707484

001709736
305
001709903

001711738
306
001712531

001714157

307
001714324

001716075
308
001716243

001718077
309
001721415

001722498
310
001723250

001724333
311
001724501

001726669
312
001726879

001728880
313
001729381

001731215
50
314
001731383

001733051
315
001733218

001736345
316
001736555

001737764
317
001737931

001740892
318
001741226

001742435
319
001744813

001747106
320
001747316

001751110
321
001756658

001758326
322
001758535

001800411
323
001803248

001804624
324
001804833

001806751
325
001808796

001810421
326
001810672

001812882
327
001814384

001816052


328
001816220

001819222
329
001821517

001823184
330
001836824

001838074
331
001839493

001840868


332
001841078

001844080


333
001845499

001846666
334
001847543

001850294
335
001850462

001855049
336
001855300

001858719
337
001858929

001903057
338
001903267

001907645
339
001907813

001911065
340
001911275

001914902
341
001915070

001918072
342
001918323

001919615
343
001923412

001928499
344
001929042

001933754
345
001935924

001937508

346
001938635

001940052
347
001940679

001943681
348
001944892

001947768
349
001949855

001953566
350
001954651

001956319

351
001956486

002000031
352
002000240

002003075
353
002004119

002005828
354
002009833

002011334
355
002011501

002014962
356
002017174

002019383
357
002019593

002023095
358
002024056

002026515
359
002027684

002029227
360
002029436

002031938
361
002041281

002044533
362
002046870

002049038
363
002049206

002052625
364
002052793

002054669
365
002054836

002056921
366
002057089

002059257

367
002059466

002102260
368
002102427

002104345
369
002104554

002107723
370
002107933

002111560
371
002113063

002114313
372
002114481

002118150
373
002130414

002132498
374
002133417

002135543
375
002135711

002137503
376
002137671

002141799
377
002144678

002147305
378
002150809

002152518
379
002155564

002157690
380
002157858

002159025
381
002159192

002201193
382
002201361

002202611
383
002202779

002205197
384
002208243

002210244
385
002210454

002213205
386
002215459

002220129
387
002222299

002224884
388
002226928

002229597