1
000003503

000004753
2
000004921

000006964

3
000007132

000012011
4
000012929

000013971
5
000014139

000018350
6
000019185

000021854
7
000023023

000024815


8
000024983

000028152
9
000028319

000029820
10
000029988

000033449
11
000033658

000035284
12
000035452

000036493
13
000036703

000037745
14
000042542

000043709

15
000043877

000046962
16
000047964

000050966
17
000051134

000052468
18
000052635

000055471
19
000055638

000058432
20
000059726

000102436
21
000102604

000105230
22
000105398

000108025
23
000109027

000112071
24
000112238

000115699
25
000115867

000117201
26
000117410

000120662
27
000120914

000122122
28
000123333

000125751

29
000125919

000128545
30
000128713

000130464

31
000130632

000132424
32
000132592

000135427
33
000137806

000141308
34
000141476

000144186
35
000144896

000148732
36
000237240

000240200
37
000240410

000243203
38
000243371

000246081
39
000247584

000250002


40
000250170

000252796
41
000254465

000255716
42
000257844

000259511
43
000259679

000302014
44
000302223

000305726
45
000306186

000307269
46
000307437

000310230
47
000310398

000312691
48
000312859

000316778

49
000319157

000323202
50
000324245

000327080


51
000328791

000330250
52
000331377

000333337
53
000333504

000335297
54
000335798

000336924
55
000337091

000340135
56
000340762

000342304
57
000346601

000348560
58
000348728

000352773
59
000352941

000354900
60
000355068

000357319
61
000357487

000402032


62
000403618

000405160


63
000405328

000407037
64
000407205

000410207


65
000410375

000413335


66
000413503

000414544
67
000415338

000418090

68
000418258

000420384
69
000420551

000422594

70
000422762

000424096


71
000424264

000425430
72
000426641

000427891


73
000428101

000430686
74
000430853

000432688
75
000432855

000435774
76
000437068

000440070
77
000440238

000444324
78
000444951

000446743
79
000446911

000449204
80
000450081

000452416


81
000452583

000454710
3000
82
000454877

000456712
83
000456879

000459131
84
000459799

000501758
85
000501926

000504428
86
000504595

000507472
87
000520528

000524281
30
88
000524449

000528076


89
000528244

000531621


90
000532165

000534041
91
000535376

000537502


92
000548222

000550807
93
000550975

000552726
94
000552894

000554227


95
000554395

000555812
96
000555980

000559524
97
000559692

000602444
98
000603654

000605864
99
000607158

000609951
100
000611329

000613080
101
000616959

000620212
102
000621130

000622631
103
000622799

000624883
104
000628971

000633350
105
000633518

000635727
106
000635895

000637938
107
000638940

000640232
108
000642193

000643360
109
000644028

000645529
110
000646030

000647656
111
000648950

000653453
112
000658960

000701128
113
000711431

000714141
114
000714308

000715392
115
000718229

000724025
116
000724235

000731199
117
000734704

000737456
118
000737623

000739249
119
000739417

000742919
120
000743087

000744379
121
000744589

000746339


122
000746507

000749926
123
000752889

000757434
124
000757602

000800479
125
000800646

000803815
126
000803983

000807277
127
000808321

000811239
128
000813326

000816703
129
000816871

000819581
130
000820374

000822626
131
000822835

000825253
132
000833679

000836306
133
000837850

000839017
134
000839185

000842354
135
000844190

000846483
136
000847902

000849319
137
000849487

000851655
138
000851822

000856910
139
000900540

000903875
140
000905336

000909005
141
000909632

000911174


142
000911342

000913260
143
000913427

000914886
144
000915054

000918139
145
000918307

000920892
146
000921060

000924104
147
000924272

000927857
148
000929569

000934906
149
000935074

000938535
150
000940246

000943665
151
000943833

000948420
152
000948588

000951339
153
000952091

000953842

154
000954010

000955176
155
000955344

000957178
156
001000766

001003893


157
001004061

001006563


158
001006731

001009774


159
001011068

001012652
160
001012820

001014446


161
001014614

001015947
162
001016115

001018450
163
001018618

001020910

164
001021078

001023496
165
001023664

001026499
166
001026667

001029586
167
001029754

001032672
168
001033424

001036217


169
001036385

001039137
170
001039680

001041181
171
001051567

001054027
172
001054195

001056946
173
001101827

001103286
174
001103454

001105747
175
001107124

001110460
176
001110628

001113630
177
001113798

001116675


178
001116842

001119135
179
001119303

001120512
180
001121889

001122972
181
001123140

001125183
182
001125351

001126810
183
001126977

001128770
184
001130189

001132899
185
001133067

001134484
186
001134652

001136277
187
001136445

001140323
188
001146080

001148790
189
001148958

001153002
190
001153170

001154796
191
001155548

001158258


192
001158426

001203763
193
001205266

001207934
194
001208102

001210103
195
001210271

001214858
196
001216485

001218445
197
001220906

001223032
198
001223200

001227495
199
001227663

001231499
200
001231667

001233001
201
001233169

001237130


202
001237298

001240425
203
001240593

001244053
204
001244221

001245430
205
001245598

001247557
206
001247725

001249976
207
001251937

001254981
208
001255149

001257776


209
001257943

001300445
210
001300613

001304949
211
001305117

001309287

212
001309455

001311456
213
001311624

001314459

214
001314960

001316795
215
001319006

001321633

216
001323636

001326012
217
001326180

001328264

218
001329099

001334229

219
001334647

001338149

220
001340611

001343279
221
001346283

001348618
222
001348786

001351788


223
001351956

001353832
224
001353999

001356167
225
001356335

001359546
226
001359713

001402799
227
001403759

001404801
228
001404969

001407720
229
001407888

001411057
230
001411267

001414018


231
001414186

001417856


232
001418023

001420817
233
001421026

001422861
234
001427408

001431953
20
235
001434081

001436791
236
001438711

001440420
237
001448220

001450847
238
001456312

001500023
239
001500190

001503359
240
001503527

001505653
241
001505821

001509407
242
001509575

001513161
243
001514622

001515705
244
001515915

001517248
245
001517416

001522086
246
001522254

001524088
247
001524256

001526883
248
001527051

001529385
249
001529553

001531471
250
001534099

001537310
251
001537478

001539479
252
001539647

001541314
253
001544610

001545902


254
001546070

001547570


255
001547780

001550156
256
001553452

001555995


257
001556163

001557538
258
001557706

001601000
259
001601543

001602585
260
001602753

001605463
261
001605631

001607465
262
001608050

001609592
263
001612471

001616516


264
001616684

001619060
265
001619228

001623815
266
001623983

001626526
267
001626694

001629070
268
001629238

001631948
269
001632157

001633700
270
001633867

001636452
271
001636620

001638871
272
001639039

001640957


273
001641125

001643251
274
001644795

001648381


275
001648549

001650633
276
001650801

001653094
277
001655973

001659976

278
001700144

001702228
279
001703856

001707150
280
001709069

001710403
281
001710988

001713031
282
001716035

001717201
283
001735846

001738056
284
001738223

001740141
285
001740309

001742894
286
001744438

001748649


287
001748817

001753446
288
001755282

001757200
289
001802831

001803873
290
001816512

001818930
291
001819098

001820598
292
001820766

001822642


293
001822810

001826229
294
001827981

001830691
295
001830901

001833277
296
001833445

001836030
297
001843497

001844705
298
001845374

001846999
299
001848168

001850920
300
001900055

001903057
301
001903225

001906435


302
001907521

001912024
303
001912192

001915903
304
001916989

001922410
305
001923245

001926247
306
001927040

001930042
307
001930210

001934088
308
001934256

001937258
309
001942181

001945224
310
001945434

001949228
311
001949396

001951898
312
001952065

001954275
313
002002201

002004660
314
002004828

002005870
315
002006038

002009916
316
002012961

002015087


317
002015255

002016923
318
002017090

002018758
319
002018926

002021594
320
002021762

002023429
321
002025807

002026933
322
002028185

002029602
323
002029770

002032146
324
002033440

002035816
325
002041990

002043366
326
002043533

002046244
327
002046411

002048788
328
002048956

002050915
329
002051083

002052333

330
002052501

002054710


331
002054878

002057380


332
002102135

002103177
333
002104471

002108224
334
002108392

002110101
335
002110269

002113813
336
002117025

002121028


337
002121196

002123531
338
002123865

002127952
339
002128120

002130288
340
002130455

002131622

341
002131790

002135793


342
002135961

002138421


343
002138588

002140047
344
002153228

002156272
345
002156440

002157732


346
002157899

002201444
347
002207326

002209785
348
002210287

002211329
349
002213248

002214832
350
002215459

002216834
351
002217044

002220588
352
002220756

002226093
353
002226261

002227428
354
002227596

002228804
355
002228972

002232266