1
000002711

000006296
2
000006464

000008924
3
000009092

000011427
4
000011594

000014346
5
000014514

000018475
6
000020812

000023897
7
000025817

000028027
8
000030989

000034658
9
000034826

000037077
10
000041791

000044293
11
000046212

000047629
12
000050467

000052593
13
000105148

000106815
14
000158868

000201995
15
000202205

000205874

16
000206042

000210295
17
000212257

000214049
18
000214217

000215884

19
000216052

000218679
20
000218847

000221974
21
000222308

000225227
22
000225395

000228313
23
000228481

000230065
24
000230233

000231817
25
000231985

000234111
26
000234279

000238365
599
499
27
000238533

000240826
28
000240994

000242870
29
000243037

000247082
30
000247250

000251420
499
31
000251588

000253922
32
000256050

000258886
33
000300096

000303432
34
000306936

000312316
35
000313943

000315277


36
000315820

000319948

37
000320158

000322409
38
000322577

000325078
39
000325246

000327623
40
000330251

000332419
41
000332587

000335631

42
000336591

000339259
43
000339427

000342721
44
000342889

000345724
45
000346267

000348852
46
000349520

000351688
47
000351856

000355234
48
000355777

000357361
49
000400990

000403492


50
000407372

000408497
51
000408665

000410707
52
000413169

000414336

53
000414504

000416088

54
000416256

000417881


55
000418466

000421593

56
000421761

000425013

57
000426432

000428809


58
000428977

000431979
59
000432146

000433397
60
000433564

000436149
61
000436317

000438485
62
000438778

000441905
63
000446953

000448537
64
000454210

000456795
65
000456963

000459756
66
000459924

000501675
67
000501884

000504052
68
000509142

000510183
69
000510393

000514104
70
000519152

000520527
71
000521362

000524406
72
000524949

000526825
73
000526993

000528952
74
000529203

000531913
75
000532081

000535208
76
000535376

000536877
77
000538254

000539588
78
000540506

000545385
79
000553603

000555103
80
000555271

000557773
81
000559150

000601777
82
000602236

000603820
83
000604155

000609409
84
000612288

000615332
85
000615500

000618502
86
000618836

000621380
87
000622882

000626051
88
000626219

000628595
89
000635645

000637020
90
000637230

000640023
91
000640191

000643235
92
000644529

000646154
93
000650368

000651868


94
000652036

000655664


95
000655873

000700419

96
000701671

000703296


97
000703464

000705799
98
000706092

000707968


99
000708136

000709678
100
000709846

000712597
101
000712765

000714599
102
000714767

000716393
103
000718062

000719271
104
000722191

000723275
105
000723443

000726695
106
000729365

000730740
107
000730908

000733076


108
000733744

000736037


109
000736205

000739374
110
000740084

000741293
111
000741461

000743462
112
000746716

000749217
113
000749385

000752721
114
000753222

000755682


115
000755850

000757392
116
000758394

000801146
117
000801314

000803064


118
000803232

000805650


119
000805818

000807944
120
000808196

000810739
121
000814118

000816203
122
000816370

000819331


123
000819540

000822083
124
000823669

000825712
125
000825880

000827964


126
000828132

000829758


127
000829926

000831051
128
000832595

000834888
129
000835056

000838308
130
000838476

000840101
131
000847109

000848693
132
000849153

000850654
133
000850821

000853782
134
000854992

000856618


135
000856786

000858787


136
000859789

000901122
137
000906671

000909005


138
000909924

000913343


139
000913511

000916137
140
000916305

000918807
141
000921852

000923603
142
000923771

000925146


143
000925314

000929568


144
000934115

000936116
145
000937451

000940245
146
000940413

000942080
147
000942248

000945000
148
000945167

000946835


149
000947003

000949671
150
000950047

000951840
151
000952008

000954968
152
000959181

001001641
153
001001809

001003685
154
001003853

001007814


155
001012820

001016448
156
001016616

001018074
157
001018326

001020577
158
001026792

001028376
159
001028544

001030879
160
001031172

001032714
161
001035718

001037886
162
001038220

001040013
163
001040181

001042724
164
001042892

001044559
4
165
001044727

001046561
166
001047021

001051316
167
001051525

001053109
168
001053277

001055570
169
001055738

001057405
170
001058491

001100158


171
001100326

001104329
172
001104497

001106873
173
001107792

001109668
174
001110878

001112671


175
001112838

001115632


176
001120554

001123181
177
001123349

001125225


178
001125393

001129562
179
001129730

001131272
180
001134610

001136277
181
001136612

001138321
20
182
001138489

001140740


183
001140908

001142951
184
001143119

001145286
185
001145454

001147539


186
001147707

001150792


187
001151127

001153044
188
001153212

001155505


189
001155673

001159426


190
001201470

001203930
$200
191
001204098

001207434
20
192
001207643

001209352


193
001209520

001214399
194
001216902

001220613

195
001221907

001224325
196
001224493

001226828
197
001226996

001229581
198
001229749

001231666
199
001231834

001234043
200
001234420

001236337
201
001238758

001242010
202
001242178

001245096
203
001245264

001249267
204
001253522

001257025
205
001257193

001302363
232
13
206
001311332

001312791
207
001312958

001315335
208
001315503

001317253
209
001319298

001320965


210
001321133

001323176
211
001323344

001326805
212
001328349

001330892
213
001331060

001333895


214
001334063

001336898
215
001345741

001347909
216
001348077

001352580
217
001352748

001355625
218
001355793

001356918
219
001357086

001358628
220
001358796

001402882
221
001407221

001409222
222
001409390

001412225
223
001414270

001418147
224
001418315

001421276
225
001421443

001423820
226
001425614

001427907


227
001430536

001432453
228
001432621

001435164
229
001435332

001438126
230
001438294

001441546
231
001441755

001443882
232
001444049

001447677
233
001447845

001451556
234
001451765

001455435
235
001455644

001500023

236
001501817

001505320
237
001505487

001508114
238
001508282

001510575
239
001510743

001512994
240
001513162

001516748
241
001516916

001518917
242
001519084

001521169
243
001521837

001523671
244
001528552

001530261
245
001530971

001534015
246
001535351

001536726
247
001536894

001540688
248
001542191

001543733
249
001544526

001546277
250
001546445

001548529
251
001548697

001551741
252
001552117

001554702


253
001554870

001558539
254
001600125

001601751
255
001603462

001604504
256
001604672

001607674
257
001609385

001611719
258
001614348

001616599
259
001619269

001621521
260
001621689

001623398
261
001624149

001626234
262
001627069

001630113
263
001630280

001631906
264
001634201

001635660
265
001635828

001638371
266
001640749

001642458
267
001646672

001648006
268
001648215

001652719
269
001652886

001654512
270
001655014

001656472
271
001657891

001659225
272
001700269

001702812
273
001703731

001705481


274
001705649

001706774
275
001708235

001710945


276
001711572

001712697
277
001713449

001715158
278
001719705

001722331
279
001726462

001730298

280
001731383

001733259
281
001733427

001736471
282
001736638

001738723
283
001738891

001741184
284
001741518

001744353
285
001746815

001748566


286
001750986

001754072


287
001756492

001758409
288
001758577

001801204
289
001801789

001803956
290
001807836

001810088
291
001810297

001811798
292
001811965

001815384


293
001816053

001819180


294
001819348

001821349

295
001821767

001823101
296
001823310

001826145
297
001826355

001828231
298
001828398

001830775
299
001831652

001834237
300
001834404

001838199
301
001838367

001841577
302
001842746

001845081


303
001845290

001847542
304
001848710

001850795
305
001850963

001852213
306
001852381

001854966
307
001855134

001858344


308
001858554

001900805
309
001901014

001903224


310
001903392

001905601
311
001905769

001907979
312
001909189

001911190


313
001911358

001914235


314
001914403

001917947
315
001918115

001920992
316
001922911

001925079


317
001926456

001929917
318
001935424

001937383
319
001937551

001939969


320
001941096

001944140
321
001944308

001946893
322
001947060

001949770
323
001949938

001951272
324
001955444

001958237
325
001958405

002002491
326
002003202

002006954
327
002008957

002011459
328
002011627

002013252
329
002014338

002018633
330
002019551

002021552
331
002024723

002025973
332
002026475

002029560
333
002031063

002032980
334
002033774

002035399
335
002036568

002040029
336
002042282

002043991
337
002044159

002047078
338
002048455

002050581
339
002050749

002053918
340
002054795

002056170
341
002056672

002100466
342
002100634

002103970
343
002106765

002108933
344
002118860

002120319
345
002124366

002126200


346
002126368

002128786
347
002128954

002133374
348
002133542

002137837

349
002138547

002140715
350
002140882

002142842
351
002143844

002145928
352
002146138

002148097
353
002153854

002157732
354
002211246

002213706
355
002219504

002221922
356
002231516

002233559
357
002233727

002235978