1
000004754

000006714
2
000008091

000011593
3
000011761

000014138
4
000014305

000016682


5
000016850

000018517
6
000020562

000024732
7
000024899

000027401
8
000027569

000030404
9
000030572

000035701
10
000037454

000042332
11
000042959

000046628
12
000047547

000050466
13
000050633

000052676
14
000052844

000055054
15
000055221

000057264


16
000057432

000101101
17
000101269

000103062
18
000103563

000105355
19
000105523

000108275


20
000108443

000111111
21
000111279

000113739
22
000113907

000117117
23
000214050

000220681


24
000220849

000225060
25
000225645

000227938
26
000228148

000229314
27
000229482

000233861


28
000234028

000236446
29
000236614

000241034
30
000241202

000245873


31
000246040

000249835
32
000250003

000251044


33
000251212

000255340
34
000257260

000300470


35
000300638

000304975
36
000305143

000309229


37
000309397

000312941
38
000313109

000316695
39
000316863

000321575
40
000323745

000330042
41
000330210

000335422


42
000335590

000337966
43
000342138

000343347
44
000343514

000347017
45
000347185

000350020
46
000350188

000353732

47
000353900

000357361
48
000357862

000400113
49
000400281

000404868
50
000405036

000406662
51
000409999

000413043
52
000414087

000417506


53
000417674

000420842
54
000421010

000427307


55
000427475

000430477
56
000430645

000433438
57
000435900

000438610


58
000444117

000446076
59
000446244

000450455
60
000450623

000454668
61
000454836

000458714
62
000458881

000501216


63
000501384

000504052
64
000504220

000509516
65
000511561

000514354
66
000514522

000517024
67
000517984

000520819
68
000520987

000523822

69
000523990

000528535
70
000529162

000531997
71
000532165

000537336
72
000538588

000542632
73
000543259

000546636


74
000547388

000550766
75
000550933

000555771


76
000559108

000602778
77
000604280

000606865
78
000607033

000609951
79
000610703

000614456
80
000614624

000615957
81
000616125

000618585
82
000618753

000621713


83
000621881

000625008
84
000625176

000627844
85
000628012

000631390


86
000631557

000633183
87
000634894

000638021


88
000638189

000639773
89
000643653

000646196
90
000647490

000648657


91
000648825

000651493
92
000651661

000657082
93
000658292

000700669
94
000705049

000707801
95
000707969

000710595
96
000710763

000713723
97
000714225

000717686


98
000717854

000719980


99
000720148

000722816
100
000722984

000726903
101
000727530

000730240


102
000730408

000734202


103
000734370

000736288
104
000736956

000742502
105
000743004

000744337
106
000745381

000746798
107
000747800

000751178
108
000753598

000755849
109
000757393

000759603


110
000759770

000803648
111
000803816

000805567
112
000806569

000808153
113
000811032

000813450


114
000813618

000814951


115
000815119

000818747
116
000823586

000826671
117
000826839

000831426

118
000831719

000836640
119
000837225

000840060
120
000840228

000843188
121
000844023

000848401


122
000849153

000851905
123
000852073

000854407
124
000854575

000856952
125
000857119

000859871
126
000901541

000904209
127
000904377

000906503
128
000907171

000909756
129
000909924

000912008
130
000912176

000916555
131
000916722

000920225
132
000920393

000923395
133
000924146

000926356
134
000933656

000936366
135
000936534

000940078


136
000940246

000945875
137
000948004

000949629
138
000949797

000953300
139
000954135

000956595
140
000956762

001000015
141
001000391

001004185
142
001004645

001006479
143
001006647

001009733
144
001009900

001014446
145
001014614

001017490
146
001018034

001021411
147
001021579

001024998
148
001025207

001027208
149
001027376

001032005
150
001033841

001036259


151
001036427

001041264


152
001044018

001048355
153
001048522

001050231
154
001050483

001053610
155
001054779

001056821
156
001057615

001059532
157
001059700

001101951
158
001102119

001105538
159
001105706

001109250
160
001111087

001112671
161
001114340

001117258


162
001117426

001119302
163
001119470

001122514
164
001123015

001126184


165
001127144

001129270
166
001132149

001133900


167
001134652

001138571


168
001144912

001150375
169
001150543

001152627
170
001153212

001155463
171
001156340

001158383
172
001159427

001202262
173
001202430

001205515


174
001205683

001207892
175
001208060

001210395
176
001210563

001212897
177
001215943

001219237
178
001219905

001222907
179
001223075

001227370
180
001228414

001231416
181
001231584

001234335
182
001238424

001243428
183
001243596

001248475
21
184
001250144

001251519
185
001251687

001253521
186
001253689

001255231
187
001255399

001258026
188
001258194

001301154
189
001305493

001307368


190
001307536

001309579
191
001309747

001312081
192
001312249

001315752
193
001315920

001319047
194
001319215

001321049
195
001323719

001328932
196
001329099

001331768
197
001331936

001335980


198
001336148

001337941
199
001338108

001341152
200
001343781

001346491
201
001346784

001349285
202
001349453

001351371


203
001351539

001353790
204
001353958

001356501
205
001356669

001359420
206
001359588

001403675


207
001403968

001406469


208
001408931

001410598
209
001411976

001414102


210
001414270

001416729


211
001416897

001419649
212
001419817

001421734
213
001422403

001424863
214
001435958

001438293


215
001438460

001441170
216
001441338

001444340
217
001444508

001446718


218
001446886

001452557
219
001453183

001456436
220
001457313

001500690
221
001500858

001503902
222
001504737

001506487
223
001507907

001510909
224
001511076

001512952


225
001513120

001515288
226
001516540

001518207
227
001518375

001521002
228
001521170

001524589
229
001524757

001526966
230
001527134

001530887
231
001531722

001534599
232
001534767

001539437


233
001539605

001542774
234
001542942

001545109
235
001545277

001547403
236
001550199

001552158
237
001552326

001557330
238
001557498

001601542
239
001601710

001604921
240
001605089

001609926
241
001610094

001614555
242
001623190

001624816


243
001624984

001627902
244
001628070

001630697
245
001630864

001632490
246
001632658

001634534
247
001634702

001636327
248
001636704

001638746
249
001638914

001641082
250
001641250

001644085
251
001646255

001648381
252
001648757

001652552
253
001654555

001657056
254
001657224

001700059
255
001700227

001702979
256
001703981

001707567
257
001707735

001710028
258
001710195

001711821
259
001713907

001715074
260
001718078

001722665


261
001723042

001725001
262
001725169

001729464


263
001729631

001731799
264
001731967

001734761


265
001734928

001738014


266
001738599

001740475
267
001740642

001743269
268
001743437

001746522
269
001746690

001749400
270
001750110

001752028
271
001758118

001800620


272
001801330

001804290
273
001804458

001807168
274
001807336

001809295
275
001810672

001812632
276
001812800

001816260
277
001818806

001821015
278
001821517

001824894


279
001825062

001829315
280
001834196

001837240


281
001837407

001839784


282
001839952

001843830
283
001843997

001847667
284
001853590

001855341
285
001857761

001901347
286
001901515

001903599
21
287
001903767

001905560
288
001905853

001908604


289
001908772

001913151
290
001913318

001917822
291
001918782

001922743
292
001926415

001928207
293
001930961

001932128
294
001933463

001935673
295
001935841

001939927
296
001940095

001942471
297
001945350

001947435
298
001948103

001952190
299
001952357

001954775
300
001954943

001957445
301
001957613

001959405


302
001959573

002001699
303
002002034

002003701
304
002005829

002006871
305
002007039

002008539
306
002010709

002012835
307
002014129

002018424
308
002018926

002020009
309
002020260

002021427
310
002021595

002023137
311
002023889

002026515
312
002026683

002029936
313
002030103

002032063
314
002033899

002036609
315
002036777

002040154
316
002040656

002045284
317
002045452

002047578
318
002047829

002050748


319
002050916

002054794
320
002054962

002057713
321
002057881

002059757


322
002059925

002102551
323
002102719

002105471
324
002106223

002107348
325
002109351

002111310
326
002114564

002117358
327
002117526

002120653
328
002120821

002123572
329
002126285

002129829
330
002129997

002133874
331
002134042

002136836
332
002137754

002139130
333
002139298

002142800
334
002146596

002147638
335
002149516

002152977


336
002153145

002154603
337
002155272

002157732
338
002157899

002159608
339
002159776

002202153


340
002202404

002204947
341
002205115

002207158


342
002207326

002211746
343
002211913

002216250
344
002221757

002225843
345
002226011

002227762


346
002227929

002230598


347
002230766

002232850


348
002233018

002234894
349
002235062

002237897
350
002238065

002241817
351
002241985

002244737
352
002244905

002246489


353
002246656

002249116
354
002249284

002250743
355
002251870

002253829


356
002254331

002255915


357
002256083

002257375
358
002304883

002307802


359
002312641

002314975
360
002315143

002316977
361
002317145

002320981
362
002323777

002330699
363
002330867

002333661
364
002333829

002335955
365
002336123

002341627
366
002343505

002345005
367
002348593

002355266
368
002355434

002358310
369
002358478

002400521
370
002400689

002406318
371
002406486

002410281
372
002412492

002416871


373
002417038

002418205
374
002420333

002421792
375
002423336

002425296
376
002425881

002428841
377
002431887

002434388
378
002437309

002440811


379
002441855

002443606
380
002443773

002447526
381
002447694

002452072
382
002453867

002455951
383
002456161

002459955


384
002501374

002503459
385
002515347

002516847
386
002517015

002519808
387
002519976

002522228
388
002522395

002525105
389
002525273

002528609
390
002529319

002532613
391
002534407

002536825
392
002536993

002540538
393
002540705

002542164
394
002545418

002548504
395
002549798

002554510
396
002554678

002558055


397
002559766

002601517
398
002602561

002603602
399
002608400

002609775
400
002611611

002613487
401
002617993

002622329
402
002622497

002624748
403
002624916

002630129


404
002636720

002639388
405
002640223

002642808
406
002642976

002646770
407
002646938

002652651
408
002653528

002655613
409
002655780

002658866
410
002659034

002704038
411
002704205

002706915
412
002707959

002709335
413
002713381

002716383


414
002719429

002722306
415
002731483

002735736
416
002735904

002737738
417
002739491

002744495


418
002745747

002750125


419
002750293

002752086
420
002752253

002756590


45
421
002756758

002758926


422
002759928

002802388
423
002808269

002813107
424
002814192

002819196
425
002819364

002823117
426
002823535

002826787
427
002827747

002831834
428
002832001

002834211
429
002834879

002838424


430
002841386

002845514
431
002845682

002847349
432
002847517

002851228
433
002855984

002857109
434
002859362

002902489
435
002902657

002907453
436
002911207

002914293


437
002914669

002918589


438
002920216

002922634
439
002922802

002927598
440
002930435

002931810
441
002931978

002933687


442
002935940

002941779
21
443
002941946

002943697
444
002949996

002951914


445
002952081

002954708
446
002954918

002957377
447
002957545

003003592
448
003008890

003011809
449
003012310

003016063
450
003016231

003018816


451
003020276

003023403


452
003023571

003026198
453
003026366

003028826
454
003029953

003031411
455
003031913

003033372
456
003034290

003038126
457
003038294

003039419
458
003039587

003041630


459
003041798

003042840
460
003043007

003046635
461
003046803

003050764
462
003050932

003052558


463
003052725

003055686
464
003056271

003059106
465
003059691

003102401
466
003106823

003108740
467
003114998

003118083
468
003118251

003120794
469
003120962

003124172
470
003126551

003128594
471
003129220

003131680
472
003134976

003137769


473
003137937

003139479
474
003139647

003141857
475
003142025

003144109


476
003145570

003147654


477
003147822

003150949
478
003152785

003155495


479
003155663

003158081
480
003158291

003200208
481
003200752

003204296


482
003204547

003207841


483
003227487

003229112


484
003229280

003232658
485
003232825

003236536
486
003236704

003238789
487
003239624

003242626
488
003242794

003244002
489
003244170

003246588
490
003246756

003248799
491
003248967

003252260
492
003253262

003255347
493
003255515

003258392
494
003258559

003302062
495
003302230

003305941
496
003306109

003308276
497
003310029

003312322
498
003315284

003318453


499
003318621

003320122
500
003325086

003327004
501
003328548

003331174
502
003334053

003335470
503
003338683

003341601


504
003341769

003345272


505
003346733

003351111


506
003352363

003354906


507
003355074

003356700


508
003356868

003359536


509
003359704

003402205
510
003404333

003406126
511
003406294

003409671


512
003413551

003415302
513
003416012

003419473
514
003422226

003424269
515
003425480

003427064


516
003427231

003433070


517
003433279

003436073


518
003436240

003438075


50
519
003438242

003439868

100

520
003440036

003441620
521
003442705

003445207
522
003445708

003448376
523
003449712

003452172
524
003453758

003456802


525
003456969

003459429


526
003503810

003506311


527
003506479

003510273
528
003510441

003513443
529
003517156

003518949
530
003520868

003523120
531
003523287

003525330
72
532
003525498

003527833
533
003530419

003531878
534
003533422

003534631


535
003535508

003539136


536
003539303

003541429
537
003541597

003544391
538
003544559

003546518
539
003547395

003549312
540
003550606

003552649


541
003552817

003556153
542
003556320

003559531
543
003559699

003603451


544
003603619

003604953
545
003608082

003612961
546
003613129

003615714


547
003615882

003621595
548
003621762

003622804
549
003627768

003633440
550
003633608

003636693
551
003636861

003640197


552
003640364

003642824
553
003644368

003646578


554
003646746

003649122


555
003649290

003651791
556
003652376

003653543


557
003654587

003657339
558
003657506

003701384


559
003727328

003729621


560
003729789

003732916


561
003733084

003735335
562
003735878

003740674
563
003741509

003743426
564
003744971

003747264


565
003747431

003749140


566
003749308

003754813
567
003754981

003758441
568
003800444

003803530


569
003803698

003805240


570
003805408

003809077


571
003809245

003812414
572
003812581

003816793
573
003816961

003820714
574
003821382

003823258
575
003824969

003826011
576
003826178

003827721


577
003827888

003830473
578
003830641

003833101


579
003833269

003835103
580
003835271

003838773


581
003838941

003841693
582
003841861

003845864
583
003848159

003851244


584
003851412

003855457
585
003855624

003858960
100
586
003859128

003902422
587
003906260

003909054
588
003910097

003912932


589
003913100

003918813
590
003921484

003922692
591
003925446

003927697
592
003929200

003933787


593
003933954

003936581


594
003936749

003938708


595
003938876

003941086


596
004002024

004003691
597
004016664

004020959
598
004021127

004022836


599
004023003

004024129


600
004024296

004026172


601
004027174

004030260


602
004030428

004034389
603
004040771

004044774
604
004045734

004047902
605
004048070

004050697
606
004053325

004056578


607
004058789

004101166


608
004101333

004102876
609
004103043

004106004
610
004106172

004109090
611
004113512

004117557


612
004117808

004118892
613
004119059

004123313
614
004123481

004125148
615
004125316

004127108


616
004127276

004131988
617
004133574

004135909


618
004136076

004139704
619
004142041

004144918
620
004145085

004148546
621
004150007

004151966
622
004153969

004159098
623
004159266

004203520
624
004205356

004208233


625
004209652

004213488


626
004215032

004216908
627
004217117

004218284
628
004221038

004223998
629
004226126

004229754
630
004230464

004235885


631
004236053

004238388
632
004238556

004241891
633
004242059

004244561
634
004246313

004250108
635
004251068

004255154


636
004257866

004259826
637
004300995

004305915
638
004306667

004312547
639
004314174

004316718
640
004316885

004319220
641
004319388

004322765
642
004322933

004327020


643
004327187

004330898
644
004331066

004333735
645
004333902

004337780
646
004337948

004340366
647
004349376

004351836
41
41
648
004353797

004356758


649
004356925

004401220


650
004401388

004402722
651
004402890

004407393
652
004409980

004412440
653
004412608

004415276
654
004415444

004418279
655
004420366

004423159
656
004423702

004426079
657
004426246

004429207
658
004429375

004431668
659
004431835

004435546


660
004439176

004440635
661
004443681

004445306


662
004445474

004449435
663
004453232

004456526
664
004456694

004459153


665
004500364

004503574
666
004506870

004510289


667
004510457

004513626


668
004513794

004517130
669
004518132

004521759
670
004525222

004527724


671
004527891

004530476
672
004530644

004533229
673
004533397

004534814
674
004535983

004539277
675
004540738

004542405
676
004543532

004545950
677
004546118

004549871


678
004553751

004558546


679
004604219

004606971
680
004608807

004612769
681
004612936

004614645
682
004614813

004618691
683
004621737

004625072


684
004625240

004626949

685
004627117

004628951


686
004629119

004632038


687
004642049

004643674


688
004643842

004646761
689
004646929

004649222
690
004650808

004654268
691
004654436

004656312
692
004702820

004706072


693
004712579

004718459
694
004718836

004724257
695
004724424

004729762
696
004729930

004731889
697
004733058

004734600
698
004735310

004737645
699
004738981

004740898
700
004742109

004747321
701
004805841

004810428


702
004810596

004814056
703
004814641

004817977
704
004822024

004824567
705
004902314

004903397
706
004911740

004912907