1
000003504

000005381
2
000006090

000008384
3
000008718

000012722
4
000012888

000016976
5
000019437

000021981
6
000022148

000024984
7
000025151

000028487
8
000028654

000031073
9
000031240

000034035
10
000034243

000037955
11
000038122

000042626
12
000042793

000047006
13
000047173

000049759
14
000049925

000053846
15
000054055

000055639


16
000055848

000058642
17
000058809

000101562


18
000101729

000106150
19
000106317

000110154
20
000111197

000114366
21
000152488

000155324


22
000155491

000158953
23
000159161

000200412


24
000200663

000201872
25
000203207

000206752


26
000206919

000210381
27
000210548

000214135


28
000214301

000217721
29
000219515

000222309
30
000222476

000226897
31
000228482

000231735
32
000231902

000237491
33
000238868

000241203


34
000241370

000245124


35
000245332

000248002
36
000248169

000251505
37
000252965

000256093
38
000256260

000258053
39
000258846

000302933
40
000304018

000305603
41
000305811

000308606
42
000308814

000313235
43
000314612

000318282
44
000318449

000321327
45
000321744

000324496
46
000324663

000328584


47
000328792

000333214
48
000333422

000334590
49
000334840

000340012
50
000340304

000344099


51
000344266

000348187
52
000352983

000355945
53
000356153

000358864
54
000359031

000402493
55
000402701

000406205
56
000406372

000411210
57
000411418

000414088
58
000414255

000418175
59
000418384

000422763
60
000422930

000424890
61
000425057

000427351


62
000427518

000431230
63
000431563

000434650


64
000434817

000438362
65
000438570

000442825


66
000444201

000445494
67
000445661

000447371
68
000448747

000450499
69
000450666

000452710
70
000452876

000454962
71
000455170

000457298


72
000457506

000459049
73
000459258

000502011
74
000502219

000505556


75
000507975

000510769
76
000510936

000512896
77
000513814

000515649
78
000515816

000520070


79
000520988

000524992
80
000525200

000528162


81
000528329

000532916
82
000533083

000536170
83
000536337

000540215


84
000540507

000542593
85
000543135

000546263
86
000546472

000549224


87
000550351

000553854
88
000555731

000557733


89
000557900

000600444
90
000600611

000602946
91
000605657

000607993
92
000608202

000610704
93
000610871

000615501
94
000616168

000619463
95
000619671

000620756
96
000621006

000623926
97
000624093

000626720
98
000626887

000633185
50
99
000633352

000637231
100
000637398

000638607
101
000640734

000642152
102
000642361

000646365
103
000646532

000649326


104
000649535

000651453
105
000651620

000654081
106
000654248

000656625
107
000656792

000658710
108
000700546

000702005


109
000702172

000705050
110
000705217

000708095


111
000708262

000713183
112
000713600

000714893
113
000715102

000719064
114
000719231

000720274
115
000720441

000725404
116
000725863

000727531
117
000733120

000735080
118
000735247

000738125
119
000738333

000741336


120
000741503

000745549
121
000745716

000748969
122
000750471

000753724
123
000753932

000758729


124
000759688

000803317


125
000803484

000807029
126
000807196

000811033
127
000811200

000814369


128
000814578

000816788
129
000816955

000819082
130
000819291

000823295
$600
131
000823504

000825923


132
000826089

000830135
133
000830302

000836350
134
000836517

000840604
135
000841230

000844316


136
000844525

000847486


137
000847653

000851740
138
000851907

000856119
139
000856286

000859122
140
000859706

000903418
$100
141
000903585

000907881
142
000908090

000912928


143
000917724

000919142


144
000919309

000924106
145
000924273

000926358


146
000926650

000929903
147
000930070

000932197
148
000932364

000934408
149
000935909

000938036
150
000938245

000941039
151
000941206

000944668
152
000944876

000947296


153
000947504

000948714
154
000948880

000951675
155
000951842

000953427
156
000956513

000959850
157
001000058

001003353


158
001003520

001006815
159
001009443

001012696
160
001012904

001015365
161
001015532

001020037
162
001020203

001024249
163
001024833

001027961
164
001028128

001031131
165
001031298

001034301
166
001037638

001038805
167
001040057

001041767
168
001042559

001043894
169
001044102

001049483


170
001049650

001052486


171
001059618

001101578
172
001110671

001114132
206
173
001114341

001116093
174
001116259

001120555
175
001120722

001124518
176
001124685

001130732
177
001130899

001132526
178
001132693

001137781
179
001138073

001141284
180
001143704

001145330


181
001145497

001147499
182
001147749

001151712
183
001151920

001153839
184
001154798

001158844
185
001159010

001201346
186
001201513

001203807


187
001205016

001207728
188
001208311

001211898
189
001212065

001214359
190
001214526

001217362
191
001217571

001220657
192
001221950

001225412
193
001225579

001229499
194
001229666

001232419
195
001232586

001236631
196
001236798

001239968
197
001240177

001243096
198
001243263

001246016


199
001246224

001250687


200
001255776

001257444
201
001257652

001301072


202
001302491

001305869
203
001309498

001312417


204
001312709

001315712
205
001315879

001320425
206
001321676

001323261
207
001323470

001328725
208
001328892

001331978
209
001333605

001335941
210
001336107

001338568
211
001338735

001340654
212
001340821

001344783
213
001344950

001347911
214
001348078

001351414
215
001351623

001353750


216
001353959

001356962
217
001357170

001359464


218
001359673

001402968
219
001403134

001406263
220
001406471

001409891


221
001410100

001414521
222
001414688

001417732
223
001417941

001419651
224
001420110

001424531
225
001424739

001428493
226
001428660

001431913
227
001432080

001436251


228
001436459

001439004


229
001439671

001442007


230
001442173

001447137
231
001450724

001453727
232
001455186

001500025
233
001501860

001504487
234
001504654

001507616
235
001507782

001511286
236
001511453

001514331
237
001514539

001519294
238
001519461

001522339
239
001522505

001525675
240
001525842

001528887
241
001529930

001534601
242
001534768

001537520
243
001539397

001541524
244
001546821

001549950
245
001550158

001552243
246
001552452

001555038
247
001555246

001558750


248
001558917

001602003
249
001602212

001605465


250
001605632

001610845
251
001612973

001616935


252
001617227

001620188
253
001620438

001624734
254
001624943

001628905
255
001629114

001631616
256
001632659

001634244
257
001634411

001637414
258
001637580

001641292


259
001643253

001645422
260
001645588

001649342
261
001649509

001651386
262
001651553

001654556
263
001657517

001659811
264
001700020

001703815
265
001705817

001709571


266
001709738

001714826
267
001714993

001717287


268
001717454

001720081
269
001720248

001725045


270
001725920

001729674


271
001729883

001732427
272
001739350

001742145
273
001750653

001753615
274
001756910

001800330
275
001800538

001804084
276
001804250

001809130
277
001809464

001814010
278
001814177

001816721


279
001816888

001819182
280
001819349

001824562


281
001825230

001827148
282
001827315

001830860
283
001831486

001835031
284
001835240

001837992
285
001838159

001842372
286
001843081

001846835
287
001848461

001849504
288
001849671

001852799
289
001852966

001856261
290
001856427

001902350
291
001902517

001908648
292
001909399

001912902
293
001913069

001916573
294
001920243

001922704
295
001925206

001927500
296
001927667

001931629
297
001931796

001935008
298
001935175

001938469
299
001939512

001942098
300
001942265

001944684
301
001944851

001948188
302
001948396

001951316


303
001951608

001954569
304
001954777

001959490
305
002002118

002006998
306
002009459

002011294
_H6Y
_H6Y
307
002012670

002017383
308
002019761

002023014
309
002024432

002025934
310
002026100

002027894
311
002028144

002030605
312
002030772

002034943
313
002035109

002039280
314
002039864

002041616
315
002043409

002045328
316
002045954

002048206


317
002048456

002051668


318
002051876

002053711
319
002053920

002058549
320
002058841

002102971
321
002103304

002105306
322
002105473

002111854
323
002112021

002115024


324
002115233

002119028
325
002119737

002123074
326
002123241

002125535
327
002127036

002129205
328
002129372

002131874
329
002132041

002135086
330
002135295

002140174
331
002140341

002142719
332
002145179

002151060
333
002151227

002154105
334
002154272

002155815
335
002156983

002200278
336
002200445

002203323
337
002203489

002205950


338
002206159

002211331
339
002211497

002216044
340
002216210

002219505
341
002219672

002221716
342
002223718

002227722
343
002227972

002229557
344
002229849

002232852
345
002233019

002236356
346
002236522

002240902
347
002242278

002247241
348
002248659

002250119
349
002250286

002255291
350
002255458

002300838
351
002302548

002307595
352
002310306

002315311
353
002320942

002322819
354
002333955

002336249
355
002336457

002338626
356
002340211

002341921
357
002342130

002345716
358
002346759

002348719
359
002349095

002354350
360
002400690

002402525