1
000016599

000020769
2
000111654

000114865
3
000115158

000119286

400

4
4
000119496

000120913
5
000121081

000123040
6
000123208

000124917
7
000127045

000128128
8
000128296

000130089


9
000130340

000132800
10
000133176

000136095
11
000136930

000140390
12
000140558

000141850
13
000142060

000143102
14
000143269

000147022
15
000148608

000150859
16
000154197

000155364
17
000156032

000200410
18
000200703

000202746
19
000204124

000207960
20
000208211

000210879
21
000211047

000214091
22
000216219

000218095
23
000225395

000227396
24
000245415

000248125
25
000248376

000250127
26
000250378

000252629
27
000253131

000255883
28
000256050

000258886


29
000300013

000302389
30
000302557

000303640
31
000304100

000305475


32
000305643

000309438
33
000310899

000312274
34
000312984

000316153
35
000316321

000319031
36
000319199

000321200
37
000321367

000324995
38
000325163

000327414
39
000327582

000329625
40
000330376

000334296
41
000334464

000337257
42
000337425

000338717
43
000339886

000341470
44
000341638

000343972
45
000344766

000346141
46
000346309

000348769
47
000348937

000351647
48
000351814

000353482
49
000353650

000357236

50
000358571

000401365


51
000402659

000404034
52
000406955

000410165
53
000410333

000413835
54
000414045

000418215
55
000419509

000420550


56
000421052

000422594
57
000423346

000424846
58
000425014

000427015


59
000429686

000431353
60
000431521

000432562
61
000434232

000435899


62
000438027

000441446

63
000443366

000444950
64
000445118

000446743


65
000446911

000449204


66
000449372

000451707
67
000451874

000455919
10
68
000456754

000501091
69
000501259

000503343
70
000506597

000507639

71
000507807

000509766

72
000509934

000511727

73
000512562

000513645
74
000514397

000515772
75
000515940

000517941
76
000518109

000519901
77
000520069

000522988
78
000523740

000527075
79
000527243

000528744
80
000528911

000531913
81
000532081

000533707
82
000533875

000535542
83
000538296

000539629


84
000540757

000544968

85
000547805

000550432

86
000551476

000552768


87
000552935

000554603
88
000557648

000600859
89
000601027

000604404
30
40
90
000605865

000607616
91
000607784

000612120
92
000612288

000615457
93
000615625

000619378
94
000619545

000620670
95
000620838

000622756
96
000625301

000628595
97
000628763

000632057
98
000632225

000634476

99
000634644

000638563
100
000638731

000641024

101
000641234

000644986
102
000645154

000647989
103
000648157

000651243
104
000651661

000656039
105
000657500

000659167


106
000659335

000702838


107
000703005

000705215

108
000705383

000707050

109
000708803

000711054
110
000711973

000714558
111
000714976

000717894


112
000719856

000722524
113
000722692

000724943
114
000725111

000727529
115
000730366

000732117
116
000732285

000733618
117
000737248

000739624


118
000741043

000745338
119
000745506

000748550
120
000748718

000751219
121
000751387

000756141
122
000756309

000758435
123
000759270

000802189
124
000803191

000805358
125
000808070

000810906
126
000811824

000813742



127
000813910

000815994


128
000816162

000818538
129
000821626

000822959
130
000823127

000825337
131
000825588

000828423
132
000831594

000833345
133
000838434

000840393

134
000840561

000844314
135
000844482

000847150
136
000849153

000852989
137
000854367

000857744
138
000857954

000900789
139
000903292

000907337
140
000907505

000909798
141
000911676

000914678
142
000915137

000918390
143
000918558

000922686
144
000922853

000925564
145
000925731

000928817
146
000929777

000934906
147
000935074

000938034

148
000938202

000941121
149
000941289

000943665
150
000943833

000945750
151
000947837

000950755

152
000950923

000954217
153
000954385

000955677
154
000957847

000959222
155
000959390

001000557
156
001001058

001002851
157
001003019

001006229
158
001006814

001009357
159
001010943

001012569
160
001016699

001019242
161
001019952

001021453
162
001022538

001024581
163
001024832

001028335
17
164
001028669

001031838
165
001033049

001035508
166
001037887

001041556


167
001041724

001043767


168
001043934

001047646
169
001047813

001050690
170
001050858

001053568
171
001053736

001056571
172
001056739

001059949
173
001101410

001104996
28
174
001105164

001109167
28
56
175
001109335

001111336
176
001112755

001114756
177
001116759

001121262
178
001121597

001125809
179
001125976

001128019
180
001138114

001140782
181
001142410

001143993
182
001144829

001146413
183
001149750

001152961
184
001153129

001155004
185
001157174

001158883
186
001200428

001201886
187
001202054

001204347
188
001204515

001207308
189
001207476

001209561
190
001209729

001212147
191
001212314

001215066
192
001216527

001219696
193
001219864

001221698
194
001221866

001224993
195
001225161

001226619
196
001233753

001235003
197
001235171

001237630
198
001237798

001241009
199
001241594

001243970
200
001244972

001248349
201
001249435

001252479
202
001252646

001254689
203
001254857

001259569
204
001300196

001303698


205
001305284

001307160


206
001313083

001315251


207
001315419

001317879

208
001318047

001319255
209
001320132

001323092
210
001323385

001326387

211
001327556

001328932
212
001330059

001331726
213
001333103

001335730
214
001335940

001337065


215
001337233

001338483
216
001340611

001343905
217
001344406

001346324


218
001352289

001355124
219
001356585

001401714
03815
220
001402550

001404592
62
170
221
001404760

001407804
222
001407972

001410056
223
001412142

001415353
224
001415521

001418314


225
001419108

001422777
226
001422945

001425947


227
001426115

001428825


228
001428993

001431035
229
001432162

001433830
230
001433998

001436291
231
001436458

001439168
232
001439628

001441796
233
001442006

001444132
234
001448387

001450722
235
001450890

001453933
236
001454101

001455768
237
001455936

001457687
238
001457855

001501441
239
001501984

001505194
240
001508282

001511910

241
001512077

001513620
242
001517833

001519667
243
001520127

001521502
244
001524006

001525006
245
001526425

001528176
246
001528344

001531137
247
001531305

001533932
248
001534099

001536517
249
001537478

001540480
250
001543734

001546235
251
001546403

001548613
252
001548781

001551366
253
001551784

001553284
254
001553452

001555954
255
001556121

001557872
256
001559959

001601250

257
001601418

001602669
258
001602836

001606130
259
001607299

001608716
260
001608884

001610551
261
001610719

001613888
262
001614056

001617725
263
001617893

001619894
264
001620062

001622063
265
001622356

001625692
266
001626694

001630655
267
001630823

001634701
268
001634868

001637954
269
001640040

001641249
270
001641417

001644502
271
001644670

001645920
272
001646088

001648673
273
001648841

001651175
274
001654013

001655680
275
001655848

001658433
276
001658600

001700393
277
001700644

001704272


278
001705691

001707108
279
001707276

001711404
280
001714450

001715491
281
001715659

001720038
282
001722958

001727045
283
001759578

001802538


284
001803665

001804791
285
001805167

001807585
286
001807753

001811631
287
001813509

001815176
288
001815844

001817261
289
001818305

001820223
290
001820390

001824102
291
001824520

001826437
292
001827106

001829232
293
001835322

001839534
294
001839701

001842328
295
001843705

001847667
296
001848210

001850628
297
001850796

001853047
298
001853423

001855466
299
001855634

001859804
300
001859972

001902348
301
001902516

001903766
302
001903934

001907937
303
001908105

001909605
304
001909940

001915236
305
001915404

001918447
306
001919241

001922869
307
001923036

001924871
308
001925038

001927748
309
001927916

001929208
310
001929960

001934255
311
001936049

001937258


312
001937426

001939010


313
001939178

001941804
314
001943098

001944765
315
001944933

001946309
316
001946476

001949854
37135
317
001950022

001951147
318
001951315

001954275
319
001954443

001956360
320
001956528

001959280


321
001959823

002001240
322
002001408

002003284
323
002003452

002006954
324
002007122

002008122
325
002009708

002012001


326
002013212

002017798
327
002017966

002020676


328
002021386

002023554
329
002023722

002025806
330
002028143

002031562


331
002031730

002034440

332
002035025

002036692
333
002036860

002038444
334
002040197

002042907
335
002043075

002046160


336
002046703

002049163
337
002049331

002050998
338
002051208

002054085
339
002054253

002055670
340
002101510

002104595
341
002106265

002107682
342
002111228

002112853
343
002120153

002122363
344
002124032

002126284
345
002126868

002128911
346
002136044

002137420
347
002137838

002140840
348
002141383

002142883
349
002144886

002147013
350
002151310

002152518
351
002153478

002155313
352
002156440

002158733
353
002158900

002201068

354
002203822

002205114
355
002205741

002207074
356
002209119

002213456
357
002217210

002218627
358
002219838

002221088
359
002221757

002224133
360
002224343

002226385


361
002226553

002229347
362
002229514

002232475
363
002232642

002234352