1
000004212

000007965
2
000008133

000012302


3
000012470

000014304
4
000015557

000018017
5
000018184

000019601
6
000020729

000025149
7
000025692

000030070
8
000031406

000035534


9
000038663

000043500
10
000043668

000047880
11
000048298

000053177
12
000053344

000057514
13
000057974

000102394
14
000102562

000105022
15
000105190

000108192
16
000108359

000110778
17
000112655

000116075
18
000116242

000119328
19
000121873

000125042
20
000125794

000128045


21
000128213

000131173


22
000132217

000136637


23
000136805

000139681
24
000145188

000147898
25
000149818

000152319
26
000152487

000156490
27
000156658

000158117
28
000158660

000202704
29
000202872

000205415
30
000205583

000208418
31
000208586

000211964
32
000212132

000215968
33
000216386

000218470
34
000218638

000221849
35
000222016

000225185
36
000225353

000228313


37
000228731

000233152
38
000235446

000238407
39
000331377

000332419


40
000332587

000335047
41
000336382

000339593
42
000339761

000344681
43
000347685

000350103
44
000351064

000352898
45
000355652

000356860
46
000357028

000400155
47
000400323

000404159
48
000404661

000406870
49
000407038

000410415
50
000410583

000413710
51
000413878

000416296
52
000417298

000420759


53
000422845

000425555


54
000425723

000427516
55
000427684

000430310
56
000430478

000432938
57
000433106

000435399
58
000439028

000441154
59
000441322

000443532
100
60
000443700

000446702
61
000446869

000450080
62
000450248

000453417
63
000454752

000457379
64
000459424

000504052
65
000504262

000507973
66
000508182

000512227
67
000513104

000514396
68
000514564

000516523


69
000516691

000520277


70
000526159

000528535
71
000528703

000531204


72
000531956

000536793


73
000546429

000549931
74
000550099

000551683
75
000553353

000556646
76
000556814

000559816
77
000601277

000603403
78
000603571

000605655
79
000605823

000608742
80
000608910

000612954


81
000613539

000617626


82
000617794

000620128
83
000620296

000623715
84
000626594

000630222
85
000630807

000634768
86
000635103

000637687
87
000637855

000640190
88
000640358

000642734
89
000642902

000646154
90
000646656

000649157
91
000656290

000659626
92
000705550

000706591


93
000706801

000709010


94
000709178

000711888


95
000712056

000714349
96
000714517

000717644
97
000717812

000719938
98
000720106

000723358
99
000727113

000729072
100
000729240

000732492


101
000732660

000735078
102
000735246

000739291
103
000739459

000743628
104
000747216

000748467
105
000748634

000752637
106
000752889

000754764
107
000756184

000800437


108
000800605

000803565
109
000805485

000807903
110
000808070

000810780
111
000810948

000813366
112
000814118

000815702
113
000817455

000819498
114
000825338

000828632


115
000828799

000830675
116
000831511

000835305
117
000835473

000840268


118
000841812

000846691


119
000847944

000851446
120
000851614

000854199


121
000854617

000858620


122
000859789

000901206
123
000908965

000911758
124
000911926

000915345
125
000917306

000920141
126
000920768

000924354
127
000924564

000927899


128
000928067

000930610
129
000930778

000932904
130
000933072

000936700


131
000937159

000938868
132
000939036

000942247
133
000942832

000946001
134
000947753

000950505
135
000954302

000955927


136
000956095

000959222
137
000959432

001001891
138
001002393

001004853
139
001005187

001010025
140
001010901

001012569
141
001012737

001016698


142
001016866

001021328
143
001021495

001023413
144
001023581

001028460
145
001031422

001033882
146
001035426

001037761
147
001042308

001044684
148
001044852

001049189
149
001049357

001053610
150
001053778

001056738
151
001056906

001100033
152
001100201

001104329
153
001107833

001109042


154
001109210

001111044
155
001111212

001115048


156
001116217

001120220
157
001121847

001124182
158
001124350

001127852
159
001128020

001130772
160
001132108

001137987
161
001138155

001141032
162
001141200

001147163
163
001147665

001149791
164
001149959

001153545
165
001153713

001157424
166
001157591

001200218
167
001200803

001202554
168
001203806

001206266


169
001206434

001207892
170
001208060

001209728


171
001209895

001212605
172
001212773

001215275
173
001215443

001217026
174
001217194

001220488
175
001220698

001222574
176
001223451

001227287
177
001240259

001243261
178
001243429

001247474
179
001248893

001253062
180
001253230

001255690
181
001257234

001258985
182
001259153

001302155
183
001302323

001303782
184
001303949

001307494
900
185
001311707

001313625
186
001314376

001316711
187
001316879

001320089


188
001320257

001323134
189
001323302

001326095
190
001327515

001331518
191
001334772

001336022
192
001345449

001347659
193
001347868

001350829
194
001353582

001355083
195
001355251

001358545
196
001358712

001402549
197
001402925

001407428
198
001407596

001410181
199
001413060

001414936
200
001417731

001422235
201
001423696

001427323
202
001427491

001431578
203
001436876

001439586
204
001445092

001447218
205
001448888

001451598
206
001451765

001453850
207
001456395

001459731
208
001459899

001502650
209
001504778

001507155
210
001507323

001510116
211
001510284

001511951
212
001513746

001516789


213
001516957

001518917


214
001519084

001520168
215
001522129

001524589
216
001527259

001531095


217
001531263

001533348
218
001533515

001535308
219
001536352

001539604
220
001540439

001541814
221
001541982

001543441
222
001543859

001546486
223
001548530

001552492
224
001552868

001555411
225
001555579

001559749
226
001601669

001605213
227
001608175

001612303
228
001614723

001616849
229
001617017

001621020
230
001621188

001625733


231
001626610

001630029
232
001630197

001634909
233
001635369

001637662
234
001637871

001639455
235
001639623

001641958
236
001642126

001646087


237
001646255

001649632
238
001649800

001652719
239
001656640

001658182
240
001658976

001701978


241
001702980

001705481
242
001705649

001708735
243
001708902

001710611
244
001710779

001716701
245
001716869

001718119


246
001729256

001731299
247
001731467

001735720
248
001735888

001738014
249
001741060

001743728
250
001744938

001746230
251
001746398

001750777
252
001752196

001754989
253
001755157

001759452


254
001759620

001804165
255
001804374

001806834
256
001807002

001809337
257
001809505

001811798
258
001812091

001813549
259
001813717

001816928
260
001817096

001820431
261
001820599

001822642
262
001824269

001829565
263
001829733

001834320
264
001834488

001836823
265
001836990

001839492
266
001841829

001844122
267
001853799

001858594
268
001859805

001902140
269
001902808

001905184
270
001905352

001908146
271
001908313

001912024


272
001914778

001916904
273
001917406

001920950


274
001921118

001924328
275
001924496

001927165
276
001934965

001938759
277
001938927

001942388
278
001942556

001944348


279
001944516

001946767
280
001946935

001949770
281
001951356

001952982
282
001953150

001956694


283
001956862

002000364
284
002000699

002002783


285
002004286

002006621
286
002006788

002011083
287
002011251

002016505
288
002021803

002026682
289
002026850

002029143
290
002029311

002031187
291
002032064

002034982
292
002035150

002038903
293
002039196

002041697
294
002041865

002045493
295
002045661

002047870
296
002049623

002052625
297
002052793

002055878


298
002056046

002057380
299
002059800

002104637
300
002105305

002107181
301
002108809

002113688
302
002115440

002122154


303
002122322

002124240


304
002124408

002126492


305
002126660

002129036
306
002129204

002131372
307
002131540

002134250
308
002134418

002137169
309
002137963

002139714


310
002139881

002142842
311
002145637

002150182
312
002150350

002154312


313
002156648

002200234
314
002200986

002203738
315
002205991

002207033
316
002208827

002210703
317
002210871

002213497
318
002213832

002216542
319
002216710

002217752
320
002218879

002222506
321
002222674

002225885
322
002227929

002231682
323
002233018

002234602
324
002237105

002239607
325
002240734

002243778
326
002243945

002245780
327
002245947

002248532
328
002248700

002251410
329
002251578

002253829


330
002254039

002258167
331
002258335

002301045
332
002301213

002303756
333
002303924

002305591
334
002306927

002310429
335
002310639

002312598


336
002312766

002314850


337
002315018

002316060
338
002317813

002319980


339
002321149

002324777
340
002326571

002327863
341
002328073

002332118
342
002342421

002346632
343
002350262

002351303
344
002351805

002354765
345
002355142

002357518
346
002357686

002359228
347
002359396

002402148
348
002406736

002408279
349
002410240

002415202
350
002417456

002420040
351
002424921

002427298
352
002427466

002429091
353
002435390

002436849
354
002437767

002439268
355
002439436

002441770
356
002441938

002443772
357
002443940

002446984
358
002447152

002449320
359
002449488

002453532
360
002455285

002457495
361
002458872

002500414
362
002500582

002503751
363
002503919

002508797
364
002512802

002514470
365
002516973

002519058
366
002519267

002522770
367
002522938

002526649
368
002529444

002531695


369
002535951

002538786
370
002539412

002543123
371
002548838

002550798
372
002552926

002554593
373
002555178

002557012
374
002600684

002602059
375
002602602

002605604
376
002608650

002610401
377
002627085

002630879


378
002631047

002634592
1
379
002634801

002639013
380
002647188

002650566
381
002650900

002653152