1
000004546

000007881
2
000008049

000010968
3
000012262

000016473
4
000016641

000017766
5
000020687

000021729
6
000021896

000024189
7
000024357

000025524
8
000029362

000030404
9
000030613

000032740
10
000032991

000036577
11
000036745

000039163
12
000039330

000042708
13
000042917

000044376


14
000044586

000048380
15
000048631

000050883
16
000054596

000056055


17
000056222

000059266
18
000059476

000102853
19
000103021

000105606
20
000105774

000110027
21
000110653

000113072
22
000113239

000115407
23
000115575

000118494
24
000118661

000121038
25
000122123

000125250
26
000125418

000128587
27
000128755

000131256
28
000131466

000135302
29
000135470

000139598
30
000140058

000142434
31
000226771

000230858
32
000232735

000236947
33
000237365

000240075
34
000240243

000243453
35
000243621

000245622
36
000245832

000248125
37
000253089

000254965
38
000255175

000258051


39
000303641

000307519
40
000307687

000310189
41
000310356

000313275


42
000313443

000315569
43
000315737

000316778


44
000317071

000319072


45
000319282

000321200
46
000321367

000324203
47
000324412

000327122
48
000329125

000331752
49
000331961

000334588
50
000334756

000338467
51
000339469

000343805
52
000346100

000348185


53
000349062

000350354


54
000350521

000354024
55
000354192

000356652
56
000356819

000359029

57
000359197

000401114


58
000401282

000403659


59
000403993

000406411


60
000406579

000409164
61
000409749

000413126


62
000414796

000417965


63
000421219

000425305
64
000425473

000426556
65
000426724

000428850
66
000429060

000430727
67
000432355

000433939
68
000434857

000436775
69
000442615

000444283
70
000452834

000457337
71
000457505

000501174
72
000501342

000503552
73
000503761

000506638
74
000510018

000513562
75
000522405

000524865


76
000525033

000527034


77
000531831

000535876
78
000539756

000540964


79
000541257

000543633


80
000543801

000545469
81
000545887

000547888
82
000548056

000551350
83
000551726

000553685
84
000555188

000558648
85
000558816

000600776


86
000600943

000602611


87
000602779

000605197
88
000605365

000608575

89
000608785

000612579
90
000614248

000615916
91
000617335

000619336
92
000624550

000626051


93
000626219

000628220
94
000629806

000632557
95
000632725

000636561
96
000636896

000638897
97
000639065

000641817
98
000641984

000644319
99
000644487

000647531
100
000647698

000648782
101
000649367

000651076
102
000651244

000653203
103
000653746

000655747
104
000700253

000703130
105
000704799

000709594
106
000712432

000714433


107
000716477

000719354


108
000719522

000722524


109
000724110

000727779


110
000727989

000729823
111
000730032

000733827
112
000733995

000736955
113
000740209

000742502
114
000742712

000745046


115
000746424

000748967
116
000751304

000753513
117
000753723

000755307


118
000758811

000801062
119
000801272

000802772
120
000802940

000805192
121
000805902

000808862


122
000809030

000813658
123
000825296

000827631
124
000827798

000833428
30
125
000834597

000836973
126
000843022

000844940
12
127
000848736

000852781


128
000852949

000856701


129
000859747

000901873
130
000902083

000904626
131
000906295

000907546
132
000909423

000912133
133
000918182

000920725
134
000920893

000922852
135
000923020

000925605
136
000925773

000926815
137
000927066

000930610
138
000931404

000936449
139
000936617

000940412
140
000940580

000943123
141
000943332

000946293
142
000946502

000949379
143
000949547

000953842


144
000954969

000957220
145
000958639

000959848


146
001000057

001001808
147
001003728

001009482
148
001009900

001013486
149
001013696

001015030
150
001015197

001017198
151
001017408

001018700
152
001018909

001024331
153
001024582

001029085
154
001029253

001033298
155
001035301

001037969
156
001038179

001040889
157
001041057

001043475
158
001044101

001045894
159
001046395

001048855
160
001049607

001052317
161
001052526

001055695
162
001055905

001057280
163
001059075

001101159
164
001101369

001103870
165
001104038

001107040
166
001107249

001110669
167
001113923

001115465
168
001123307

001125350


169
001125559

001127644
170
001200720

001203054
171
001203222

001204889
172
001205057

001207475
173
001207643

001210145
174
001210354

001213064


175
001216360

001218528
176
001218696

001222782
177
001223576

001226828
178
001226996

001229539
179
001229832

001231875


180
001233878

001238381
181
001238799

001242343
182
001242553

001245054
183
001245681

001247390
184
001247850

001248933
185
001249435

001251227
186
001253147

001254856
187
001258068

001300528
188
001300738

001302614


189
001302782

001304032
190
001304867

001307702
191
001307870

001311581
192
001311749

001313166
193
001313375

001316795
194
001316962

001319214
195
001319381

001321424


196
001321592

001324719
197
001324887

001327931
198
001328098

001331392
199
001331560

001334938
200
001335105

001337732
201
001338234

001340318
202
001340486

001342445
203
001342613

001344322
204
001347284

001349202
205
001349370

001352664
206
001352832

001354374
207
001354583

001356042


208
001358671

001402674
209
001402842

001406052
210
001406262

001409138
211
001409306

001411641
212
001411809

001414769
213
001414937

001417939
214
001418148

001419858
215
001420025

001422151
216
001422319

001425363
217
001425573

001428491
218
001428659

001429909
219
001444550

001447927


220
001448095

001449470


221
001449638

001452181
222
001452349

001456019


223
001509575

001511826


224
001511994

001513912
225
001514121

001515663
226
001515873

001517624
227
001518417

001523046
228
001523756

001525381
229
001525549

001527550
230
001527718

001530053
231
001530220

001532221
232
001532806

001533932
233
001534141

001537143


234
001537311

001540980
235
001541148

001546527
236
001546695

001550907


237
001551075

001554953
238
001556997

001558539
239
001559500

001603419
240
001604004

001606756
241
001607758

001609467
242
001614014

001615807
243
001617101

001619394
244
001619561

001623106


245
001624525

001630154
246
001630698

001633032
247
001638205

001639831
248
001640040

001643001
249
001644461

001648172
250
001656348

001657849
251
001659852

001700893
252
001701061

001705523
253
001710821

001711988
254
001712197

001714032
255
001714241

001717994
256
001720372

001721414
257
001721582

001726169
258
001729506

001730548
259
001730758

001733051
260
001736055

001740308
261
001741060

001744103
262
001751779

001753988
263
001756200

001758367
264
001800871

001804540
265
001806085

001807752
266
001808545

001809587
267
001809963

001814383
268
001814843

001817512


269
001817679

001819806
270
001819973

001822391
271
001822559

001826729
272
001830400

001833778
273
001837866

001840660
274
001840828

001844247
275
001845207

001847458
276
001848001

001851462
277
001853006

001854674
278
001859763

001903766
279
001905644

001907061
280
001911066

001914318
281
001916697

001918406
282
001918574

001919699
283
001919867

001923995
284
001924163

001927999
285
001928292

001932879
286
001933046

001936174
287
001938594

001941304


288
001941680

001944849
289
001945017

001948311
290
001950772

001954150
291
001954318

001958779
292
001959031

002002867
293
002003493

002004785
294
002005537

002007330


295
002007497

002010333
296
002010792

002013461


297
002013795

002017465
298
002017716

002022261


299
002022679

002023888


300
002024056

002025223
301
002026141

002027558
302
002027726

002029936
303
002030103

002032730
304
002032940

002036192
305
002036860

002038069
306
002041365

002044700


307
002049539

002051332


308
002051500

002054335
309
002057089

002058714
310
002058924

002101717
311
002101885

002104595
312
002106014

002108683
313
002109559

002110601


314
002110811

002113396


315
002113563

002115356
316
002115524

002117733
317
002119403

002122071
318
002124116

002127493
319
002127661

002129161
320
002129371

002130579
830
321
002130789

002132373


900
322
002132582

002134792


323
002140257

002142008
324
002142676

002146012
325
002146847

002149432
326
002151018

002156022
327
002204239

002205781
328
002207576

002209910
329
002210078

002212204
330
002212372

002216876
331
002219671

002221297
332
002221465

002223215
333
002226345

002227511
334
002235854

002236896


335
002237064

002238481
336
002238648

002242193
337
002256792

002259168