1
000004254

000006839
2
000007048

000011093
3
000012762

000015139
4
000016558

000018559
5
000020270

000023313
6
000023523

000028485
7
000028695

000032906
8
000033116

000038412
9
000040457

000043792
400
10
000044002

000048338
11
000049090

000051300


12
000051509

000056180
13
000056431

000058015
14
000100226

000101935
15
000102103

000104688
16
000104856

000107608
17
000108943

000112821
18
000115075

000117076
19
000117243

000119536
20
000119746

000120788
21
000120955

000122706
22
000122874

000127836
23
000132383

000135803


24
000138556

000141975
25
000142602

000144895


26
000145105

000149566


27
000149734

000152945
28
000154656

000157658
29
000157826

000159535
30
000159702

000201745
31
000201913

000202955
32
000203123

000206041
33
000206209

000208836
34
000209003

000210879
35
000212090

000214967
36
000215135

000217010
37
000217262

000219555
38
000219722

000224685
39
000224853

000228105
40
000229149

000232734
41
000232902

000235487
42
000235697

000239616
43
000239784

000245789
44
000246040

000250002
45
000250253

000254965
46
000332378

000335047
18
47
000335590

000338091
48
000338259

000340552
49
000343890

000346099
50
000348353

000349645


51
000349896

000351813


52
000352065

000353899


53
000354067

000357194
54
000357362

000359780


55
000359948

000401907
56
000402075

000406286


57
000406454

000408747
58
000410041

000413627
59
000413795

000415879
60
000420176

000423178


61
000423346

000424388
62
000424555

000428392
63
000429435

000433647
64
000435900

000437651


65
000437819

000441196
66
000442115

000444658
67
000446619

000449454


68
000450707

000451957
69
000454961

000457921
70
000458131

000501591
71
000501843

000505095


72
000505263

000509725
73
000510268

000513186


74
000520611

000522821


75
000526200

000527868


76
000528036

000531163
77
000531331

000532372
78
000532582

000534082
79
000534250

000537210
80
000539213

000543592


81
000543843

000547346


82
000547597

000550557
83
000550767

000554144
84
000555813

000559691
85
000602528

000604112


86
000604822

000607657
87
000610495

000612371
88
000613164

000614581


89
000614749

000618251
90
000618419

000623673


91
000624759

000627010
92
000627178

000629429
93
000629597

000631181
94
000632725

000634101
95
000635812

000639231


96
000639399

000640816
97
000640983

000643026
98
000644237

000645779


99
000645988

000648865
100
000649450

000652369
101
000652537

000655205
102
000655581

000658542
103
000700545

000703088
104
000703714

000706550
105
000706717

000709553


106
000709804

000713098
107
000717270

000719604
108
000719772

000721648
109
000721858

000723817
110
000725695

000728029
111
000728197

000732367


112
000732577

000735912


113
000736080

000737539
114
000737707

000740667
115
000743796

000747382


116
000747550

000748675


117
000749844

000751136


118
000751387

000757267
119
000758519

000801605


120
000801814

000804649
121
000805234

000809154


122
000809322

000811948


123
000812200

000814784


124
000815495

000820207
125
000820416

000822167


126
000822335

000826630
127
000826839

000829758
128
000834263

000837182


129
000839018

000840519
130
000842772

000846316


131
000846526

000848026
132
000849737

000852489
133
000852740

000858203
134
000900873

000903166
135
000903376

000906461
136
000906671

000912300
137
000913678

000915554
138
000916847

000922102


139
000922353

000926064
140
000931946

000935699
141
000935866

000938618
142
000938786

000942539
143
000943457

000945959


144
000946168

000950046


145
000950256

000952591


146
000952800

000955343


147
000955595

000959097
148
001003477

001005770


149
001005938

001007689
150
001007898

001012986


151
001013195

001018366
152
001018618

001020994
153
001021245

001026708
154
001027376

001030670


155
001031589

001035175
156
001042683

001046186
157
001046395

001047812
158
001049231

001051524
159
001053277

001056404
160
001057406

001100533
161
001100743

001105413

19

162
001107083

001110085
163
001110252

001112379
164
001114006

001117425
165
001117593

001119678
166
001119887

001123640


167
001125476

001127811


168
001128062

001129396
169
001129563

001133441
170
001138614

001140448
171
001140950

001144619
172
001144829

001149874


173
001151502

001154254
174
001154463

001159134


175
001159343

001203054
176
001203472

001205098
177
001205266

001207350


178
001210438

001215024
179
001215276

001217277
180
001218404

001220113


181
001220281

001223283
182
001223492

001226578
183
001226746

001231666


184
001236172

001239758
185
001246223

001250894


186
001251061

001252270
187
001254023

001256441
188
001256609

001300361
189
001300529

001303865
190
001304408

001307160
191
001307328

001309078
192
001309246

001312791
193
001313042

001316544
194
001316712

001319255
195
001321008

001323843
196
001324094

001325929
197
001326096

001328264
198
001328432

001331976


199
001333813

001338441
200
001338609

001339776
201
001339944

001343154


202
001344698

001348201
203
001348410

001350036
204
001350204

001352330
205
001352581

001354874
206
001355042

001357877
207
001359171

001403466
208
001403717

001408054


209
001408472

001409931
210
001410182

001412725


211
001414603

001418565
212
001421902

001424112


213
001424280

001430577
214
001430828

001434747
215
001434915

001436165
216
001437126

001438251


217
001438419

001440211
218
001440379

001444257
219
001446302

001449095


220
001449305

001453808


221
001454018

001457312
222
001457521

001459480
223
001500774

001502984
224
001503152

001505111
225
001505321

001508323
226
001508574

001512702
227
001513704

001517498


228
001517666

001520460
229
001527760

001531220
230
001531430

001533765


231
001548739

001551783
232
001551992

001556371


233
001556622

001559290
234
001559458

001601834
235
001602086

001605713
236
001605881

001610593
237
001614056

001619143
238
001619353

001624315
239
001624566

001627860
240
001628612

001632490
241
001636245

001637412
242
001637579

001641082
243
001641250

001643835


244
001644336

001646921
245
001647131

001650675
246
001650884

001654721
247
001656598

001658182
248
001658350

001700351
249
001701103

001702979
250
001703230

001704480


251
001704690

001706983
252
001707151

001711070
50yearold
253
001712906

001715241
254
001718370

001721789


255
001722041

001725585
256
001726962

001729547
257
001729715

001732675
258
001734928

001738639
50yearold
259
001738807

001742977

50

16
260
001743228

001745354
261
001745522

001746856
262
001747858

001751778


263
001751987

001754030
264
001754198

001757617
265
001759119

001803831
266
001809922

001813841
267
001814009

001815510
268
001815719

001818137
269
001820099

001823851
270
001824436

001830108
271
001833112

001835530
272
001836907

001840118


273
001841745

001846457
274
001846625

001851379


275
001851672

001853548


276
001853799

001858136
277
001858387

001901222
278
001903183

001906227
279
001906436

001910898
280
001911108

001914569


281
001917739

001920950
282
001921118

001924370
283
001924538

001926330
284
001926498

001930251
285
001930460

001932253
286
001933589

001935756
287
001935924

001938593
288
001938760

001943055


289
001944224

001947435
290
001947644

001951689
291
001952482

001957069
292
001957321

002000489
293
002000657

002002450
294
002006205

002007246
295
002007414

002009957
296
002010167

002012084
297
002013378

002016088


298
002016548

002018883


299
002019092

002022136
300
002022304

002023804
301
002026767

002030019


302
002034399

002037068
303
002039780

002042531
304
002047204

002052541


305
002059633

002102843
306
002103053

002104595
307
002105305

002107348
308
002111812

002114605
309
002114815

002119527
310
002119778

002124156


311
002124366

002125908
312
002128620

002132707
313
002132916

002137086


314
002139131

002141382
315
002142426

002144093
316
002144344

002146804