1
000003336

000005713
2
000005880

000008465
3
000008883

000010509
4
000010760

000013095
5
000014723

000015931
6
000016099

000019643
7
000021104

000023856
8
000024024

000026316
9
000034284

000035909
10
000126711

000128754
11
000129005

000132257
12
000133176

000135469
13
000135637

000138138


14
000138306

000142810
15
000142977

000144937
16
000145105

000146688
17
000146856

000148857
18
000149234

000152444
19
000154864

000157032
20
000157200

000158575
21
000200370

000201703
22
000201871

000203789
23
000204874

000207543
24
000207710

000210420
25
000212382

000215134
26
000215301

000218554
27
000218721

000220347
28
000224519

000226103
29
000227564

000229273
30
000235113

000236238
31
000236406

000238574
32
000238741

000240200
33
000240368

000243579
34
000246749

000251378
35
000251546

000253922
36
000254090

000256466
37
000301347

000302973
38
000303141

000305893
39
000306060

000309897


40
000310064

000311899
41
000312066

000314484
42
000314652

000316153
43
000316487

000317779
44
000320825

000322492
45
000327874

000329875
46
000330210

000332502
47
000332670

000334796
48
000336049

000337758
49
000337926

000341386
50
000344349

000346516
51
000346976

000348185
52
000348353

000351396
53
000351564

000353315
54
000353483

000356860
55
000357028

000359947
56
000400114

000402491
57
000404327

000407037
58
000407205

000409706
59
000412335

000413502
60
000414963

000417256
61
000417423

000419675
62
000419842

000421593
63
000421761

000425347
64
000440738

000444032
65
000444575

000445951
66
000450248

000453417
67
000453584

000457546
68
000457714

000500674
69
000500842

000502718
70
000503219

000505721
71
000505888

000507389
72
000507557

000510434
73
000515815

000518233
74
000518401

000520652


75
000522238

000524448
76
000524615

000526408
77
000528661

000531246
78
000535418

000536960
79
000537128

000539671
80
000539839

000542090
81
000542383

000545761
82
000548765

000550349


83
000550516

000551641
84
000551809

000553226
85
000553394

000556188
86
000556356

000559566
87
000602487

000604112
88
000605114

000606615
89
000606783

000608575
90
000608743

000610494
91
000611788

000613830


92
000613998

000616208
93
000616376

000619252
94
000620963

000624466
95
000626010

000627928
96
000631057

000632974
97
000633142

000637145
98
000637313

000639731
99
000642026

000645612
100
000646447

000648323
101
000648491

000649658
102
000649826

000652202
$5
103
000652370

000654371
104
000654539

000657999
105
000658167

000659918


106
000701838

000704089
107
000704257

000706842
108
000707009

000708552
109
000708719

000711513
110
000712056

000715684
111
000715852

000718186
112
000718354

000720397
113
000720565

000722691
114
000722859

000725777
115
000728156

000729656
116
000731075

000732826
117
000732994

000735120
118
000742670

000744171
119
000753306

000755849
120
000756893

000759769
121
000800897

000802564
122
000805443

000806902
123
000807612

000810489
124
000811991

000813700
125
000814410

000815785
126
000817079

000819206
127
000819749

000820957
128
000821375

000822584
129
000822752

000824586


130
000825254

000828131
131
000828925

000831468
132
000832136

000833637
133
000833804

000836264
134
000836766

000838099
135
000839977

000841978
136
000844065

000845815
137
000848444

000850612
138
000856077

000857827
139
000859288

000901331
140
000901499

000905460
141
000905628

000907963
142
000909298

000912008
143
000914428

000917472


144
000917640

000920475
145
000928192

000929651
146
000929819

000933029
147
000933197

000934906
148
000935783

000937993
149
000938160

000940620
150
000940955

000943582


151
000953676

000955135
152
000957138

000958263
153
001021203

001023163
154
001026459

001028376
155
001029879

001032213
156
001032381

001035008


157
001035176

001037510
158
001037678

001038970


159
001039138

001040930
160
001041098

001043016


161
001100576

001101660
162
001101827

001104663
163
001111879

001114422
164
001114590

001116966
165
001117134

001118551
166
001118719

001122055
167
001123307

001126893
168
001129313

001132315
169
001132483

001136653
170
001138280

001142450
171
001142618

001144035
172
001144203

001148206
173
001149750

001150875
174
001151043

001154129
175
001154296

001157882
176
001158050

001201136
177
001202179

001203722
178
001203889

001206433
179
001208978

001211813
180
001211981

001213481
181
001213858

001214899
182
001215067

001218236


183
001218404

001221156


184
001222575

001224075
185
001225202

001226911
186
001227079

001230790
187
001232543

001234544


188
001235087

001238965
189
001241260

001243511
190
001244513

001246681
191
001247600

001248683
192
001248851

001252854
193
001253022

001255190
194
001255357

001257150
195
001257735

001300737
196
001300905

001302947
197
001303115

001305658
198
001316837

001318338
199
001321217

001323802
200
001323969

001326387
201
001326555

001329140


202
001329725

001331184
203
001331811

001333394
204
001333771

001336523
205
001336690

001339567
206
001339735

001342695


207
001343113

001345490


208
001347284

001349828
209
001350579

001352831
210
001352998

001356668
211
001356836

001358753
212
001400923

001403007
213
001408013

001410139


214
001410599

001412725
215
001412893

001416229
216
001418607

001421359
217
001421527

001424529
218
001424697

001427448
219
001427616

001429742
220
001430828

001433037
221
001433247

001436791
222
001436959

001439544
223
001439712

001443381
224
001444008

001445049
225
001445801

001449178
226
001449346

001450889
227
001451891

001456269
228
001457938

001500648
229
001500816

001502358
230
001502526

001504527
231
001506071

001508573
232
001508741

001512076
233
001512661

001513870
234
001516832

001518041
235
001518459

001520627
236
001521003

001523630
237
001529428

001530595
238
001530763

001533640
239
001533807

001535600
240
001535768

001538853
241
001539021

001540897
242
001541065

001543107
243
001543275

001545777
244
001545945

001549489
245
001552201

001555370


246
001556413

001558873
247
001600125

001601960


248
001602127

001604337
249
001604505

001606005
250
001606173

001608466
251
001608634

001610885


252
001612888

001614847
253
001622106

001624983
254
001625150

001627819
255
001631824

001634409
256
001638247

001639747
257
001641583

001642917
258
001643085

001646879
$1200
259
001647047

001649841
50
260
001650009

001651884
261
001653679

001656264
$1200
262
001656432

001658182
263
001658350

001701310
264
001702521

001705898
265
001706442

001708192
266
001708944

001713031
267
001714033

001716367
268
001716535

001719162
269
001719329

001722582
270
001722750

001725918
271
001728297

001729881
272
001730049

001732050
273
001732885

001736304
274
001737181

001738890
275
001739058

001741517
276
001742352

001744228
50
277
001744521

001747356
278
001747524

001749150
279
001749318

001752320
280
001755991

001759160
281
001759328

001801079


282
001801246

001804707
283
001805084

001806417


284
001806585

001808044
285
001811757

001813299
286
001813467

001815635
287
001815803

001818179
288
001818347

001821432
289
001821600

001823518
290
001823685

001825728


291
001827481

001829607
292
001829775

001832777
293
001834446

001836614
294
001838867

001842870


295
001843038

001846999
296
001847876

001851379


297
001855717

001857802


298
001857970

001900012


299
001900180

001901305
300
001901765

001905393
301
001907563

001910106
302
001910274

001911858
303
001912025

001913943
304
001914945

001916445
305
001917698

001920741
306
001920909

001924203
307
001924454

001925913
308
001927416

001929834
309
001931420

001933921
310
001934089

001936257
311
001937092

001939051
312
001940846

001942096
313
001942264

001945266
314
001947811

001950271
315
001951356

001954984
316
001955360

001958404
317
001958947

002000948
318
002001116

002003201
319
002009833

002012043


320
002012461

002014545
321
002016089

002017715
322
002018342

002019967
323
002020135

002021385
324
002024389

002026599
325
002029102

002030728
326
002032272

002034232
327
002034399

002035733
328
002035901

002039904
329
002040906

002042406


330
002042699

002047703
331
002048664

002049747
332
002049998

002052708
333
002052876

002054710
334
002054878

002057922
335
002058090

002059548
336
002059716

002101842
337
002103470

002105388
338
002105847

002107765
339
002108308

002111310
340
002111478

002113437
341
002113605

002115314
342
002115482

002118693


343
002119152

002120361
344
002129871

002132248


345
002132416

002134375
346
002134543

002137545
347
002137713

002140089
348
002141133

002142383
349
002142884

002145094
350
002146972

002148848
351
002149016

002151642
352
002156189

002157732
353
002157899

002200693
354
002200861

002202153