1
000014931

000016223
2
000016433

000018517
3
000019728

000022396
4
000023273

000026400
5
000026651

000028944
6
000029154

000031822
7
000033158

000035784
8
000036036

000037911
9
000039414

000042291
10
000042542

000045169
11
000045378

000048422


12
000048590

000052259
13
000052469

000054553
14
000055055

000056430
15
000056681

000100225
16
000100435

000101894
17
000103063

000106440
18
000106608

000108442
19
000108651

000111528
20
000111738

000113197
21
000113406

000116325
22
000116534

000118660


23
000118870

000121080
24
000122665

000125626


25
000217137

000219346
26
000219556

000221515


27
000221683

000222808


28
000222976

000224476
29
000225019

000227855
30
000228064

000231817
31
000234154

000235237
32
000235738

000237030
33
000238658

000241451
34
000242996

000244288
35
000244789

000247457


36
000247667

000250127
37
000251796

000254339
38
000255300

000256800
39
000257051

000300012


40
000302265

000303432
41
000303766

000306810
42
000307020

000308478
43
000308980

000311648
44
000311858

000313942
45
000314110

000319406
46
000319657

000322743
47
000322911

000326622
48
000326789

000332252
10
49
000333755

000335923
50
000336132

000339760
51
000340011

000342095


52
000342305

000346058
53
000346643

000349144
54
000353066

000357069
55
000357237

000358278
56
000358488

000401615
57
000401824

000403325
58
000403576

000406411
59
000406663

000409623


60
000411042

000412084
61
000412335

000415712
62
000415880

000416922


63
000418383

000420842
64
000421010

000425180
65
000426516

000428183
66
000428393

000431478
67
000433940

000436233
68
000436442

000438860
69
000439028

000441697
70
000442824

000446952
71
000447203

000449037
72
000453459

000454501
73
000500758

000502634
74
000503428

000506346
75
000506556

000508432
76
000508641

000510309


77
000510518

000513854
78
000514063

000517649
79
000519485

000522279
80
000522780

000526533
81
000527952

000530037
82
000530913

000532831
83
000533082

000535417
84
000535585

000537294
85
000537503

000539963


86
000542175

000544134
87
000544761

000546386
88
000546637

000549264
89
000549432

000551266

90
000551434

000553602


91
000553770

000557397


92
000558399

000559858
93
000600943

000603570


94
000603780

000605238


95
000605448

000607741


96
000608451

000612412
97
000614123

000617209


98
000619962

000621213
99
000621422

000623757
100
000623966

000626718


101
000626886

000629054
102
000629222

000631181
103
000633184

000634226
104
000634477

000636603
105
000636813

000639940
106
000640149

000641775


107
000641984

000644778
108
000649200

000651201
109
000652995

000657624
110
000703548

000706174
111
000708136

000710637


112
000710847

000712472
113
000712682

000714349
114
000714600

000717853
115
000718062

000721189


116
000721524

000724568


117
000724735

000726695


118
000726863

000728530
119
000728698

000731491
120
000731659

000733326
121
000733953

000737080
122
000738833

000740208


123
000740668

000743670
124
000743838

000745046
125
000745715

000747132
126
000747383

000750010
127
000750261

000751344


128
000751512

000754473


129
000754682

000757267
130
000757477

000759644


131
000759854

000800896
132
000801063

000802230


133
000802398

000805025

134
000805234

000808487
135
000810031

000811531
136
000811699

000814201
137
000814368

000817704


138
000817872

000821166
139
000821417

000825086
140
000825296

000827506
141
000828007

000830425
142
000830593

000832469


143
000832678

000834304
144
000836265

000837516
145
000839018

000840477
146
000842063

000844439
147
000846192

000848818


148
000852490

000853532
149
000859080

000901581
150
000901791

000903625
100
151
000903876

000906127


152
000906921

000908964


153
000909131

000910632
154
000910800

000913176
155
000914971

000916596


156
000919058

000921893
157
000922103

000924896
158
000926399

000929442
159
000929610

000931778
160
000931988

000935073
161
000936826

000939953
162
000940204

000942205
163
000942456

000945458
164
000945710

000948878
165
000949714

000952048
166
000952717

000955760
167
000956387

000959723
10
168
000959932

001002017
169
001003102

001004144


170
001004395

001006021
171
001006272

001009691
172
001009859

001012152
15
173
001012361

001013903


174
001014780

001017657


175
001017908

001019534


176
001020828

001022996
177
001023205

001027334
178
001029754

001030795
179
001031672

001035592
180
001039764

001041848
181
001044143

001045226
182
001047730

001048938
183
001050024

001055278
184
001056447

001057614
185
001057823

001059616
186
001102078

001104913
187
001105164

001107582
188
001107750

001110627


189
001110878

001112712
190
001113923

001118468
191
001119679

001120887
192
001121806

001123014
193
001123224

001125392


194
001126310

001127894
195
001129897

001131523
196
001131732

001134401


197
001135945

001139656
198
001139865

001142659
199
001143869

001147247
200
001147456

001150667
201
001150960

001153169
202
001153337

001155839
203
001204598

001208393
204
001208811

001212981
205
001213232

001214441
206
001217737

001219154


207
001219321

001222323
208
001223367

001225285
209
001226162

001227495
210
001227747

001230123
211
001230374

001233418


212
001233627

001235545
213
001235713

001237797
214
001237965

001240300
215
001240468

001241885
216
001242052

001245555


217
001245723

001247265


218
001247475

001249684


219
001251228

001253813


220
001254315

001257108


221
001257276

001259319
222
001259487

001300528
223
001303491

001304949
224
001305201

001308745
225
001308954

001311956
226
001312166

001316336
227
001316545

001319589
228
001319799

001322550
229
001322760

001325553
230
001325721

001328640


231
001328849

001330183
232
001330434

001333478
233
001333771

001335438
234
001335648

001338191
235
001338442

001339609
236
001342363

001343404
237
001343614

001345406
238
001345574

001347450


239
001350538

001352914
240
001353123

001355583
241
001358504

001401214
242
001401382

001402674
243
001403592

001406970
244
001407179

001409514
245
001410391

001413268
246
001413435

001416771
247
001418315

001420191
248
001423195

001424654
249
001424822

001427282
250
001427491

001430660


251
001432121

001434414


252
001434665

001437083
253
001437293

001439377


254
001439587

001443131
255
001443340

001446759
256
001448137

001449637
257
001449889

001452849
258
001453017

001455143
259
001455311

001457145
260
001457354

001500148
261
001500357

001501399
262
001501567

001503401
263
001503569

001506321
264
001506822

001509324


265
001513662

001514704
266
001519209

001522712


267
001522922

001524255
268
001524965

001526049


269
001526216

001529218


270
001530095

001532805


271
001534683

001537101


272
001537311

001538603
273
001538812

001540897


274
001541106

001544108
275
001544360

001546569


276
001547279

001551574
277
001552534

001553910
278
001554119

001556120
279
001556330

001558998


280
001600709

001603252


281
001603420

001605588
282
001605798

001607674
283
001607925

001609717


284
001609969

001611886
285
001613347

001615014
286
001615224

001618476
287
001619812

001623064
288
001624483

001626067
289
001626694

001630446
290
001637246

001639372
291
001639957

001640999
292
001644253

001645920
293
001648549

001651718
294
001652177

001656764
295
001658767

001700226
296
001700436

001703104
297
001706400

001709402
298
001709570

001711029
299
001711739

001713781


300
001713991

001716409
301
001716577

001718161


302
001722249

001724584
303
001727296

001729130
304
001729298

001731215
305
001732718

001735636
306
001736346

001737388
307
001737556

001740224
308
001740476

001742018
309
001742186

001744604
310
001744813

001749192
311
001750194

001752820
312
001754114

001756532
313
001756700

001758743
314
001758911

001801370
315
001803957

001805083
316
001805334

001807085
317
001807252

001809212
318
001809421

001812924
319
001813092

001814217
320
001814384

001816677


321
001816845

001818387


322
001818555

001821265


323
001824269

001825770
324
001825979

001829065
325
001829274

001832235
326
001832444

001833486
327
001833654

001837615
328
001837783

001841744
329
001844832

001847333
330
001914987

001919073
331
001919241

001921033
332
001921201

001925371
333
001926331

001927498
334
001927666

001930001
335
001932296

001934755


336
001935424

001938926


337
001939178

001942471
338
001942723

001944640
339
001944808

001948561
340
001948770

001952190
341
001952441

001954192


342
001956069

001959322
343
002001909

002004577


344
002004828

002006245
345
002006496

002008080
346
002009374

002012877
347
002043951

002044992
348
002045244

002047828


349
002048038

002050414
350
002050582

002053960
351
002055837

002057755
352
002058006

002100758
353
002100926

002102802
354
002102970

002107056
355
002107224

002110726
356
002115023

002117775
357
002118443

002119819
358
002120362

002121988
359
002122155

002127118
360
002128370

002131289
361
002136670

002140089


362
002140257

002141716


363
002141883

002145303
364
002145470

002147638


365
002153812

002156314