1
000003128

000006171
2
000006339

000009675
3
000010552

000011593
4
000011761

000015180
5
000016182

000018308
6
000018476

000021603
7
000021771

000023605
8
000023773

000026817
9
000029654

000030988
10
000031156

000033323
11
000033867

000035993


12
000037829

000041248
13
000042876

000045711
14
000045879

000047588
15
000047756

000052092
16
000052260

000054303


17
000055722

000057806
18
000057974

000101018
19
000101561

000104396
20
000104564

000106648
21
000108735

000111320
22
000203540

000205749
23
000210630

000211672
24
000212173

000215592
25
000217428

000219304
26
000233319

000235654


27
000235822

000238824


28
000239784

000241410
29
000241619

000243078
30
000244497

000245789
31
000247000

000248709
32
000251296

000252504
33
000257385

000301680
34
000305310

000308145
35
000309439

000311690
36
000311858

000314610
37
000314777

000318030
38
000318198

000320240
39
000322577

000324578
40
000324746

000328081
41
000328249

000330167
42
000330877

000334630


43
000335006

000336882


44
000337050

000339218
45
000339385

000340677
46
000340929

000343972
47
000344182

000346058
48
000347310

000350562
49
000350730

000352522
50
000353775

000356568
51
000359572

000402741


52
000402909

000405744
53
000405912

000407746
54
000407914

000412334
55
000412502

000414920
56
000415088

000417547
57
000417715

000419675
58
000423346

000425764
20
59
000426975

000429685
60
000429852

000431311
61
000432021

000434231
62
000434399

000436024
63
000437443

000439987
64
000440154

000441655
65
000441823

000443740
66
000444242

000446743
67
000446911

000449246
68
000449455

000451999
69
000452250

000454418
70
000455169

000456712
71
000456879

000459131
72
000459299

000503010
73
000503219

000506972
74
000508641

000509975

75
000510143

000514313
76
000514480

000516231
77
000517275

000522112
78
000523865

000525741


79
000525908

000529036
80
000529412

000530829


81
000530997

000533123

82
000533291

000535959
83
000536127

000539546
84
000539714

000543216
85
000543384

000546011
86
000546179

000547763

87
000547930

000551308
88
000551476

000553977
89
000554145

000556438
90
000556606

000600650
91
000605031

000607407
92
000614332

000616041
93
000616209

000619544
94
000619712

000621671
95
000621839

000623006
96
000624008

000625384
97
000627345

000630430


98
000630598

000633600
99
000634519

000637896
15
16
100
000638064

000640399
101
000640691

000643318


102
000643486

000645362
103
000651911

000654663
104
000655540

000700752
105
000700920

000704339
106
000704507

000708301
107
000708469

000710429
108
000712473

000716017


109
000716185

000719729
110
000722358

000723733
111
000726988

000728488
112
000728656

000731575
113
000731742

000734953


114
000735121

000736830
115
000738958

000741501
116
000743212

000746089


117
000746340

000748508
118
000748759

000750093
119
000750845

000753638
120
000753848

000756349
121
000756517

000759853



122
000802940

000804649
123
000807278

000810906
124
000812033

000815827
125
000816704

000818705
126
000818873

000820540
127
000840770

000844689
128
000846192

000849569
129
000849737

000851905
130
000852073

000854115
131
000855034

000857369


132
000857703

000900038


133
000900206

000902666
134
000902833

000905085
135
000906045

000908922
136
000909173

000910757
137
000911008

000915762
138
000917515

000918932
139
000919100

000920600
140
000920768

000924354
141
000924522

000926815
142
000926983

000928900
143
000929068

000930610
144
000931696

000935323
145
000935491

000936950
146
000937118

000940996
147
000941205

000943957
148
000944125

000945166
149
000945334

000946835
150
000947295

000949421
151
000949589

000951423
152
000953384

000955844
153
000957722

001001641
154
001001892

001004978
155
001005187

001006354

156
001007773

001010358
157
001012278

001013903
158
001014739

001016573
159
001017450

001019743
160
001019994

001021244


161
001021454

001023163


162
001023331

001026750
163
001027668

001029085


164
001029253

001033965
165
001035301

001037844
166
001041474

001043350
167
001043517

001045644
168
001047813

001049105
169
001051025

001052776
170
001057114

001058615
171
001059158

001101910


172
001103079

001106623
173
001106791

001109376
174
001109543

001110877
175
001111295

001113296
176
001113673

001115674
177
001116175

001120261
178
001123099

001125475
179
001125685

001129020
180
001129313

001132399
181
001132650

001137821

182
001147665

001150750
183
001152795

001155422
184
001156132

001158258


185
001159260

001201177
186
001201971

001205098
187
001205266

001206474
188
001206642

001209853


189
001210020

001211980
190
001212148

001214983
191
001225453

001226828
192
001230833

001233460


193
001233627

001236379


194
001236547

001239758
195
001240259

001241926
196
001243095

001244554
197
001244722

001247223
198
001247391

001250602
199
001250770

001253438
200
001253939

001256024
201
001256525

001258902
202
001259069

001300445
203
001302239

001303490
204
001303657

001305158
205
001305326

001307285


206
001307995

001310330
207
001310498

001312916
208
001313959

001316586


209
001316754

001318588
210
001318756

001320423
211
001324261

001326387
212
001331268

001333937


213
001334104

001336481
214
001336649

001339359
215
001339527

001341236
216
001346784

001348743
217
001348911

001350703
218
001350871

001353081


219
001353249

001356251


220
001357169

001359504
221
001359672

001403216
222
001403425

001405051
223
001409139

001410473
224
001410641

001412308
225
001413018

001414894
226
001415062

001417564

227
001417731

001420567
228
001420734

001423403
229
001424738

001427991
230
001431620

001434789
231
001434957

001437125
232
001437293

001439294
233
001441213

001443506
234
001443674

001445508
235
001447344

001448887


236
001449054

001450930
237
001453601

001455518


238
001455686

001457645


239
001457813

001500607
240
001500774

001503067
241
001503235

001505570
242
001505738

001509073


243
001509241

001512076
244
001512244

001513745
245
001513913

001516372
246
001516540

001518207
247
001520711

001522420
248
001531764

001536184
249
001536352

001538937

250
001539104

001540980
251
001545110

001546569
252
001546737

001550490
253
001550658

001552909
254
001553077

001556371
255
001557289

001559332
256
001600626

001601668
257
001618727

001620728


258
001622564

001625608
259
001627111

001629153
260
001632116

001634367
261
001634535

001637996
262
001638163

001640999


263
001641166

001644502


264
001645170

001647171
265
001647339

001650174
266
001650342

001651676
267
001651844

001656222
268
001656390

001659308
269
001659476

001702562
270
001704314

001709152
271
001709778

001711154


272
001711321

001715658

273
001716118

001720663
274
001720831

001724834
275
001725002

001728921
276
001730632

001732550
277
001736346

001738014
278
001738182

001741267
279
001741435

001744062
280
001745105

001748941
281
001750069

001751736
282
001752863

001755281
283
001811548

001814467


284
001816428

001819597
285
001819765

001823643
286
001823811

001826896
287
001827064

001828397
288
001828565

001831234
289
001831693

001833528


290
001833695

001835196
291
001835364

001837532
292
001837699

001839951
293
001840119

001842203
294
001842371

001845706
295
001845874

001847458
296
001847626

001851045
297
001851213

001853172
298
001853340

001854757
299
001856176

001859137
300
001859304

001901055
301
001901223

001904725
302
001904893

001907228
303
001908981

001912567
304
001912818

001915653
305
001915821

001917613
306
001917781

001920741
307
001920909

001924162
308
001924329

001926998
309
001927166

001929667
310
001929835

001931210
311
001931378

001933212


312
001933964

001936257
313
002029561

002031103
314
002100133

002103511
630
315
002103679

002106430
316
002106848

002109350
317
002109518

002113312
318
002114481

002116232
319
002116400

002119318
320
002120612

002123322
321
002123490

002127410
322
002127577

002129120
323
002130706

002135167
324
002135585

002137295
325
002137462

002140965
326
002141675

002143551
327
002143719

002144844
328
002145012

002150099
329
002150684

002152601
330
002152769

002156439
331
002158317

002200443


332
002200610

002203946
333
002210245

002212747
334
002213415

002214665
335
002215334

002217752
336
002220547

002222131
337
002222299

002227428
338
002228805

002230639
339
002231516

002234268

