1
000002127

000003919

2
000004087

000006380


3
000006548

000008882

4
000009050

000012094
5
000012262

000013762
6
000013930

000015806
7
000015974

000019476
8
000019644

000021520
9
000022647

000026608


10
000028987

000032114
11
000033616

000036535
12
000037954

000040664
13
000040832

000044293
14
000046379

000050049
15
000051384

000053343
16
000053511

000055846
17
000059893

000100934
18
000101102

000103312
19
000104981

000106857
20
000107025

000110527
21
000200703

000202412


22
000202580

000204540
23
000205917

000209920
24
000211422

000213590
25
000217011

000219888
26
000220056

000221431
27
000221599

000224017
28
000224185

000226103
29
000226271

000228814
30
000228982

000231275
31
000231442

000234153
32
000234320

000236280
33
000237490

000240159
34
000240326

000242995
35
000243163

000246206
36
000246374

000248041
37
000248209

000250335
38
000251880

000254506
39
000254674

000255924
40
000256467

000258635
41
000258803

000301555
42
000301723

000304391
43
000304559

000306685
44
000306895

000307936
45
000308104

000310230


46
000310398

000312900
47
000313067

000317029
48
000317238

000318405
49
000318573

000322075
50
000322243

000325954
55JIMBO
51
000326789

000329374
52
000330460

000333128


53
000333588

000335214
54
000335965

000339218
55
000339385

000341762
56
000341930

000344014
57
000347268

000349686


58
000349896

000351396

59
000352065

000354816
60
000355026

000356318
61
000356486

000358320
62
000358488

000400405
22
63
000400573

000401865


64
000402033

000405744

22

25
26
65
000405912

000408538

26

66
000414212

000416213
67
000421344

000423095
68
000423846

000425347
69
000427058

000429101
70
000429310

000431061
71
000431229

000435065


72
000435942

000438443
73
000440238

000442447
74
000442615

000444324
75
000444492

000447160
76
000447328

000448996
77
000449205

000451957
78
000454836

000456420


79
000456587

000457879
80
000458047

000500674
81
000500883

000503885
82
000504053

000505721
83
000505930

000507681
84
000509684

000511977


85
000512145

000515981


86
000518401

000519735
87
000521529

000522571
88
000522739

000524448
89
000527452

000530996
90
000531164

000533332
91
000533499

000536626
92
000538087

000541965


93
000542133

000543258
94
000543426

000547346
95
000547513

000551391
96
000552935

000555145
97
000555313

000556980
98
000557148

000559941
99
000601527

000602694
100
000602862

000608200
101
000608368

000609951
102
000610119

000611620
103
000613748

000616291


104
000616501

000617709
105
000620463

000623507
106
000623716

000624800
107
000624967

000626009
108
000626177

000629721
109
000629889

000633266
110
000634519

000636812
111
000638147

000642901
112
000643069

000645153
113
000645321

000649324
114
000649492

000653078
115
000653246

000656373
55JUMBO
116
000658543

000700043
117
000700211

000701753
118
000701921

000705006
119
000705174

000706758
120
000706926

000710387
121
000710555

000713682
122
000713891

000715350
123
000716686

000719146

124
000719313

000722858
125
000723025

000725527
126
000726737

000728488


127
000729782

000732284


128
000732452

000734536
129
000735163

000736997
130
000740793

000742586


131
000742795

000744087
132
000745506

000748675


133
000748843

000750552
134
000750720

000752721
135
000755099

000758101


136
000758269

000800729
137
000800897

000804483
138
000804650

000807277
139
000807487

000809446
140
000810114

000813575


141
000815203

000817120


142
000817288

000819581
143
000819749

000821374
144
000821542

000823543
&
145
000827798

000828924
146
000829175

000832260


147
000832428

000835555
148
000835723

000837599
149
000843022

000844064
150
000844232

000845857
&
151
000846025

000847442
152
000848236

000850612
153
000850821

000852280
154
000853741

000856493
155
000856661

000858119
156
000900831

000902457
157
000902625

000904584
9
158
000904752

000907587
159
000907755

000911424


160
000911592

000914261
161
000914428

000916805
162
000917014

000920475
163
000924105

000925897
164
000926065

000929776


165
000935157

000936908
166
000937076

000938285


167
000939245

000942539
168
000942707

000944499
169
000944709

000946167
170
000947169

000949337
171
000955469

001001016
172
001001183

001003476
173
001003644

001006146
174
001006314

001009899
175
001010109

001013862
176
001014071

001018325
177
001018492

001021453
178
001021621

001023413


179
001023581

001024873
180
001025082

001028835
181
001029003

001030629
182
001033549

001037052
183
001038888

001041222


184
001042308

001044934
185
001053861

001055278
186
001056489

001057906
187
001058491

001101951
188
001102119

001105955
189
001106123

001108917
190
001109085

001110126
191
001110294

001111836
192
001112046

001114047
193
001114715

001119552
194
001119762

001123932
195
001124600

001127769


196
001127937

001129479


197
001129647

001132732


198
001133401

001137070
199
001138155

001140407
22
200
001140574

001143243
25
201
001144245

001145662
13
202
001147581

001148790
203
001148958

001151126
204
001151293

001154796
205
001157466

001159134
206
001159301

001201469
207
001203472

001205974
208
001206892

001208852
209
001210896

001212605
210
001212773

001215024
211
001218404

001219696
212
001225953

001228830
213
001232084

001234043
214
001234211

001238965
215
001240718

001243094
216
001245181

001248516
217
001248684

001251352


218
001251520

001254856
48
219
001256442

001259527


220
001259695

001301780

221
001303365

001304783
222
001304950

001306951
223
001307745

001309162
224
001309330

001312749
225
001314752

001316669
226
001316837

001322091
227
001324845

001327055
228
001329934

001331518
229
001339735

001343321
45
230
001344365

001346699
231
001347910

001350620
232
001352206

001354791
233
001354959

001356751
234
001356919

001400755
235
001402967

001406135
236
001406303

001408263
237
001409932

001411891
238
001413561

001414936
239
001416313

001418565
240
001421569

001423903
241
001424071

001426155


242
001426323

001430618
243
001432371

001433955
244
001434665

001435748
245
001436667

001439836
246
001440004

001441379
247
001442423

001443673
248
001443841

001446467


249
001446635

001448636
250
001448804

001451055
251
001452141

001454142
252
001500733

001504485
253
001508115

001509699
254
001509867

001511326
255
001514496

001516122
256
001516290

001518041
257
001519293

001521336


258
001521545

001522670
259
001522838

001525924


260
001526091

001528468
261
001528636

001532847
262
001536977

001540104
263
001540272

001541606
264
001541774

001543191
265
001543359

001547362
266
001547571

001549364
267
001549531

001553326
268
001553494

001554744
269
001555371

001556871
270
001557039

001558581


271
001558791

001600792
272
001603796

001605338
273
001605506

001607715
274
001609551

001612178
275
001612346

001613554
276
001617226

001619018
277
001619186

001621729
278
001621897

001623606
279
001624525

001626442


280
001626610

001630697
281
001632825

001636119
282
001636286

001639247
283
001639415

001642250
284
001642418

001644419
285
001644586

001646671


286
001646880

001648715

287
001648882

001650466
288
001652177

001655596
289
001658892

001700393
290
001700561

001703104
291
001703272

001704355


292
001704523

001707316
293
001707985

001710862


294
001711030

001712530
295
001712698

001715533
296
001716869

001718703
297
001719413

001723207
298
001723375

001725835
299
001726045

001728963
300
001729131

001731841


301
001732009

001733092
302
001733260

001735511
303
001735679

001737555


304
001738640

001739891


305
001746899

001748524
306
001750736

001751778
307
001751945

001753529
308
001753697

001757450
911
309
001757618

001800870


310
001801038

001804123
311
001804291

001807043
312
001813509

001815134
313
001815761

001817220
314
001818472

001822475
315
001822643

001825394

316
001829233

001831359
317
001831527

001832610
17
318
001832778

001835446
319
001835614

001836864
30
320
001837032

001840451
321
001841411

001844038
322
001844206

001847792
323
001847960

001851295
324
001852422

001854340


325
001857010

001859011
326
001900973

001902056
327
001903225

001904725
328
001904893

001908479
329
001909648

001911816
330
001911984

001913568
331
001913735

001916571
332
001916738

001919323
333
001920450

001922869

334
001923036

001924245

335
001929042

001930960


336
001931128

001933254


337
001938969

001942722
338
001944850

001947643


339
001947811

001950271
340
001951899

001955359
341
001955527

001957153
900
342
001957321

001959989

343
002002492

002004410
344
002004578

002007830
345
002007998

002009999


346
002010167

002012877
347
002013045

002014086
348
002020677

002022220
349
002039196

002041197
350
002044576

002046160
351
002048288

002050289
352
002051875

002053876
353
002102552

002105304


354
002107224

002108724
355
002111478

002112895
356
002113063

002116399
357
002116566

002118025


358
002118193

002120194
359
002121029

002123614
360
002124574

002126325


361
002126493

002128411


362
002128578

002129912


363
002130080

002132957


364
002135877

002138796


365
002143302

002146178
366
002146346

002150099


367
002150726

002153185
368
002153353

002156564
369
002156732

002200109

370
002200694

002202695


371
002202863

002204530


372
002204698

002207992


373
002208160

002209201
374
002209369

002211495
375
002211663

002213581


376
002213749

002215458
377
002215625

002217710


378
002217878

002218919
379
002219087

002221339
380
002228472

002230723


381
002230932

002232933