1
000008508

000010467
2
000011970

000014054
3
000016516

000017725
4
000027610

000028819
5
000030697

000033699
6
000034576

000037453
7
000037912

000042082
8
000042292

000045169


9
000046296

000048297


10
000048506

000052634
11
000055930

000057056
12
000059350

000102811
13
000102979

000106732
14
000106900

000109735


15
000111488

000115699


16
000116534

000118744


17
000118912

000122164
18
000122373

000125167
19
000126127

000128754


20
000128963

000131632
$5
21
000132467

000137638
22
000138431

000140224
23
000141101

000144311
24
000144479

000148023


25
000148233

000150609
26
000150819

000153695
27
000153905

000156240


28
000156449

000159159
29
000248918

000249960
30
000251504

000254882
31
000257010

000259845
32
000300471

000304641
33
000304809

000306393
34
000309814

000313233
35
000313401

000316737
36
000316946

000321241
37
000322660

000324411


38
000324579

000327581
39
000327749

000331585
40
000331753

000337341
41
000337508

000340594
42
000342805

000346808
43
000347769

000350395


44
000353066

000354816
45
000355360

000357694
46
000358446

000402699
47
000402909

000407537


48
000408373

000409748
49
000410333

000413168
50
000413378

000415879
51
000417382

000419675
52
000419842

000422970
53
000423179

000425264
54
000425473

000428600


55
000428768

000431979
56
000432772

000434815
57
000435024

000436108
58
000437568

000439278
59
000440488

000442531
60
000442699

000445659
61
000445868

000448370


62
000449455

000452165
63
000452333

000455252
64
000455461

000457587
65
000500049

000501591
66
000501759

000505095
67
000506806

000511560
68
000511728

000515647


69
000519986

000523196


70
000526826

000529411
71
000530705

000534791
72
000534959

000536835
73
000537837

000541882
74
000542050

000545635
75
000548765

000550849
76
000555104

000556730


77
000556898

000601193


78
000601361

000605655


79
000605865

000607991
80
000608159

000612537
81
000612705

000616500
82
000617835

000621546


83
000621714

000624466
84
000624634

000628303


85
000628513

000631181
86
000631391

000635018
87
000635186

000637646
88
000638815

000641066
89
000643111

000648323
90
000650535

000653203
91
000654747

000657874
92
000700545

000703755
93
000705049

000707217
94
000707718

000709928
95
000710138

000711972
96
000716227

000720147


97
000723359

000726069
98
000727530

000728947


99
000729115

000730198
100
000731367

000734286
101
000734495

000736538
102
000737206

000739541
103
000741627

000743962
104
000744839

000746965
105
000748009

000752095
106
000800813

000802147
107
000807361

000810071


108
000810281

000814201
109
000815495

000818747
110
000820124

000821208


111
000821375

000825629


112
000825796

000827797
113
000827965

000830342
114
000830510

000833178


115
000833679

000835722
116
000836933

000840810
117
000841354

000843522
118
000845608

000849486


119
000849654

000852572
120
000852782

000854824
121
000859705

000901831
122
000902041

000904501
123
000905586

000908421
124
000908631

000911466


125
000913135

000915971
126
000916180

000918723
127
000921435

000924104


128
000924272

000926022
129
000926190

000929401
130
000929610

000933113
131
000933281

000936741
132
000936909

000939578
133
000940121

000943456


134
000943624

000947877
135
000948421

000952132
136
000952300

000953383
137
000953593

000956469
138
001001726

001004102
139
001005855

001008857
140
001009025

001011610
141
001013029

001014863


142
001015031

001016823
143
001016991

001021411


144
001032340

001036092
145
001037094

001040055
146
001040222

001043308
147
001043476

001046186
148
001047772

001049898


149
001050066

001052359


150
001052860

001054819
151
001055863

001057822


152
001058032

001059824


153
001100034

001102077


154
001102286

001104496
155
001106540

001109918
156
001110086

001112128
157
001112296

001114506
158
001114674

001118510
159
001118719

001121262
160
001122306

001125684
161
001125851

001128853
162
001129021

001132982
163
001133150

001136528
164
001136737

001139656
165
001139865

001144244
166
001145538

001147372
167
001149208

001151042
168
001155464

001157882
40
169
001201554

001205598
170
001216193

001218570
171
001218738

001222073
172
001222283

001226536
173
001226954

001230874
174
001231041

001234753
175
001240968

001242761
176
001243596

001248892


177
001249059

001254063
178
001256192

001259402


179
001259945

001302489
180
001302656

001305325
181
001305534

001307202
182
001307369

001311206
183
001311373

001314000
184
001314919

001317921
185
001318297

001320590


186
001320925

001322967
187
001323135

001325553
188
001325721

001328598
189
001328766

001330975
190
001331477

001333353
191
001333562

001335146
192
001335314

001337440
193
001337608

001340193
194
001340361

001341903
195
001342988

001347116
196
001347326

001350912
197
001351080

001355166
198
001355376

001358002
199
001358170

001401798
200
001401966

001404092
201
001404260

001408012


202
001408222

001412100
203
001413686

001415603
204
001415813

001418898
205
001425197

001427991


206
001428450

001432704
207
001433497

001435164
208
001435499

001437375


209
001437585

001441963


210
001442172

001444924
211
001446468

001450263
212
001450764

001453182
213
001453642

001457729
214
001457897

001500273


215
001500441

001503943
216
001504111

001505612
217
001505821

001507071
218
001508574

001509657
219
001511452

001515538


220
001515748

001518499
221
001518667

001520376
222
001522254

001524005
223
001524173

001527008
224
001529261

001532055
225
001533474

001535808
226
001535976

001538353
227
001538562

001541606
228
001542274

001545735
229
001547154

001549238
230
001549782

001552116
231
001553118

001555828
232
001555996

001559457
233
001559625

001601459
234
001602628

001604963
235
001606298

001607340
236
001607508

001611511
237
001611679

001612887


238
001613055

001615932
239
001616100

001619686
240
001628779

001632281
241
001633158

001635910
242
001636537

001638621
243
001639999

001641374
244
001642584

001644836
245
001648298

001651384
246
001652761

001654345
247
001655764

001657557
248
001659018

001701728
249
001704440

001707066
250
001707234

001708317
251
001710070

001712196
252
001714575

001719787
253
001719955

001722915
254
001723083

001727128
255
001728005

001729672
256
001730132

001732508
257
001732676

001735762
258
001735929

001737722
259
001738223

001740892
260
001741060

001744395


261
001744605

001748107


262
001748525

001752737


263
001752946

001756407


264
001756575

001802997


265
001803207

001805958


266
001806126

001808795


267
001808962

001811714
268
001811882

001814717


269
001814885

001819430
270
001819640

001822350


271
001822559

001825645
272
001825813

001829190
273
001829399

001833486
274
001833695

001835571


275
001835781

001839117


276
001844623

001847959


277
001848127

001850795
278
001851004

001852547
279
001854383

001857635
280
001857803

001901305
281
001903100

001906060
282
001906270

001908855
283
001909064

001913693
284
001913902

001915278
285
001916697

001920283


286
001923912

001925329
287
001935549

001937300
288
001939428

001945266
289
001945434

001950813


290
001951481

001953274
291
001953442

001958237
292
002000741

002003451
293
002003660

002006412


294
002006622

002009081
295
002009249

002013044


296
002013253

002015296
297
002015464

002018925
298
002020302

002021719


299
002021929

002023638
300
002023889

002027183
301
002027392

002028684
302
002028852

002029894


303
002030562

002035983


304
002036693

002038736
305
002040030

002042907
306
002043075

002047328
307
002047537

002051374


308
002051541

002053251
309
002053418

002055294
310
002109017

002112436
311
002112604

002114855
312
002115065

002117191
313
002121488

002126701
314
002126868

002130788
315
002130956

002134875


316
002135043

002136919
317
002137087

002138921


318
002140924

002143884
319
002144052

002147722
320
002149516

002152059
321
002152227

002154395
322
002154563

002158357
323
002201153

002203863
324
002209578

002211162
325
002213749

002217209
326
002219880

002221630
327
002224092

002227762
328
002229139

002230806
329
002243445

002248783
330
002250202

002252495


331
002257918

002302505
332
002305550

002307343