1
000007966

000010551
2
000010719

000013220
3
000013388

000015597
4
000015974

000017099
5
000017267

000020561
6
000021396

000023147
7
000023314

000026400
8
000026568

000028736
9
000028903

000030946

10
000031114

000033657
11
000033825

000036869
12
000038371

000040664
13
000040832

000043500
14
000043668

000046462


15
000047630

000050883
16
000051051

000052593
17
000054095

000057347
18
000147649

000150484
19
000150652

000154154
20
000154405

000156532
21
000156741

000158117
22
000158284

000201203
23
000203623

000205290
24
000205458

000208627
25
000210547

000213507


26
000213675

000217010
27
000217178

000219471
28
000220515

000222391
29
000222559

000226145
30
000227522

000231233


31
000231401

000234570
32
000235613

000237948
33
000238116

000241326
34
000241744

000245581
35
000246833

000249001


36
000249169

000252296
37
000252463

000255549
38
000255717

000258635
39
000258803

000302723
40
000303975

000306393
41
000306561

000308437
42
000311399

000313650
43
000313818

000316361


44
000316779

000318697
45
000319282

000321283
46
000321451

000322743
47
000325663

000326955
48
000333046

000336798
49
000336966

000340844
50
000343139

000344139
51
000344307

000346308
52
000346476

000348018
53
000348186

000350854
54
000357654

000359196
55
000359364

000401323
56
000403743

000405285
57
000405453

000408205
58
000408373

000410290
59
000410458

000414211
60
000414379

000416338
61
000416506

000420342
62
000420510

000422177
63
000422345

000425764
64
000425932

000429810


65
000430395

000432479
66
000432647

000436400
67
000436567

000438860
68
000442949

000444574
69
000447537

000450372
70
000450540

000453709
71
000455795

000459798
72
000501926

000504886
73
000508391

000510434
74
000510601

000512894
75
000513062

000514646
76
000514814

000518608


77
000518776

000521403
78
000523906

000526199
79
000526367

000528368
80
000528536

000529911
81
000530747

000533540


82
000533708

000536376


83
000537462

000538879
84
000539464

000543633
85
000544344

000547929
86
000548097

000550557


87
000553811

000557105
88
000557273

000559107
89
000559275

000601902


90
000602070

000604905
91
000605073

000606281
92
000610828

000614373


93
000614540

000616666
94
000618711

000622214
95
000622382

000624674
96
000624842

000629304
97
000629472

000631056
98
000631224

000633642
99
000635019

000637521
100
000639190

000640774
101
000640942

000643276


102
000643444

000646321
103
000651452

000655539
104
000656457

000700710
105
000701421

000704548
106
000706759

000709302
107
000711722

000713974
108
000714559

000716143
109
000723276

000725610
110
000726112

000727654
111
000727822

000730615
112
000730783

000732451


113
000732618

000735954
114
000736122

000739416
115
000744881

000746548
116
000746716

000749009
117
000749177

000752220
118
000752388

000753722
119
000753890

000755974
120
000756142

000800353
121
000800521

000801646


122
000801814

000803190
123
000804192

000806610
124
000806777

000808111

125
000808279

000809654
126
000809822

000811531


127
000813576

000815827

128
000819415

000821583
129
000821751

000823668
130
000828299

000831259
131
000831427

000832928
132
000834514

000837390


133
000837558

000840101
134
000840269

000843647
135
000843814

000846233


136
000847777

000849152
137
000849320

000851363
138
000851531

000853323
139
000853491

000856284
140
000856452

000900413
141
000902875

000906253


142
000906420

000909130
143
000915930

000919558
144
000919725

000922352
145
000922520

000924354
146
000925022

000927107


147
000927275

000929025
148
000929193

000932028
149
000933114

000935115
150
000935283

000937325
151
000937785

000940954

152
000941914

000943915
153
000944083

000945875
154
000946043

000948628
155
000948796

000952716
156
000952883

000954968
157
000956971

000959097
158
000959265

001003143
159
001003644

001005895
160
001006063

001008106
161
001008274

001010734
162
001011402

001013069
163
001014530

001017324
164
001017491

001020910
165
001022204

001025665
166
001026250

001027834
167
001029545

001031212
168
001031380

001035383
169
001037887

001040472
170
001040640

001043850
171
001044018

001045977
172
001047855

001049981
173
001051651

001053693
174
001053861

001056571
175
001056739

001059866
176
001100034

001103495
177
001105831

001107832
178
001108000

001110752
179
001114131

001115840
180
001116008

001117467
181
001117635

001118718
182
001118886

001121429
183
001121597

001124224
184
001126602

001129354


185
001129522

001131606


186
001131774

001136194
10
187
001136362

001137737
188
001137905

001139698

189
001140032

001142826
190
001142993

001145370
191
001148666

001151126
192
001151293

001155380
193
001155548

001159217
194
001202596

001205473
195
001205641

001207851
196
001208269

001209602
197
001209770

001212355
198
001213065

001214315
199
001217486

001219571
200
001224034

001225452
201
001225619

001228371
202
001229248

001230957
203
001231125

001233001


204
001233169

001236629
205
001236797

001240383
206
001240801

001243553
207
001243721

001247140
208
001247308

001250602


209
001254190

001257317
210
001300613

001304991
211
001305159

001307619

212
001308370

001310121
213
001310331

001313541
214
001313709

001315251
215
001322218

001323968
216
001324512

001327347
217
001330100

001332602
218
001333479

001334771
219
001336273

001337857
220
001338025

001339359
221
001339944

001342987
222
001343155

001345240
223
001346534

001349077
224
001349870

001352872
225
001353040

001356209


226
001356377

001358753
227
001401507

001404384
228
001406679

001407887


229
001408055

001411140
230
001411308

001413643
231
001414687

001416229
232
001417481

001419148
233
001419316

001423486
234
001437293

001438877
235
001440337

001441796
236
001443966

001447886
237
001448762

001450138
238
001452308

001453641
239
001458814

001500273
240
001500858

001504777
241
001506655

001510033
242
001510200

001512577
243
001512745

001513912
244
001514079

001517624
245
001517791

001520460


246
001522880

001524464
247
001524632

001527091
248
001527676

001529677
249
001530763

001532847
250
001533974

001536351
251
001536518

001539270
252
001544485

001546694
253
001546862

001550990
254
001555496

001557080
255
001557456

001558790
256
001601043

001602877
257
001605547

001606673
258
001606840

001609759
259
001609927

001612261
260
001612429

001614806
261
001615933

001617725
262
001617893

001620645
263
001620813

001624023
264
001628237

001632740


265
001632908

001636703
266
001637579

001639789
267
001639957

001643376
268
001643544

001648381
$1200
269
001648841

001651426
270
001651593

001653761
271
001653929

001657890
272
001658058

001701144
273
001701311

001703730
274
001703897

001706816
275
001706984

001709902
276
001710070

001712071
277
001712239

001715908
278
001716076

001719203
279
001719371

001722290
280
001722458

001724667
281
001724835

001727336
282
001731216

001734886
283
001735763

001737680
284
001742311

001743561
285
001744354

001745730
286
001747608

001751694

287
001751862

001756074

288
001756241

001758034

289
001800621

001803915
290
001804291

001806501
291
001806668

001809128
292
001809296

001814008
293
001814760

001817053
294
001817429

001821557
295
001821725

001823935
296
001824812

001826729
297
001829483

001831859
298
001832027

001836697
299
001836865

001839784
300
001841411

001843371
301
001843539

001845873
302
001846708

001847917
303
001848085

001852380
304
001852881

001857051
305
001857219

001900513
306
001900681

001903224
307
001903392

001906769
308
001909940

001914193
309
001914695

001916946
310
001917114

001920908
311
001921076

001924120
312
001925914

001927874
313
001931086

001932587
314
001955903

001957862
315
001958322

002000198
316
002000365

002003284
10
317
002003452

002005786
318
002005954

002007997


319
002008165

002010625


320
002010792

002012293
321
002014171

002015963


322
002016131

002018257
323
002018425

002020092
324
002020719

002022553
325
002023055

002025681

326
002027100

002030478
327
002030646

002032939
328
002036026

002037443
329
002039571

002041530


330
002041698

002043366
331
002043533

002046369
332
002054169

002056796
333
002059508

002102260
334
002102427

002105846
335
002106014

002109225
336
002117776

002120069
337
002121613

002123739
338
002123907

002126867
339
002127035

002128995
340
002138964

002140506
341
002141758

002143426
342
002146805

002148723
343
002151351

002152727
344
002153937

002157064
345
002158025

002159567
346
002205073

002207325
347
002207492

002211078
348
002211830

002214790
349
002214958

002217209
350
002217377

002220463
351
002221506

002223424
352
002227387

002228971
353
002230515

002234060