1
000048840

000052051
457
2
000058308

000101477
3
000101895

000105397
4
000105607

000107024
5
000113865

000115908


6
000116076

000117534
7
000117702

000119620

8
000119829

000122831
9
000122999

000125793
10
000126419

000129338
11
000129506

000131256


12
000131424

000133050


13
000133218

000136303
14
000136471

000140140
15
000141476

000144103
16
000144270

000148440
17
000148608

000151276
18
000151444

000153487
19
000153655

000156281


20
000156449

000159284
21
000159452

000202329
22
000204332

000207709
23
000210171

000213715
24
000214425

000216844
25
000217011

000218512


26
000224060

000226478


27
000226646

000228438
28
000228606

000232651
29
000232819

000235070
30
000235238

000237322
31
000238408

000240868


32
000241828

000243453
33
000243621

000245789
34
000247709

000248750
35
000248918

000251253

36
000251421

000253505
37
000254382

000256508


38
000256676

000259094
39
000259262

000300762
40
000300930

000304057
41
000304225

000307895
42
000308062

000310689
43
000310857

000313025
44
000313193

000315444


45
000315612

000317112
46
000317280

000318822
47
000318990

000321450
48
000321618

000324494
49
000324662

000326580
50
000327790

000330792
51
000330960

000332878


52
000333046

000334963


53
000335506

000338717


54
000339093

000341178
55
000342931

000344932
56
000345099

000347184
57
000347352

000350896
20
58
000351064

000353065


59
000353233

000355442


60
000355610

000357736
61
000357904

000400030
200
62
000400198

000401865
63
000402033

000405494


64
000411042

000412834
65
000413002

000415212
66
000415380

000417673
67
000417840

000421677
68
000424138

000426807
69
000426975

000430060


70
000430228

000433480
71
000433648

000436942

72
000438611

000439987
73
000440571

000445200
74
000447287

000449329
75
000450206

000452207
76
000452375

000454960


77
000455128

000457546
600
78
000457714

000459840
79
000500008

000501800
80
000505972

000507723
81
000518318

000520485


82
000520653

000522362


83
000522530

000524448


84
000537003

000539338
85
000539505

000542674
86
000542842

000545093
87
000545261

000547929
88
000548097

000552184

89
000552935

000554269
90
000555229

000556855
91
000557857

000559691
92
000601235

000605113
93
000605782

000607991
94
000608159

000609993
95
000610161

000614456
96
000615875

000618293
97
000619003

000621421


98
000621589

000624508
99
000624675

000626259
100
000626427

000628929


101
000630473

000633225
102
000634018

000637062
103
000640233

000642526
104
000642693

000645028


105
000645196

000647864
106
000648032

000651493
107
000651661

000654663
108
000655456

000657833
109
000658000

000700627
110
000706300

000709094
111
000710179

000711763
112
000711931

000714808


113
000718729

000720355
114
000720523

000723233
115
000723401

000725944
116
000727113

000730740
117
000732118

000733869
118
000734036

000736496
119
000736664

000738206
120
000738374

000740083
121
000741627

000744337


122
000744505

000748049
123
000748217

000749759
124
000749927

000751803
125
000752263

000754097
126
000755892

000758059
127
000758227

000801104
128
000804734

000806443
129
000807236

000809779
130
000809947

000811990


131
000812158

000814868
132
000815786

000818914
133
000819081

000820999
15
134
000821167

000823543
16
135
000823711

000827380
15
136
000828508

000830842
1990
137
000832637

000836014
138
000843940

000846441
139
000847818

000849653
140
000850571

000853448
141
000855201

000856993
142
000857161

000859246
143
000859413

000901122
144
000901290

000904960
145
000905127

000907003
146
000907672

000910966
147
000915221

000917681
148
000917848

000920600
149
000929527

000931611
150
000933739

000935365


151
000935533

000937784


152
000938828

000941371
153
000941539

000942831
154
000942999

000945333
155
000945501

000948336
156
000948504

000951298
157
000951465

000955010
158
000955636

000959764
159
001000057

001002267
160
001002435

001003602
161
001005146

001008148
162
001011527

001013570
163
001016699

001020035
164
001025333

001028126
16
165
001030254

001033048
166
001033215

001034549

167
001037011

001038928


168
001039096

001041097
169
001041265

001044434
170
001046854

001050106


171
001050274

001052067
172
001054278

001055862
173
001102536

001104537
174
001105122

001108208
175
001109418

001111044
176
001111212

001113546
177
001113714

001115090


178
001115257

001116800
179
001117426

001121179
180
001121347

001124474
181
001125309

001127894
182
001128062

001130438
183
001130606

001133692
184
001137863

001140323
185
001142118

001143910

186
001144078

001146246

187
001146414

001147664
188
001147832

001150166
189
001153671

001155547


190
001155715

001158216


191
001158384

001159718
192
001201220

001203304
193
001203472

001205306


194
001211689

001213481
195
001213649

001216234
196
001216402

001217861
197
001218487

001220363
198
001220531

001223908
199
001227121

001231458
200
001231625

001233585
201
001233753

001237297
202
001237465

001239132
203
001241469

001244220
204
001245514

001249642
205
001250311

001252395
206
001252563

001257066
207
001257234

001300028
208
001300654

001301738
209
001301906

001303573
210
001303741

001307911
211
001309121

001311289
212
001312583

001313958
213
001325095

001328389


214
001328557

001332310
215
001332478

001335396
216
001335564

001337690
217
001338818

001340485
218
001340653

001344405
219
001344573

001348076
220
001348244

001350870
221
001352790

001355458


222
001355668

001358503
223
001358712

001401422
10
224
001403509

001405134
225
001405302

001408096
226
001408264

001410974


227
001411809

001414143


228
001414311

001416688
229
001416856

001418231
230
001418399

001423278
231
001423445

001425113
232
001425281

001427490


233
001433998

001435957
234
001436125

001438877
235
001442882

001444465
236
001446260

001449846
237
001503402

001505028
238
001505696

001507614
239
001508866

001511367
240
001512703

001515288


241
001515456

001517206
242
001519084

001522295
243
001524173

001525298
244
001525883

001528009
245
001529386

001531387
246
001538479

001540980


247
001541148

001543608


248
001543776

001547278
249
001547446

001549948
250
001551408

001552784
251
001553827

001557956
252
001558123

001601417
253
001601585

001605129
254
001605297

001607256
50
255
001607424

001609342
256
001610260

001611928
257
001612096

001615223
258
001615391

001618267
259
001618435

001621729
10
260
001622523

001625108


261
001625275

001627694
262
001628320

001631239
263
001632199

001633825
264
001633993

001638121
265
001640416

001641666
266
001648382

001650091
267
001652678

001654804
268
001658225

001659809
269
001700019

001702395
270
001704481

001707734


271
001712990

001714449
272
001718245

001719829
273
001721248

001723041


274
001723208

001725543
12
275
001725711

001727879
276
001728047

001731716
277
001731884

001733301
278
001733844

001735470
279
001738390

001741142
280
001742603

001745229
281
001745397

001749484
282
001752071

001755364
283
001755532

001757617
284
001804750

001806751
285
001806919

001808377
286
001811632

001813257
287
001818806

001820973
288
001827898

001830274
289
001832903

001834362
290
001834655

001836197
10
291
001839576

001842578
292
001842746

001845498
293
001845666

001848417
294
001851004

001852839

295
001855634

001857260
296
001857427

001859595


297
001859763

001901055
298
001901223

001902890
299
001903058

001905518

300
001905686

001907854
301
001908021

001909480
302
001911650

001914777
303
001915529

001917071
304
001920576

001922326


305
001923370

001926914


306
001927082

001930001
307
001930169

001931961
308
001932129

001935298
309
001935465

001937633
310
001937801

001939760


311
001939928

001941971


312
001942764

001944557
313
001944975

001948227
314
001948395

001951230
315
001951398

001952857
316
001953025

001955443
317
001955611

001958446

318
001958614

002001991
319
002003202

002006621
320
002007873

002009165
321
002009333

002013336
322
002014254

002015755


323
002015923

002018549
324
002018717

002021010
325
002021178

002023679
326
002023889

002026974
327
002027142

002030770
328
002031021

002034649
329
002034816

002037735
330
002037903

002040071
331
002045827

002048329
332
002050082

002051707
333
002052918

002057129

334
002059299

002100967
335
002101134

002103636


336
002104263

002105846
337
002111270

002113187
338
002113355

002115481
339
002122906

002126492
340
002126702

002128536


341
002128704

002131247


342
002131415

002133124


343
002133625

002134875
344
002135460

002137586
345
002137754

002138838
346
002139006

002143342
347
002144428

002145469
348
002147556

002151392
349
002152144

002155354
350
002156315

002158149


351
002158317

002200234

