1
000007632

000008674
2
000008842

000014263
3
000015348

000017558
4
000018184

000020811


5
000022022

000023647


6
000023857

000027901
7
000029112

000031447
8
000032824

000034450


9
000034659

000037953
10
000038455

000040914


11
000041082

000044543
12
000044711

000047212
13
000047589

000050340
14
000054095

000055262
15
000055430

000057890


16
000058058

000059892
17
000102645

000106315


18
000106483

000110861
19
000113364

000115616


20
000115784

000117201
21
000117368

000120662
22
000121414

000125417
23
000125585

000128420
24
000134761

000136512


25
000136721

000139056


26
000139766

000141767


27
000143353

000145771
28
000145980

000147773


29
000151653

000153487


30
000153655

000156615
31
000205917

000207876
32
000259179

000303473
33
000303641

000306351


34
000306561

000309396


35
000309564

000311565
36
000311733

000315944
37
000318531

000320407


38
000322952

000325287
39
000325455

000328540
40
000329167

000332461


41
000335089

000337174


42
000337383

000340427
43
000340637

000343889
44
000344098

000347684


45
000350104

000352189
46
000352565

000355150
47
000355318

000358946
48
000359155

000403033
49
000403910

000406245
50
000406412

000409414


51
000412335

000415712
52
000422679

000423971
53
000424138

000428100


54
000428268

000430644
55
000430812

000434189


56
000434357

000436525
57
000437193

000441113
58
000441281

000445158
59
000446035

000449538


60
000453501

000455627
61
000500800

000504469
62
000510810

000513312


63
000515189

000516857
64
000517025

000520027
65
000520194

000524990
66
000525616

000529661
67
000537628

000539921
68
000542842

000547054
69
000547221

000548930
70
000550058

000554561
71
000556022

000559858
72
000603363

000605030
73
000606783

000609826
74
000610036

000613038
75
000613206

000615874
76
000618544

000621171
77
000621339

000623590


78
000626928

000628261
79
000633768

000635352
80
000640525

000642901


81
000643069

000645195


82
000645363

000647531
83
000647698

000650117
84
000656290

000659042


85
000701129

000702337
86
000703756

000707008


87
000710847

000712431
88
000714016

000718186


89
000725570

000728321


90
000728906

000730866
91
000733911

000737122


92
000739125

000740584
93
000740793

000744921


94
000751053

000753513
95
000753681

000755849
96
000756017

000757809
97
000757977

000801062
98
000801272

000804774
99
000804942

000807444
100
000807653

000810363
101
000810531

000812866
102
000813242

000816870
103
000817914

000820165
104
000820374

000821875
105
000826589

000828423
106
000828591

000832093


107
000833596

000834638
108
000834805

000836348
109
000836516

000839935
110
000840102

000841937
111
000842605

000844147
112
000844357

000847526
10
113
000847693

000852113
114
000852281

000855742
115
000855910

000858161


116
000858371

000901915
117
000902083

000905919
118
000909840

000911925
119
000914554

000916555
120
000916722

000919224
121
000919392

000922811
122
000922979

000924938


123
000925147

000927357
124
000933447

000935365
125
000936492

000940412
126
000940580

000942455
127
000943541

000947502
128
000947670

000949296
129
000950756

000953216
130
000954260

000956553


131
000956721

000959556


132
000959724

001003101
133
001003269

001005061
134
001005271

001007105
135
001007565

001011026
136
001015573

001018783
137
001018993

001020493
138
001020661

001023246


139
001024332

001026583
140
001027376

001028835
141
001030671

001034966


142
001037470

001038762


143
001038971

001041097
144
001042683

001046019
145
001047897

001049147
146
001050274

001052776
147
001052943

001054653
148
001058240

001100408
149
001106248

001109417
150
001111420

001115256


151
001121389

001123139


152
001123307

001126184
153
001126394

001129729
154
001130815

001132440
155
001132608

001135527
156
001135695

001137612
157
001140533

001142742


158
001142910

001147288
159
001147498

001151251
160
001152378

001153878
161
001154880

001156589
162
001157842

001200051
163
001200803

001202137
164
001202304

001204389
165
001204640

001206933
166
001207101

001209561
167
001211272

001213356
168
001214066

001216109
169
001217611

001219988
170
001221365

001223450


171
001223617

001226327


172
001227163

001228413
173
001228622

001231875
174
001233127

001236546
175
001238174

001240341


176
001240509

001241634
177
001241886

001243553
178
001247850

001252020
179
001303741

001305200
180
001305409

001310079
181
001310289

001314083
182
001314919

001317420
183
001317588

001321591
184
001321759

001323259


185
001324762

001328515
186
001334104

001337774
187
001337942

001341027
188
001342363

001346574
189
001346742

001350119


190
001353833

001357043


191
001357211

001359587


192
001359755

001401130
193
001401298

001404968


194
001405344

001408513


195
001408681

001414227


196
001415563

001418189


197
001418399

001421234
198
001421443

001423987


199
001424196

001425822
200
001426824

001428408
201
001428576

001433454
202
001433956

001436833
203
001437042

001439586
204
001440254

001445008
205
001445759

001449137
206
001451056

001455184


207
001501901

001505361
208
001505571

001508781
209
001509658

001511367
210
001515080

001518416
211
001518626

001521794
212
001522046

001524380
213
001524548

001526132
214
001526342

001528134
215
001529428

001531262
216
001531847

001534474
217
001535434

001536809


218
001536977

001540480


219
001540648

001542607
220
001546987

001549113


221
001549907

001551658
222
001551825

001554369
223
001554536

001558539


224
001558707

001602377


225
001603045

001607799
226
001609176

001610635
227
001611178

001613304


228
001615057

001617141
229
001617309

001620311
230
001620521

001623189


231
001624525

001628569
232
001628779

001631864


233
001632032

001634575
234
001634743

001637870
235
001638038

001642834
236
001643002

001646212


237
001646380

001647922
238
001650592

001653928


239
001655222

001659934
240
001700102

001701978
241
001702146

001705440


242
001705649

001712321
243
001713157

001714949
244
001715659

001721914
245
001723292

001725626
246
001726170

001727336
247
001727546

001731841
248
001734178

001735887
249
001738599

001740683


250
001744897

001746230


251
001746398

001750735


252
001750903

001752403


253
001752571

001755907


254
001756075

001801579


255
001802081

001804874
256
001806251

001809212
257
001809379

001814926
258
001818097

001820306
259
001826188

001828523
260
001828690

001831943
261
001832111

001834403
262
001834571

001836864


263
001837199

001840451
264
001840619

001842453
265
001902182

001904725


266
001904935

001905977
267
001906145

001907645
268
001908564

001912191
269
001912401

001915945
270
001917948

001922743
271
001922911

001928166
272
001929334

001933963
273
001934173

001936507
274
001936675

001939927
275
001941054

001943389
276
001943557

001944974
277
001945142

001947268
278
001957738

001959488
279
002000782

002003159


280
002003327

002007371
281
002013128

002016380
282
002016548

002018507
283
002019176

002021427


284
002021637

002023596
285
002023764

002026766
286
002027434

002031020
287
002032981

002034273
288
002034441

002036359
289
002037736

002039987
290
002047079

002050289


10
291
002050499

002053376
292
002054461

002058381
293
002058548

002102176
294
002102344

002104178
295
002104972

002109058


296
002109226

002112395
297
002113438

002116565
298
002117067

002120027
299
002120362

002124991
300
002125158

002129704
301
002130706

002134125
302
002134334

002137670
303
002138380

002140172
304
002140799

002143259


305
002152644

002158482
306
002158692

002201736
307
002201903

002204739
308
002204906

002208993
309
002210287

002213873
310
002215208

002218377
311
002218545

002220379
312
002220547

002222298


313
002223425

002225843
314
002226011

002227762
315
002227971

002229597
316
002229765

002232683
317
002232851

002235603
318
002236521

002241567


319
002242778

002247239


320
002250035

002252161
321
002252746

002256123
300
322
002257667

002259919
323
002300253

002301379
324
002301546

002305508


325
002306968

002311722
326
002313433

002316977
327
002318980

002323484


328
002327489

002329323
329
002329491

002332743
330
002332911

002336956
331
002337124

002341419
332
002342254

002346507
333
002346675

002349135
334
002350512

002352221
335
002354433

002357059
336
002357602

002359603
337
002400397

002402523
338
002402691

002406944
339
002407362

002411365
340
002411533

002415244
341
002415412

002422084
342
002423295

002426755
343
002427007

002429008


344
002429176

002431927


345
002432137

002434180
346
002434389

002437600
347
002437767

002440853
348
002445275

002448360
349
002448570

002452406
350
002452574

002457620
351
002457954

002502458
352
002507047

002510257
353
002512427

002516305
354
002516473

002518974
355
002520185

002523187
356
002523396

002526106
357
002526274

002531070
358
002531279

002534532
359
002534699

002537701
360
002538328

002543999
361
002549256

002551340
362
002556471

002600516
363
002600684

002602601
364
002604896

002606897
365
002607524

002610609
366
002610819

002616323
367
002618243

002620452
368
002621037

002624456


369
002630547

002633507
370
002633717

002635676
371
002637220

002641974


372
002645854

002647396


373
002647606

002651108


374
002651276

002653819
375
002655196

002657698


376
002657866

002701368
377
002701536

002704622
378
002704789

002706498
379
002708126

002711545
380
002714132

002716133
381
002716343

002720220
382
002720388

002721805
383
002721973

002725476
384
002725644

002727353
385
002727562

002730314


386
002730482

002734360
387
002734569

002738572


388
002739199

002741575
389
002741743

002744078
390
002744245

002745704
391
002751211

002756215
392
002802722

002804473


393
002804641

002805683
394
002825537

002829289
395
002836172

002838298
396
002840510

002843429
397
002844347

002847933
398
002848143

002851937


399
002852105

002857276


400
002858278

002859820
401
002900071

002902281
402
002903533

002907745