1
000002377

000003836
2
000004004

000006380
3
000006589

000010300
4
000010468

000013137
5
000013346

000017057
6
000018184

000021854
7
000022063

000025065
8
000025692

000027484
9
000028361

000030404
10
000031031

000032698
11
000033908

000035200
12
000036286

000038037


13
000038830

000040330
14
000040498

000042249


15
000042417

000044710
16
000135929

000138263


17
000138932

000141225
18
000141392

000142976
19
000143186

000144770
20
000144938

000148982
21
000150735

000151985
22
000152153

000154863


23
000155406

000156448
24
000156908

000159535
25
000201329

000203872
26
000205542

000208377
27
000208545

000212005
28
000212173

000216009
29
000217929

000222266


30
000225478

000227271
31
000231526

000235320
32
000235530

000238323
33
000239242

000241577
34
000241744

000243996
35
000244164

000246874


36
000247041

000248750
37
000250503

000252296


38
000253298

000255799
39
000256467

000300012
40
000300180

000303849
41
000304017

000306852


42
000307020

000309646


43
000309814

000311148


44
000312609

000314985
45
000315153

000317029


&
46
000321534

000323452
47
000325955

000327372


48
000327540

000328707
49
000328875

000331877


50
000332086

000336006
51
000336549

000339426


52
000339594

000342471
$30
53
000349187

000352522
54
000352690

000354233


55
000354400

000355943
56
000356110

000359112
57
000400949

000404451
58
000404619

000407037
59
000409457

000411041
60
000413211

000416046


61
000416214

000420300
62
000420551

000422219
63
000423096

000425430


64
000425598

000428392
65
000429477

000430686
66
000433523

000435023


67
000435191

000436400
68
000436567

000439278
69
000439445

000441863
70
000442031

000444616
71
000445827

000448453
72
000448621

000450122
73
000450290

000451790
74
000453376

000455168
75
000455336

000457629
76
000457797

000500924
77
000502051

000503593
78
000503761

000505554
79
000506347

000507931
80
000508141

000511143


81
000512395

000513812
82
000514564

000517399
83
000517567

000519609
84
000520987

000523697
85
000523865

000527159
86
000527327

000530746
87
000530913

000534499
88
000534667

000535917
89
000538588

000540297
90
000540465

000542507
91
000550433

000551767
92
000552518

000555020
93
000555188

000556563
94
000557982

000559900
95
000600401

000602903


96
000603404

000604446
97
000605615

000607699


98
000607867

000611244
99
000611412

000614373
100
000614540

000616249
101
000617043

000619086
102
000619253

000622172
103
000622340

000624633


104
000624801

000626593
105
000626761

000628345
106
000628513

000632682
107
000634477

000635894


108
000636062

000637687
109
000640483

000642109
110
000646906

000648448
111
000651202

000653078


112
000653579

000654871
113
000656666

000700210
114
000701629

000703171
115
000705466

000707884
116
000709679

000712389
117
000712640

000716726
118
000717645

000719396
119
000721149

000723692
120
000723901

000726862
121
000728197

000729239
122
000729490

000733660
123
000733995

000736955
124
000738082

000739749
125
000739959

000741460
126
000743588

000746756
127
000747008

000748967
128
000749177

000751720
129
000751888

000753096
130
000753264

000756975
95
131
000802482

000804649


132
000808446

000809529
133
000819040

000820540
134
000821542

000823126
135
000829509

000831468
136
000831636

000834930
137
000835598

000837891


138
000838059

000839351
139
000839519

000844147
140
000844357

000845482
141
000845650

000848068
142
000848319

000851196
143
000851405

000854241
144
000857870

000900664
145
000901415

000903291
146
000903501

000905377
147
000912760

000915887
148
000916055

000918181
149
000919809

000922143
150
000922353

000924604
151
000924855

000927315
152
000928985

000930360


153
000930528

000932070
154
000932780

000934447
155
000935283

000937534
156
000937743

000942289
157
000942665

000943999
158
000944208

000947002
159
000947253

000950630
160
000950923

000954050
161
000955845

000957095
162
000959056

001000390
163
001000600

001003810
164
001004020

001005353
165
001005563

001006813
166
001009066

001011067
167
001011861

001013403
168
001021245

001022454
169
001030963

001033089
170
001033257

001037177
171
001038929

001042223
172
001042391

001044476
173
001046520

001050857
174
001051025

001052359
175
001053361

001054694
176
001054862

001058365
177
001100493

001101701
178
001110503

001113004
179
001113214

001115840
180
001117593

001119427
181
001120513

001122472
182
001122682

001124599
183
001124850

001126643
184
001126852

001130021
185
001130231

001132232
186
001132483

001136736
187
001136987

001141116
188
001141325

001143243
189
001143452

001146246


190
001146455

001148498
191
001152795

001155964
192
001156132

001200343
193
001200511

001203805
194
001205349

001207892


195
001208102

001209352
196
001210354

001212313
197
001213441

001214482
198
001214650

001217026
199
001217194

001221531
200
001221741

001224784
201
001224952

001226870
202
001227037

001231040
203
001235171

001236588
204
001236756

001239591
205
001241427

001244304
206
001244472

001248975
207
001249143

001251603
208
001251854

001255565
209
001255733

001257650

210
001257818

001259611
211
001300738

001304574
212
001305826

001308077
213
001308329

001311956
214
001312291

001314167
215
001319089

001320548

$20

216
001320716

001322967
217
001323135

001324844


218
001325012

001328264
219
001329391

001330850
220
001331268

001332435
221
001332603

001334771
222
001334980

001336940
223
001337107

001338191
224
001339193

001340944


225
001342112

001346324
226
001346534

001348076


227
001348244

001352914
228
001353082

001355208
229
001355376

001356501
230
001356710

001400296
231
001400464

001403466
232
001403634

001406719


233
001406887

001409597
234
001409849

001411099
235
001411392

001413393

236
001413561

001415061


237
001419608

001424028
238
001424363

001425530
239
001429243

001431035
240
001431203

001433246


241
001433414

001435456
242
001435624

001437000
243
001441589

001444465


244
001444633

001446134
245
001446302

001448803
246
001448971

001451431
247
001451599

001454142
248
001454310

001457645
249
001457813

001459147
250
001500566

001501858
251
001502026

001504319
252
001504486

001506487
253
001506655

001510533
254
001513621

001514913
255
001515915

001517081
256
001518042

001520418
257
001520586

001523671
258
001523881

001524923
259
001526383

001528384


260
001528761

001531095
261
001532222

001533723


262
001533891

001537310
263
001537478

001541064
264
001541231

001545193
265
001547780

001549614


266
001554578

001557080


267
001557247

001558831
268
001558999

001600416
269
001605214

001606381
270
001606548

001609050
271
001611011

001613638
272
001613806

001617809
273
001618852

001622438
274
001622648

001624399
275
001624608

001628653
276
001639373

001643459
277
001644503

001646504
278
001646714

001649590
279
001649758

001652552


280
001652720

001657473
281
001657641

001659892
282
001700060

001702437
283
001709111

001710278
284
001711405

001712989


285
001713157

001714866
286
001716452

001718369
287
001719830

001723958
288
001724209

001726711
289
001727004

001728963
290
001730591

001733593


291
001733886

001737305
292
001737556

001738848
293
001740267

001742810


294
001742978

001746439
295
001747775

001751027
296
001751236

001752945
297
001753572

001755907
298
001757117

001759035
299
001759661

001801329
300
001802539

001805833


301
001807461

001808795
302
001811965

001814342
303
001821350

001822892
304
001829691

001831818


305
001832069

001834612


306
001834863

001837073
307
001837241

001839367
308
001839576

001842537
309
001842704

001845081


310
001846083

001848167
311
001848377

001852547
312
001853173

001856259
313
001856426

001857593
314
001857803

001900555
315
001900722

001903766
316
001903934

001905518
317
001906103

001907395
318
001907563

001910314

319
001910482

001913734


320
001913944

001915903
321
001916822

001918239
322
001918490

001921325
323
001921535

001924787
324
001925998

001930710


325
001931044

001932753
326
001933463

001934714
327
001935048

001939093
328
001942055

001945516
329
001946643

001950146
330
001950397

001951939
331
001952107

001953441
332
001955319

001957111
333
001957362

002000531
334
002000782

002002450
335
002002659

002005328
336
002006538

002008164
337
002008498

002009749
338
002010000

002012543
339
002015422

002018716


340
002018884

002020301
341
002026141

002027308


342
002028644

002029769
343
002030604

002032647
344
002033774

002034815
345
002045661

002048746


346
002048914

002052708
347
002052960

002056379
348
002057339

002059924
349
002104763

002106222
350
002106431

002107640
351
002107849

002111060
352
002111270

002115022
353
002115190

002116315
354
002116483

002119568
355
002125075

002126575
356
002128287

002130913
357
002131081

002133124
358
002133292

002136294
359
002136461

002139005


360
002139256

002140923
361
002141133

002143467
362
002144928

002146887


363
002147055

002149974
364
002150475

002152852


365
002153020

002157606
27
366
002158984

002200151
367
002200319

002201861
368
002202029

002204697