1
000005130

000007715


2
000007924

000010384
3
000010552

000013137
4
000013304

000017016
5
000018226

000021812
6
000022939

000024648
7
000025692

000028027
8
000028194

000031030
9
000031197

000035451


10
000035618

000038495
11
000038872

000041874


12
000042042

000046170
13
000046337

000051383
14
000051551

000053343
15
000058016

000101560
16
000105356

000107566
17
000112739

000113822
18
000113990

000115699


19
000206084

000208127


20
000208294

000210295
21
000212423

000214133
22
000216803

000220305
23
000220473

000224476
24
000225019

000228147
25
000228314

000231567
26
000232193

000234611
27
000234779

000237322
28
000237490

000240659
29
000240827

000243620
30
000244789

000246540
31
000246708

000249793
32
000249961

000254339
33
000254507

000258760
34
000302348

000306268


35
000306436

000308770
36
000308938

000311231
37
000314652

000315986
38
000320033

000321074
39
000321242

000322326


40
000322493

000325037
41
000325205

000326580


42
000326748

000330000


43
000330168

000332920
44
000333087

000336381
45
000336549

000338175
46
000338343

000343096
47
000343890

000346892
48
000349812

000351939
49
000353900

000357361
50
000357904

000359988
51
000400156

000403033
52
000404535

000409081
53
000409749

000413126
54
000413294

000414753
55
000414921

000417798
56
000418549

000420759
57
000420927

000423553
58
000423721

000425389
59
000425556

000428308


60
000428476

000432020
61
000432188

000436275
62
000436442

000440195


63
000440780

000442614
64
000447120

000450372
65
000452125

000455794
66
000455962

000458213
67
000458381

000501008


68
000503803

000505220
69
000505388

000508974
70
000509142

000511935
71
000512103

000516148
72
000516316

000520652
73
000520820

000525407


74
000547722

000550766
75
000552018

000557397
76
000601652

000603862
77
000604030

000607282


78
000607450

000611078
79
000611871

000613497
80
000615208

000617084
81
000617251

000620504
82
000620671

000622214
83
000622423

000624299
84
000624509

000626426
85
000627261

000630555
86
000630723

000632516
87
000633226

000635811


88
000644987

000647823
89
000647990

000651785
90
000653121

000654996
91
000708094

000710345
92
000710513

000713390


93
000719021

000720313
94
000721816

000723150
95
000725194

000728363
96
000729198

000731783


97
000742253

000746047
98
000746215

000749134
99
000809197

000811865


100
000812033

000814951


101
000815119

000818455
102
000829300

000832802
103
000832970

000835138
104
000837225

000839100
105
000839268

000843146
106
000843314

000846066


107
000901165

000904376
108
000908464

000910882
109
000911092

000914553
110
000916681

000920433


111
000920601

000924771
112
000926148

000929359
113
000929527

000932237
114
000932405

000936575
115
000937034

000939661
116
000939829

000941329
117
000941497

000943623
118
000946586

000948837
119
000949005

000950505
120
000950673

000953633
121
000955845

000959180


122
001001142

001003602
123
001006689

001008565
124
001009108

001014613
125
001015156

001017532


126
001017700

001020118
127
001020286

001022787
128
001022955

001026541
129
001026709

001029336
130
001030755

001034841
131
001035009

001037344


132
001041223

001044017


133
001044185

001046478
134
001046646

001048855


135
001049565

001052317
136
001053819

001056488
137
001101160

001105330


138
001107249

001109668


139
001123599

001126184


140
001126352

001127394
141
001127561

001129896


142
001135986

001137570


143
001140366

001142367
144
001142535

001145120
145
001145287

001148289
146
001148457

001151459
147
001151627

001153962
148
001154422

001158591


149
001158759

001202929
150
001203097

001207142
151
001207309

001213857
152
001216152

001218486
153
001233169

001236546
154
001238674

001241801
155
001241969

001245096
156
001246682

001249559
157
001252813

001257108
158
001258736

001301446
159
001301614

001304407
160
001304575

001306910


161
001307077

001308661
162
001310748

001312582


163
001314627

001318296
164
001319632

001321257
165
001321425

001326012
166
001326180

001329849
167
001330017

001331684
168
001331852

001333186
169
001335147

001337982
170
001338150

001339901
171
001340110

001343488
172
001346867

001349202
173
001349370

001351704
174
001351997

001353957
175
001354124

001357627
176
001357795

001359712
177
001359880

001402423
178
001402591

001404050


179
001404218

001405677


180
001405845

001409264
181
001409431

001412767
182
001412935

001415144
183
001415312

001418940
184
001426282

001428700
185
001428868

001430451
186
001434540

001436124


187
001436292

001438543


188
001438752

001442672
189
001442840

001445967
190
001446135

001449262
191
001449471

001453141
192
001453684

001456436


193
001457730

001500231


194
001500900

001502859
195
001504153

001506195


196
001506363

001510450
197
001512369

001515038
198
001515247

001520543
199
001520711

001523546
200
001523714

001528009


201
001528260

001533473
202
001535517

001537352


203
001538228

001542482
204
001542650

001545318
205
001545903

001548738


1992
206
001548906

001553701
207
001555120

001556829
1992
208
001556997

001600166
209
001600334

001602502
210
001603629

001607757


211
001607925

001609884


212
001610052

001615598
213
001617393

001620019
214
001624733

001626401
215
001626568

001628486
216
001628779

001632865
217
001633033

001636202
218
001636370

001637954


219
001638122

001640915


220
001644837

001645878


221
001646046

001648548


222
001648716

001651676
223
001651844

001655638
224
001700185

001703479
225
001703647

001706524
226
001706775

001710153


227
001710320

001713406


228
001713866

001716909


229
001717077

001720371
230
001720539

001722081
231
001722249

001724208
232
001724376

001725710
233
001725878

001727628
234
001727796

001732633
235
001732843

001735636
236
001740225

001742310
237
001746356

001748316
238
001748817

001753154
239
001754156

001758117
240
001758327

001803998


241
001804166

001807293
242
001809588

001813257
243
001813425

001816803
244
001818555

001821140
245
001821975

001825436
246
001825604

001827897
247
001828065

001829941
248
001830109

001833903
249
001834071

001837031
250
001837407

001842036
251
001844790

001846833
252
001847000

001851462
253
001851630

001853256
254
001853423

001856717
255
001858887

001900930
256
001901098

001904475
257
001904643

001907145
258
001907688

001909355
259
001909523

001910731
260
001915362

001919198
261
001919366

001923411


262
001931545

001935047
263
001942389

001945057
264
001945225

001949979
265
001950147

001952899
266
001953066

001958404
267
001959239

002000698
268
002013754

002019467
269
002021220

002023804
270
002030103

002032980
271
002033190

002036025
272
002036193

002040655
273
002041198

002042782
274
002044618

002046369
275
002046536

002050998
276
002051166

002052541


277
002052709

002056921
278
002057089

002101801
279
002102678

002105638
280
002105806

002108015
281
002108183

002109850
282
002110018

002114981
283
002115148

002117400
284
002119528

002122363
285
002122531

002123948
286
002124116

002126826
287
002128829

002132373
288
002135252

002139880
289
002146596

002149765
290
002149933

002151600
291
002151810

002155271
292
002155439

002157148


293
002157357

002201193
294
002201361

002203904
295
002204072

002205698
296
002219713

002224383


297
002224843

002229388
298
002229556

002231307
299
002231683

002233434
300
002237522

002240858
301
002247574

002250951
302
002252162

002254038
303
002255207

002257458


304
002302464

002304131
305
002307636

002309428
306
002311556

002313349
307
002314142

002316310
308
002317896

002321315


309
002323693

002327363
310
002336832

002340751


311
002341878

002343587
312
002343755

002346715
313
002346883

002348050
314
002348260

002349802
315
002350095

002353013
316
002354599

002355933
317
002356101

002402148