1
000003796

000005589
2
000005756

000009260


3
000009427

000012596


4
000012763

000015975
5
000017101

000021022
6
000022982

000025735
7
000025943

000030948


8
000033284

000037288


9
000037455

000041459
65
10
000042960

000047673
11
000047840

000048883


12
000049050

000051677
13
000051844

000053888
14
000056057

000058142


15
000058309

000059643
16
000100061

000102354
17
000102521

000103898
18
000104565

000107568
19
000107777

000111739
20
000111906

000113824


21
000113991

000116911


22
000117161

000118662
23
000119371

000122792
24
000124502

000126212
25
000126378

000129090
26
000221392

000225271
27
000225521

000229191
28
000229358

000231861


29
000232027

000234905
30
000236448

000237741
31
000238576

000240077
32
000240244

000242538
33
000242746

000245457
34
000247001

000249587
35
000249753

000253841
36
000255801

000256886


37
000257052

000259054
38
000259263

000302474
39
000302683

000305936


40
000306103

000308439
41
000310191

000311692
42
000312818

000314612


43
000314778

000317740
44
000317907

000321202


45
000321368

000323787
46
000323954

000325623
47
000325789

000328626
48
000328792

000331003
49
000334590

000338010
50
000339970

000342973
51
000343140

000345392


52
000346393

000348479
11
53
000348646

000350689


54
000351649

000355194


55
000355361

000358656
56
000358822

000401533
57
000401700

000404370
58
000406038

000409291
59
000409458

000412962
60
000413128

000418467


61
000420928

000423222
62
000423389

000425683
63
000425849

000428560
64
000428727

000431897
65
000434942

000437695
66
000437861

000439905
67
000446161

000450332
68
000450499

000453585
69
000453794

000456839
70
000457881

000501635
71
000505306

000508434
72
000508642

000510811
73
000510978

000515024
74
000515190

000518694


75
000519903

000523782


76
000524408

000526327
77
000526493

000530039
78
000530205

000532833
79
000533042

000536587


80
000536754

000538088


81
000538255

000539715


82
000539923

000541425


83
000541592

000542926
84
000543093

000544136
85
000544803

000547097
86
000547806

000549099
87
000549266

000551685
88
000552353

000555939
89
000556106

000601487
90
000601695

000605032
91
000608786

000612456
92
000613707

000616377
93
000617836

000619963


80
94
000620506

000623467


95
000623634

000625302


96
000625469

000627346
97
000627554

000630682
98
000631308

000633185
99
000633352

000634436
100
000634603

000636563
101
000637064

000638482
102
000645614

000650035
103
000653414

000655582
104
000657000

000659837


105
000700003

000703674
106
000706093

000707719
107
000707928

000710973


108
000711140

000713475
109
000713642

000715436
110
000715602

000718689
111
000718856

000721442


112
000721608

000724153
113
000725195

000728031
114
000729408

000731910


115
000736290

000737749


116
000737916

000740586
117
000740752

000744256


118
000746216

000748218
119
000748385

000751430
120
000751597

000755350
121
000802274

000804193
122
000806778

000810324


123
000811283

000813202


124
000813368

000816580
125
000816747

000819917
126
000824004

000827382


127
000827591

000831637
128
000831803

000836683
129
000836850

000839144
130
000839311

000841772
131
000841939

000845901
132
000846109

000847528
133
000847694

000851532
134
000851698

000853325
135
000853492

000855494
136
000855661

000858121
45
137
000858288

000902876
138
000904002

000906797


139
000907339

000908674
H93
140
000908840

000911969
141
000912135

000916181
142
000916348

000918100


143
000918267

000919851
144
000920018

000921937


145
000922145

000925357
146
000925566

000927693


147
000927859

000931405


148
000934992

000938078
149
000938537

000941623
150
000941790

000944001
151
000944585

000947254
152
000948088

000950674
153
000950841

000953760
154
000953927

000957097
155
000957306

000958932
156
000959433

001001393
157
001001560

001006064
158
001006231

001010235
159
001010694

001014239
160
001015240

001017909
161
001018118

001019870
162
001020120

001022039


163
001026293

001029588
164
001029755

001031131


165
001031298

001033634
166
001033800

001036178
167
001036803

001039765
168
001042517

001045646
169
001045812

001048106
170
001050776

001054363


171
001054529

001058283


172
001100243

001102037
173
001111713

001113465
174
001113632

001116218
175
001116385

001119429
176
001119596

001122641
177
001123058

001124351
178
001124643

001128730


179
001128897

001133610
180
001134986

001136446


181
001136613

001138365
182
001138907

001142160
183
001142327

001145872
184
001146039

001148959
185
001149126

001150836
186
001152796

001154214
187
001154881

001158760
188
001202514

001204474


189
001204641

001207185
190
001207894

001212190
191
001213525

001214860
192
001216111

001219448
193
001219614

001221533
194
001221700

001222993
195
001223160

001225787
196
001225954

001228665


197
001228832

001232002
198
001234838

001237174


199
001237340

001238383
200
001243597

001244723


201
001245348

001247017


202
001247184

001248977


203
001249186

001251605
204
001251813

001254274


205
001254441

001258570
206
001300155

001302240


207
001302449

001304409


208
001304576

001306745
209
001306953

001308246
210
001308455

001311750
211
001313376

001315045
212
001315212

001317422
213
001318048

001319508
B39
214
001321218

001324846


215
001325013

001328016
216
001328600

001331102


217
001331269

001333939
218
001334105

001338360
219
001338568

001341613
220
001341780

001344032
221
001349746

001351164
222
001353250

001356253


223
001356419

001359297
224
001359548

001403343
225
001405428

001407305
226
001407514

001409808
227
001412561

001415981
228
001416147

001417732
229
001419025

001423697
230
001423864

001426032
8
231
001428118

001434165


8
232
001435959

001439296
233
001439462

001442799
234
001442966

001446678
235
001447178

001448763
236
001450056

001453226
237
001453393

001456688


238
001456855

001459858
239
001501484

001505363
240
001508783

001511703
241
001512954

001515498
242
001515999

001519920
243
001520462

001523131
244
001524174

001526468
245
001531389

001533850
246
001534017

001536394
247
001537020

001538730
248
001540023

001541107
249
001542817

001545111
250
001549032

001552118
251
001552285

001554162
252
001554913

001557207
253
001558166

001600085
254
001604172

001607509
255
001615141

001619562
256
001622232

001623900
257
001624359

001627112
258
001627362

001630865


259
001631032

001633201


260
001633368

001634786
261
001635954

001641042
262
001642293

001644087
263
001644254

001645422
264
001645588

001648216
265
001648383

001651428
266
001651594

001655265
267
001655432

001657434


268
001657600

001659436
269
001659602

001702105
270
001702272

001704149
271
001704774

001707110


272
001707277

001709988


273
001716828

001717871
274
001718038

001720331
275
001720498

001723460
276
001723626

001725628
277
001725795

001729716
278
001729966

001731760


279
001731968

001733344


280
001734471

001737182
281
001737348

001741019


282
001741227

001743146
283
001744147

001746524
284
001746733

001750070
285
001801748

001803541
286
001803750

001808546
287
001809005

001811382
288
001813968

001815011
H93
289
001815178

001818515


290
001818681

001820183
291
001820350

001822602
292
001822852

001824562
293
001824813

001828483
294
001828983

001833321
30
295
001838660

001840036
296
001841037

001843373
297
001844165

001848044
298
001848419

001851756
299
001852549

001853842
300
001854008

001855260
301
001856094

001859430
302
001900223

001902100
303
001905228

001908523
304
001910066

001913903


305
001916865

001918825
306
001918992

001920451
307
001921744

001922787
308
001922954

001924539


309
001924706

001926749
310
001926916

001928459
311
001928626

001930420
312
001932922

001935633


313
001935884

001938219
314
001938887

001943725
315
001945602

001946936
316
001947103

001951858
317
001953902

001957488


318
001958573

002003661
319
002003870

002005413
320
002007081

002009959
321
002010126

002011961


322
002012128

002015131
323
002017175

002019344
324
002019761

002021346
325
002021512

002023264
326
002027393

002029020
327
002032774

002035485


328
002035652

002037362
329
002037528

002039948


330
002040114

002043201
331
002043409

002045495
332
002045703

002048498
333
002049499

002052043
334
002053461

002057131
335
002057298

002059968
336
002100677

002105056
337
002105223

002106808
338
002107058

002108518
339
002108685

002111187
340
002111354

002113231
341
002113439

002116025
342
002116192

002118236
343
002119153

002121030
344
002130999

002134043


345
002134210

002137755


346
002137964

002141718
347
002141884

002147265
348
002147890

002149559
349
002150893

002152645
350
002153771

002155189
351
002156566

002158568


352
002158735

002200611
353
002201487

002204741
354
002204907

002207368


355
002207535

002212040
356
002212206

002215543
357
002215752

002218880
358
002222925

002225553
359
002238274

002241194
360
002241361

002243196
361
002243363

002246282
362
002246449

002248951
363
002249410

002251412
364
002252580

002255291
365
002255458

002257210
366
002258503

002301047