1
000002752

000004795
2
000005005

000007840
3
000008049

000011593


4
000012262

000015222
5
000015432

000018475
6
000022522

000024481
7
000026192

000028318


8
000028528

000031864
9
000036870

000040164
10
000040373

000043417
11
000043626

000045252
12
000045462

000047629
17
13
000048381

000050716
14
000050925

000052801
15
000053011

000056555
16
000056765

000058432
17
000059893

000102394
18
000103063

000104730
19
000106691

000108984
20
000111237

000112780
21
000112989

000114156
22
000114365

000115949
23
000116159

000119286
24
000120914

000123248
25
000123458

000126210
26
000126419

000128504
27
000129923

000132674
$700
28
000132884

000135636
29
000135845

000137888
30
000227605

000230232
31
000230441

000234611
32
000236447

000238365
33
000243663

000245581
34
000247292

000248750
35
000248960

000251461
36
000252213

000253589
37
000253798

000256675


38
000256885

000258552
39
000258761

000301305
40
000303516

000305767
41
000305977

000309188
42
000311065

000314568
43
000318615

000319990
44
000320200

000323869
45
000324078

000326288
46
000331252

000334880
47
000335089

000339009
48
000339219

000342846

49
000349687

000351480
50
000351689

000355025
51
000355235

000356610
52
000356819

000359446
53
000400615

000401823
54
000402033

000404785
55
000404994

000407120
56
000407330

000411458
57
000412919

000415504
58
000415713

000419800
59
000420009

000421718
60
000421928

000424638


61
000425223

000429393
62
000429602

000431812


63
000432021

000433981
64
000436150

000439069
65
000443825

000445534
66
000446703

000450580
67
000450790

000454001


68
000454210

000455961
69
000458381

000500799


70
000501009

000505595


71
000505805

000508932
72
000512270

000514104
73
000514314

000517190
74
000522405

000523405


75
000523614

000524614
76
000524824

000527451


77
000529287

000532539
78
000534584

000536084
79
000536294

000539421
80
000539630

000540797
81
000541924

000544801


82
000545011

000547554
83
000549432

000550891
84
000551100

000555145
85
000555355

000558190
86
000558983

000602277
87
000603112

000606406
88
000606616

000608450
89
000608659

000610160


90
000610370

000614247
91
000616793

000618668
92
000621631

000623298
93
000630640

000634393
94
000634602

000639189
95
000639399

000642275
96
000643778

000644986
97
000646030

000647280
98
000649117

000652160


99
000654330

000655455
100
000656290

000657833
101
000658042

000659543
102
000659752

000703130
103
000703339

000704714
104
000704924

000706383
105
000707009

000710220
106
000710638

000712222
107
000716060

000718728
108
000721399

000722941
109
000726821

000728155
110
000732952

000738373
111
000741210

000743170
112
000743504

000745964


113
000746174

000747757
114
000747967

000748967
115
000749177

000751303
116
000753014

000756600

117
000757226

000800187
118
000804066

000805317
119
000805526

000810405
120
000810615

000812407
121
000813659

000815827
122
000817788

000820373
123
000820583

000823502
124
000826547

000828507


125
000828716

000829966
126
000830760

000832385
127
000834805

000836556
128
000837600

000838892
129
000839101

000840310
130
000840520

000842229
131
000842438

000845941
132
000846150

000849819
133
000850029

000853365
134
000853574

000857160
135
000901290

000904251
136
000904460

000907420


137
000907630

000909965
138
000910174

000913593
139
000914887

000916555
140
000922645

000924187
141
000924480

000925981
142
000928609

000930026
143
000934282

000936533
144
000936742

000939911
145
000941247

000942998
146
000946377

000949379
147
000950089

000952799
148
000953009

000955302
149
000955511

000957971
150
001003269

001006771
151
001006981

001009649
152
001009859

001014321
153
001014780

001019534
154
001020911

001023496
155
001023706

001027125
156
001027335

001030587


157
001030796

001034090
158
001034300

001036760
159
001036969

001040138
160
001040348

001042515
161
001042725

001045810
162
001046562

001047771
163
001048481

001050106
164
001050483

001052692


165
001052902

001054027
166
001055821

001058615
45
167
001058824

001101409
168
001101619

001102661
169
001104038

001106539


170
001106749

001108667
171
001108876

001110168
172
001110378

001111836
173
001112046

001114923
174
001115132

001117759
175
001117968

001119469
176
001119679

001122180
177
001128771

001130021
178
001130231

001134192
179
001134402

001136820
180
001137029

001139406


181
001140783

001142283
182
001148749

001151209
183
001154755

001155755
184
001155965

001157841
185
001159260

001201886
186
001202096

001203179
187
001203389

001204848


188
001205057

001206891
189
001207101

001211062
190
001211272

001214482
191
001214692

001216651
192
001216861

001220864
193
001221073

001222615
194
001222825

001225160
195
001225494

001227871
196
001228914

001230248
197
001230458

001232792
198
001233002

001234919


199
001235129

001239007
200
001239216

001240925
201
001241969

001245054
202
001245264

001246765
203
001246974

001249142
204
001256901

001258318
205
001258527

001302280
206
001303032

001306034
207
001307661

001309162
208
001310122

001313958
209
001314293

001315960
210
001317379

001319672
211
001320966

001324594
212
001327014

001328431
213
001328641

001330975
214
001333646

001338483
215
001343489

001348201
216
001348410

001349744
217
001349954

001354290
218
001354500

001356042


219
001356961

001358253
220
001359630

001402048
221
001402341

001405718
222
001412101

001414894
223
001415104

001416396
224
001416605

001419941
225
001422778

001426030
226
001426949

001429200
227
001429410

001432579
228
001432788

001434539
229
001434748

001437041
230
001437251

001438877


231
001439336

001444007
232
001445009

001446885
233
001447887

001449053
234
001449263

001452849
235
001454268

001457312
236
001457521

001459647
15th
237
001459857

001503318
15th
238
001504278

001506112
239
001506322

001507906
240
001508115

001512535
15th
241
001512745

001513953
242
001515414

001517040
243
001517499

001519834
244
001520044

001523046


245
001523255

001526966
246
001527176

001529344


247
001529553

001532221
248
001532431

001535600


249
001535809

001538186

250
001548572

001549989


251
001550199

001551908
252
001554203

001555745
253
001555955

001558456


254
001558666

001600708
255
001600918

001604587
256
001605089

001607882
257
001608092

001610009
258
001610219

001612345
259
001612554

001615598
260
001615808

001617976
261
001620020

001623564
262
001629363

001633032
263
001633242

001636327
264
001636537

001638705
265
001638914

001642542
266
001642751

001644794
267
001647423

001649841
268
001650384

001652176
269
001701687

001703938


270
001704148

001705732


271
001705941

001708067
272
001709778

001711362
273
001712197

001714699
274
001714950

001716743
27B
275
001718162

001719871
276
001720080

001722540
277
001722750

001726127
278
001726336

001728171


279
001728380

001730923
280
001731133

001733217
281
001733427

001737013


282
001738807

001741809
283
001742019

001743352
284
001743562

001745772
285
001745981

001748858
286
001749068

001750943
287
001754114

001755156
288
001755365

001756699
289
001756909

001757992
290
001758202

001759952
291
001801538

001805249
292
001818847

001822141


293
001822351

001823726
294
001824895

001826646
295
001826855

001828815
296
001829024

001832026
297
001832236

001834862
298
001835072

001836864
299
001837074

001841452
300
001846917

001850294
301
001850504

001852547
302
001852756

001854257
303
001856468

001900221
304
001900430

001902181
305
001902391

001906602
306
001906812

001910022
307
001910232

001912692
308
001916196

001918406
309
001919241

001921534
310
001921827

001924954
311
001925164

001928541
312
001928750

001931878
313
001935090

001938593
314
001939344

001941220


315
001941430

001943347
316
001943557

001945725
317
001945934

001949437
318
001949646

001952190


319
001952399

001954358


320
001954568

001956402
321
001956612

002000489
322
002003035

002004702
323
002004912

002008623
324
002008957

002012001
325
002012294

002013419
326
002013629

002017298
327
002019384

002021219
328
002022846

002025765
329
002026683

002028142
330
002038612

002039654
331
002039863

002041072
332
002041281

002043199
333
002043408

002046369
334
002048997

002050206


335
002050415

002052083
336
002052459

002053542


337
002053919

002057046
338
002057256

002059382
339
002059591

002102969
340
002103178

002105596
341
002105806

002107515
342
002116984

002118943
343
002119152

002120778
344
002120988

002123823
345
002124032

002125783
346
002130622

002133791


347
002134001

002136502


348
002142342

002144760
349
002144970

002147513
350
002147723

002149515
351
002149725

002151017


352
002151226

002152768