1
000002502

000005337
2
000006047

000007840
3
000008341

000011260


4
000016266

000017683
5
000018560

000020978
6
000021187

000024273
7
000025025

000029403
8
000032073

000033365


9
000033533

000036243
10
000038663

000041165


11
000041332

000043167
12
000043334

000045335
13
000045503

000049256
14
000049424

000052217
15
000052886

000055721
16
000056931

000101894
17
000102937

000105230


18
000105398

000107274
19
000107442

000109193
20
000109360

000111487
21
000111654

000114281
22
000114449

000117868


23
000119204

000121747
24
000122373

000123916
25
000125043

000127377
26
000127545

000128879
27
000129380

000132049


28
000132217

000134009
29
000135595

000140057
30
000140225

000141725
31
000141893

000145479
32
000145647

000149525
33
000149901

000153737
34
000155448

000159284
35
000159452

000202246


36
000203123

000204998
37
000206251

000209211
38
000209379

000214007
39
000214175

000217678
40
000217846

000220139
41
000221808

000223058
42
000223810

000226937
43
000228648

000229815
44
000230984

000232818
45
000235155

000236864
46
000240952

000242161
47
000320825

000322367


48
000322535

000323660


49
000323828

000325954
50
000326122

000328248


51
000328666

000330500
52
000330668

000332502
53
000333213

000336089


54
000336257

000339218
55
000340929

000342012
56
000342180

000343805
57
000343973

000345724
58
000345892

000348936
59
000349103

000351188
60
000351356

000352606
61
000353483

000355984
62
000356152

000359321
63
000359489

000402032
64
000402200

000403909
65
000404077

000406787
66
000410708

000412501


67
000412669

000415504


68
000415672

000418632
69
000421594

000422761
70
000424013

000425305
71
000433815

000437818
72
000437986

000441530
73
000441698

000444449
74
000447537

000451331
75
000451499

000453125
76
000453293

000455877
77
000458506

000459548
78
000459716

000502134
79
000502302

000503844
80
000505263

000509433
81
000512020

000514771
82
000516524

000519443
83
000521654

000523572
84
000523740

000527826
85
000527994

000530037
86
000531539

000535083
87
000535293

000537210
88
000538212

000540297
89
000541591

000542716
90
000542884

000544426
91
000544594

000546636
92
000546804

000548096
93
000548848

000551016
94
000551184

000552851
95
000553019

000554895
96
000556022

000557522
97
000558274

000601151
98
000601319

000604613
99
000604781

000607574
19
100
000613164

000614289


101
000614457

000615916
102
000616084

000618293
103
000618461

000622422
104
000624008

000627219


105
000627387

000630430
106
000631057

000632516
107
000632683

000635852
108
000636020

000638563

109
000638731

000640107
110
000640274

000642734
111
000642902

000644653
112
000645238

000647489
113
000647657

000650158
114
000650326

000653245
115
000654622

000657290
116
000657458

000659793
117
000701212

000702671
118
000702839

000705298
119
000705466

000708343
120
000709262

000712139
121
000718980

000721523


122
000723401

000725068
123
000725236

000727946
124
000728573

000730699
125
000735121

000736746
126
000736914

000739541
127
000739709

000741293
128
000742336

000746089
129
000746257

000749050


130
000749719

000751344
131
000751512

000753472
132
000753639

000755724
133
000759937

000801646
134
000804192

000805650
135
000806694

000810697
136
000810907

000813116
137
000813284

000814743


138
000815995

000817037
139
000819707

000821917


140
000822084

000824336
141
000824504

000828423
142
000828591

000831635
143
000831802

000834971
144
000835139

000838225
145
000838392

000840602
146
000841812

000844648
147
000844815

000847609


148
000853241

000857244


149
000857411

000858912
150
000859080

000901206
151
000901374

000903792
152
000903960

000906962
153
000908548

000910549
154
000910967

000913426
155
000913594

000915679


156
000916138

000919224
157
000919892

000924145
158
000924313

000927607
159
000927775

000930318


160
000930486

000932779
161
000932947

000936449
162
000938369

000939494
163
000947295

000949045


164
000949839

000953091
165
000953259

000956177
166
000957346

001000890
167
001004312

001006855


168
001007023

001008023
169
001008190

001013028
170
001013195

001015155
171
001015323

001018575
172
001018743

001021536
173
001021704

001024706
174
001024874

001026124
175
001026292

001028043
176
001028210

001031463
177
001034842

001036009
178
001036177

001039054
179
001039764

001041556
15s
180
001045686

001048104
15
181
001048272

001050732


182
001050900

001053610
183
001053778

001056863
184
001059158

001101409
185
001104497

001107165
186
001107333

001108833
187
001109710

001111670
188
001114090

001118760
189
001119595

001122597
190
001126602

001128645
191
001133401

001135735
192
001136320

001138279
193
001138447

001141116
194
001141283

001144744
195
001144912

001148623
196
001149458

001151501
197
001151669

001153712
198
001153879

001155755
199
001155923

001158383
200
001159051

001201553
201
001201762

001204723
202
001204890

001206891
203
001208436

001211938
204
001212106

001213523
205
001213691

001215817
206
001215985

001218278
207
001218446

001220989
208
001222032

001223074
209
001223242

001226286
210
001243012

001244929
211
001246724

001248057
212
001249018

001253104


213
001253272

001255106
214
001255274

001257692
215
001257860

001259861
216
001300738

001302614
217
001302782

001306367
218
001306535

001308369
219
001308537

001311790
220
001312041

001314375
221
001314543

001316586
222
001316754

001319631
223
001319799

001322884
224
001325387

001326596


225
001326764

001328223


226
001328390

001329891
227
001330059

001333228
228
001334063

001337106
229
001337274

001339442
230
001339693

001342320
231
001343948

001345824
232
001346242

001347826
233
001347993

001349369
234
001349537

001352038
235
001353123

001354707
236
001354875

001355875
237
001356043

001358169
238
001404176

001406386


239
001406554

001408680


240
001408848

001410431
241
001413269

001414644
242
001415354

001417897
243
001419608

001422318
244
001422486

001426406
245
001427032

001428032
246
001428200

001431744
247
001431912

001435039
248
001435457

001437625
249
001437793

001440211
250
001442256

001443840
251
001444008

001446843
252
001447136

001448511
253
001449138

001452390
254
001452558

001454183
255
001458188

001500565


256
001501734

001503610
257
001504153

001506738
258
001506906

001508448
259
001508616

001510283
260
001510451

001513953
261
001514121

001518166
262
001524965

001526966
263
001527176

001530553
264
001530721

001531721
265
001538020

001541773
266
001541941

001543608
267
001545527

001548321


268
001549281

001553284
269
001553452

001556829
270
001556997

001601960
271
001605965

001607465


272
001607633

001608925
273
001612137

001613513
274
001613847

001615431
275
001615599

001618226
276
001619144

001620311
277
001621188

001622814
278
001624858

001628361


279
001631615

001633449
280
001633617

001636327
281
001636495

001638830
282
001642334

001644043


283
001644211

001645628
284
001646296

001648506
285
001648674

001651592


286
001653929

001657682


287
001657850

001659767
288
001659935

001702061
289
001707901

001709777
290
001712031

001714198


291
001714366

001715950
292
001716118

001719287
293
001721665

001725209
294
001727254

001729297
295
001729590

001732175
296
001732342

001733551
297
001733719

001736888
298
001738849

001740308
299
001741435

001744687
300
001744855

001748816
301
001748984

001750902
302
001754531

001756741
303
001758243

001759535
304
001759745

001812423
305
001816303

001817428
306
001817930

001820223
307
001820974

001822183
308
001822351

001825186
309
001825354

001827605


310
001827773

001830191
311
001832444

001835154
312
001835656

001837824
36
313
001838492

001840201
314
001840494

001841702
315
001841870

001844664
316
001844832

001846749
317
001847584

001848793


318
001851046

001854590


319
001856969

001859095


320
001859263

001902348
321
001902516

001904392
322
001908188

001911357
323
001916697

001918739


324
001918907

001920449
325
001920617

001923035
326
001923203

001925246
327
001925414

001927665
328
001928125

001931127
329
001933630

001937133
330
001937301

001939218
331
001939511

001943973
332
001944516

001947685
333
001950355

001956152
334
001958447

002000489
335
002001742

002004327


336
002007164

002010124
337
002014213

002016964
338
002018592

002020927
339
002021428

002023846
340
002024014

002025806
341
002025974

002028184
342
002030062

002033022
343
002033732

002036984
344
002039696

002041322
345
002043867

002047703
346
002047871

002049747
347
002049915

002052083
348
002052251

002055294
349
002055462

002058839
350
002100425

002102510
351
002102678

002106055
352
002106223

002108391
353
002109017

002110977
354
002116024

002117775
355
002126952

002129662


356
002129830

002132456
357
002132624

002134542
358
002136878

002139005


359
002139339

002140381
360
002140549

002144093
361
002145137

002146804