1
000003086

000004128


2
000004295

000005754
3
000009509

000011468
4
000011803

000013095
5
000013346

000016181


6
000016558

000019268
7
000019477

000021395
8
000022230

000024690


9
000024858

000027985
10
000028153

000030487
11
000030655

000033615


12
000033783

000035075
13
000036369

000040873
14
000041791

000051884
15
000053303

000055804


16
000057682

000058724
17
000058975

000102061
18
000102520

000104229

19
000109444

000110569
20
000111738

000114323


21
000116493

000119411
22
000119621

000122581
23
000123291

000125751
24
000130799

000132299
25
000132717

000135427
26
000136262

000137971
27
000138848

000141725
28
000141935

000143811
29
000143978

000147106
30
000236447

000238490


31
000238700

000241827
32
000242036

000245205
33
000245582

000246748
34
000246958

000251003
35
000251337

000254506
36
000254716

000257509
37
000258386

000259428
38
000259596

000304266
39
000305018

000308395
40
000308563

000310063
41
000310273

000311732
42
000311941

000314193
43
000316905

000318405
44
000318698

000321742
45
000321993

000324494
46
000324704

000326997
47
000329250

000332294


48
000332503

000335172
49
000338384

000340469
50
000340803

000342971
51
000343181

000345098
52
000347977

000349228
53
000357862

000359238
54
000359822

000402366
55
000402617

000404493
56
000404661

000407454
57
000408539

000410040
58
000412168

000413794
59
000414003

000415629
60
000415838

000417589
61
000417840

000419967
62
000422011

000424263
63
000427183

000429518
64
000435108

000436400
65
000436651

000440237
66
000440446

000443865
67
000444075

000448036
68
000448830

000451248
69
000451457

000454501
70
000455169

000457087
71
000457297

000458755
72
000459465

000501758
73
000504053

000505512
74
000507807

000512185
75
000512395

000516523
76
000516733

000520485
77
000524615

000526158
78
000526367

000529745
79
000530538

000532497
80
000532707

000535959
81
000536169

000538128
82
000538713

000541131
83
000541299

000543800
84
000543968

000547012
85
000547221

000550015
86
000550266

000552809
87
000553394

000555437


88
000556606

000558565
89
000559317

000601193
90
000603529

000605655
91
000606741

000607908
92
000608076

000611620
93
000613748

000618668
94
000623466

000624549

95
000624717

000626676

96
000626928

000628345
97
000628596

000634184
98
000636229

000638397
99
000638606

000641066
100
000641317

000642692
101
000642902

000647572
102
000647824

000649699
103
000649909

000651326
104
000654330

000655914


105
000656082

000657874
106
000658042

000701420
107
000701629

000705382
108
000705633

000707801
109
000709762

000712472
110
000712640

000715892


111
000717520

000719813
112
000720022

000723233
113
000723484

000725068
114
000725319

000729239
115
000733077

000735912

116
000738624

000741543
117
000742253

000743503
118
000746132

000749509
1100
119
000752138

000756141
120
000804317

000807194
121
000809113

000810822


122
000812241

000816703
123
000817538

000819039
124
000825129

000826296
125
000826464

000829174
126
000829342

000831468
127
000833221

000835597
128
000836599

000838683


129
000838893

000842020
130
000842188

000843438
131
000843648

000847192
132
000847401

000849402

133
000851113

000854366
134
000854575

000855992
135
000858496

000859788
136
000908714

000912509
137
000912718

000916846
138
000917765

000919224
139
000920393

000924187
140
000924397

000926273
141
000928109

000932571
142
000933364

000935532
143
000936075

000937075
144
000937910

000939369
145
000940079

000943373
146
000945084

000946418
147
000946627

000949462
148
000950715

000952090
149
000952300

000955135
150
000955469

000956678
151
000956929

000958638
152
000959348

001000640

153
001000808

001002058

154
001005646

001006980
155
001008774

001011067


156
001011319

001014988
157
001015197

001018074


158
001018284

001020952
159
001021370

001023872


160
001024040

001026583
161
001030504

001033340
162
001034675

001037385
163
001037553

001040055
164
001040222

001043600
165
001044644

001048605
166
001050441

001052025
167
001053194

001054944
168
001055154

001058031
169
001058240

001100075
170
001102244

001104287
171
001104538

001106289
172
001106499

001109751
173
001109919

001112379


174
001112588

001114881
175
001115091

001118009
176
001118219

001121846
177
001122139

001123640
178
001123891

001125100
179
001125351

001127227
180
001127478

001131314
181
001132233

001134526
182
001137029

001139114
183
001139865

001143034
184
001146122

001147497
185
001152628

001156214
186
001157883

001200760
187
001202847

001206015
188
001208936

001210520
189
001212148

001215316
190
001215568

001217569
191
001217778

001220655
192
001220865

001224784
193
001225369

001228037
194
001228372

001231166
195
001232168

001235170
196
001235379

001237839
197
001238841

001239841
198
001243262

001245889
199
001246098

001248057
200
001248434

001249934
201
001250728

001252187
202
001254273

001256816
203
001257026

001259736
204
001301030

001304157
205
001304366

001306242
206
001312041

001315168
207
001316629

001318630
208
001319507

001321966

209
001322468

001324385
210
001324637

001327472
211
001327681

001329974
212
001331811

001333144
213
001334230

001337732
214
001343614

001345782


215
001345991

001347575
216
001347785

001349619
217
001349829

001351454
218
001351664

001353122
219
001353749

001355416
220
001356752

001400922
221
001401966

001405718
222
001405928

001409180


223
001410391

001414310
224
001414520

001418815
225
001419066

001420275
226
001420484

001424654

227
001425281

001428408
228
001428617

001429993
229
001430202

001432036
230
001432246

001434414
231
001434665

001436708
232
001438544

001440086
233
001440337

001441880
234
001442089

001445091
235
001445301

001447802
236
001448053

001452307
$400
237
001452516

001454225
238
001455060

001456227
239
001458230

001500648
240
001500858

001502567
241
001502985

001504652
242
001505237

001506696
243
001508908

001510199
244
001513245

001514871
245
001515456

001519500
246
001520794

001522378
247
001524089

001525256
248
001526508

001529052


249
001531472

001533681
250
001533849

001536184
251
001536393

001539938

252
001541482

001544984
253
001546528

001549113
254
001549698

001551783
255
001553911

001556996
256
001557623

001559332
257
001600209

001603920
258
001604129

001605380
259
001605589

001606798
260
001607049

001609717
261
001611845

001615223
262
001615432

001616891
263
001617935

001619185
264
001619353

001623356
265
001624566

001628069
266
001629571

001631447
267
001631657

001633324
268
001638038

001639998


269
001643377

001645628
270
001645838

001647964
271
001648173

001650341
272
001650551

001651718
273
001654722

001656222
274
001656890

001658433
275
001701103

001704897
276
001705232

001709152
277
001710029

001713156


278
001713574

001716117


279
001716326

001717744
280
001717995

001719370
281
001719621

001722081

282
001723000

001725209
283
001726837

001728963
284
001732384

001734177
285
001736430

001739390
286
001739641

001742226
287
001745439

001747356
288
001747608

001750318
289
001751153

001752445
290
001752613

001754280
291
001754490

001757033
292
001759828

001801162
293
001801872

001803414
294
001803624

001806959

295
001807169

001810463
296
001818472

001820598
297
001824812

001827563


298
001830567

001833861


299
001834113

001836114
300
001839743

001842995
301
001849795

001852755
302
001854133

001855716
303
001855968

001857135

304
001857344

001858427
305
001904309

001906269
306
001906937

001910690
317
307
001910983

001912191
308
001914153

001916988
309
001917197

001919907
310
001921326

001922827
311
001927833

001930960
312
001933130

001937425
313
001937718

001940595
314
001940846

001943347
315
001945017

001947185
316
001947394

001950146
317
001951273

001955318


318
001956904

001959113
319
001959323

002002909
320
002003118

002004577
321
002004828

002007705
322
002008332

002010208


323
002010459

002012251
324
002013670

002015963
325
002016173

002017715
326
002022346

002025348


327
002025766

002027433
328
002027643

002029477


329
002029937

002031646
330
002032689

002034357
331
002036610

002040238
332
002040489

002042156
333
002043075

002045618
334
002055379

002056420
335
002056588

002100424
336
002100634

002101884
337
002102052

002104053
338
002104471

002106013
339
002107975

002109558
340
002109726

002111435
341
002111853

002112979
342
002113188

002115106
343
002115315

002116899
344
002120946

002123114
345
002126702

002128119
346
002156398

002158733
347
002207200

002208826
348
002208994

002210494
349
002210954

002212705
350
002212914

002217209
351
002217461

002219170
352
002225052

002227511
353
002231224

002233100