1
000002502

000004086
2
000004254

000008841
1999
3
000009009

000010592
4
000010760

000011969
5
000012137

000015806
6
000015974

000018559


7
000018727

000020185
8
000020395

000022980

32
31

9
000023148

000025816
10
000025984

000027484


11
000027652

000029695


12
000029863

000031989


13
000032157

000034158
14
000034325

000035743


15
000035910

000039371
16
000039539

000044043
17
000044210

000047254
18
000047839

000050090
19
000050258

000052885


20
000053053

000054261


21
000054429

000058057


22
000058224

000100809
23
000100977

000103228
24
000108985

000110861


25
000111029

000112738


26
000112906

000114156
27
000114657

000116492
28
000205583

000206708
29
000206876

000211046
99
30
000213550

000215551
31
000216177

000218303
99
32
000219973

000222432
33
000222600

000224726
34
000224894

000227187
35
000227939

000232317
36
000232485

000234570
37
000234737

000236947


38
000237115

000240075
39
000240785

000243829
40
000243997

000246999
41
000247584

000250460
42
000250628

000253422
43
000253590

000255507
44
000255675

000258844
45
000259012

000301346
46
000302098

000305767
50
47
000305935

000307728
48
000307896

000309646
49
000309814

000312065
50
50
000312233

000314484
51
000316905

000319156
52
000319991

000323785
53
000323995

000325412


54
000325580

000329249
55
000329417

000332127
56
000333129

000335214
57
000335381

000337090
58
000337258

000339843
59
000340595

000343055
60
000343223

000345349
61
000345558

000348393
62
000348561

000351772
63
000351940

000355484
64
000356319

000359404
65
000359572

000401531
66
000404410

000406536
67
000406704

000410165
68
000410333

000413335
69
000413503

000416797
70
000416965

000419967
71
000420134

000421343
72
000421761

000424388
73
000429227

000432396


74
000433439

000434940


75
000435108

000436733
76
000436901

000438610


77
000438778

000441446
78
000441614

000443699
79
000443866

000445867
80
000446035

000447995
81
000449205

000450914
82
000451082

000454793
83
000455712

000458672
84
000459799

000502009
85
000502176

000504136
86
000504721

000507889
87
000510852

000514062
88
000514355

000516857
89
000517483

000519401


90
000519569

000524031
91
000525408

000526825
92
000526993

000529202
93
000529787

000531872


94
000532040

000535042
95
000535209

000538170
96
000538338

000541173
97
000541341

000544217


98
000544385

000548013


99
000548181

000551975
100
000553061

000557397
101
000559400

000601902
102
000602779

000605655
103
000606657

000608950
104
000610953

000614206
105
000615917

000620170
106
000623925

000625008
107
000625176

000627928
108
000628096

000630764
109
000630932

000633934
110
000634102

000635685
111
000635853

000637729
112
000639315

000641942
113
000645405

000649199
114
000649367

000651034
115
000654288

000656164
116
000656332

000659000
117
000659168

000702587
118
000703589

000705048
119
000707385

000708802
120
000710138

000712013
121
000712640

000714349
122
000715685

000717060
123
000719313

000721606
124
000721983

000724109


125
000726696

000728321


126
000728489

000730198


127
000730366

000731908
128
000732452

000734411
129
000738875

000742377
130
000742837

000745505
131
000747133

000750469


132
000752472

000754306
133
000754474

000757976
134
000758144

000800437
135
000801105

000803565
136
000804108

000806776


137
000807987

000809654
138
000809822

000811781
139
000811949

000815535
140
000815703

000819372
141
000819540

000824127
142
000826672

000828465
143
000832470

000834012
144
000834180

000836473


145
000839519

000841895
146
000842063

000845440


147
000846317

000848401
148
000848569

000851321
149
000851489

000853323
150
000906170

000910006
151
000911926

000916221
152
000916389

000918932
153
000920351

000923436


154
000923688

000926523
155
000939620

000942372
156
000944041

000947085
157
000947253

000949754


158
001027460

001029085
159
001029754

001031713
160
001031881

001033548
161
001050316

001052233
162
001055738

001058239
163
001058407

001059949
164
001100117

001103578
165
001103746

001106498


166
001107875

001110752


167
001112129

001114881
168
001116300

001117425
169
001118803

001120303
170
001120471

001122555
171
001122723

001124432
172
001124600

001127852
173
001128646

001130021
174
001132066

001133525
175
001134110

001136486
176
001136654

001139155
177
001139657

001142617
178
001143911

001147914
179
001148082

001149833
180
001150000

001152877
181
001153045

001155338
182
001155506

001158049
183
001200177

001203972
184
001204140

001206558
185
001206726

001209811
186
001211230

001213606
187
001213774

001216234
188
001219613

001220905
189
001222658

001224951
190
001225119

001227287
191
001227455

001229998
192
001230166

001233293
193
001235463

001237005
194
001237757

001239841
195
001252521

001255732


196
001256317

001257942
197
001258152

001259652
198
001301405

001302822


199
001302990

001304949
200
001305159

001306785
201
001307661

001311164
202
001311332

001314459
203
001314627

001317921
204
001318088

001322675
205
001323302

001326054
206
001328599

001330642
207
001331435

001333728
208
001333896

001335313
209
001335481

001337899
210
001338067

001339734
211
001339902

001341945
212
001404134

001406678
213
001407513

001410348
214
001413060

001416020
215
001416188

001419649


216
001434123

001435582
217
001436041

001438585
218
001438752

001442130
219
001443257

001444716
220
001445718

001447510
221
001448679

001451306
222
001451473

001455435
223
001455603

001457687
224
001458981

001500231
225
001500399

001501858
226
001502026

001505069
227
001507114

001510325
228
001510492

001512160
229
001512328

001515038
230
001515956

001519918
231
001520085

001521252
232
001521420

001524631
233
001524798

001528134


234
001528302

001530803
235
001531013

001534724
236
001534892

001536059
237
001536226

001537769
238
001537937

001539604
239
001539772

001542482
240
001548822

001550907
241
001605839

001607757
242
001607925

001610259
243
001610427

001613096
244
001613263

001615974
245
001617017

001619894
246
001621981

001625733
247
001635786

001637704
248
001638580

001640540
249
001646338

001647380
250
001647548

001651843
251
001653262

001654762
252
001655305

001656931
253
001657099

001701728
254
001702980

001706566
255
001706734

001710445
256
001719872

001721956


257
001723250

001725334
258
001726378

001727795
259
001745522

001748441


260
001756283

001758326
261
001759620

001802538
262
001802706

001805458
263
001806376

001808544
264
001808712

001812465
265
001813675

001816302
266
001816512

001818429
267
001824728

001827313
268
001827481

001829440
269
001829608

001831984
270
001834696

001836155
271
001836698

001838616
272
001840494

001843287
273
001843455

001844705
274
001844873

001847917


275
001849628

001851712
276
001851880

001854215
277
001854383

001858261
278
001900556

001902723
279
001906270

001909188
280
001910274

001912567
281
001918282

001921659
282
001921827

001924787
283
001931044

001933212
284
001933380

001936132
285
001936300

001939343
286
001940721

001942138


287
001946310

001949937
288
001954067

001957236
289
001957404

002000364
290
002000532

002004285
291
002005204

002006495
292
002008290

002010917
293
002011084

002014253
294
002017382

002019800
295
002019968

002021344
296
002022346

002024680


297
002025933

002028476


298
002029228

002031604


299
002031772

002033231


300
002033398

002035024
301
002043116

002045284
302
002045744

002049163
303
002049331

002052208
304
002053252

002054877


305
002055045

002056128
306
002056296

002059215
307
002059383

002101968


308
002102135

002105054
309
002105222

002109225
310
002109393

002112895


311
002113063

002116691
312
002118944

002122905
313
002123073

002124240
314
002128704

002130413
315
002130872

002132790
316
002138964

002142758
317
002142926

002145011
318
002145679

002148180
319
002148348

002150641
320
002152394

002155855
321
002157232

002201027