1
000050925

000053177
2
000053344

000056180
3
000056848

000059058
4
000059309

000103020
5
000105190

000107733
6
000109360

000110652
7
000112405

000113822
8
000115283

000118285
9
000118661

000121330
10
000121498

000122956
11
000123124

000125375
12
000126961

000130964
13
000131132

000133258


14
000133426

000134885
15
000136012

000137721
16
000137972

000142768
17
000142936

000144978
18
000146022

000148273
19
000157367

000159326


20
000159494

000200577
21
000200829

000204832
22
000204999

000206250
23
000206417

000209503
24
000210713

000213549


25
000216261

000219972


26
000220140

000223142
27
000224477

000226854
28
000231818

000234444
29
000234612

000236488
30
000236656

000239741


31
000239909

000243370
32
000243538

000245789
33
000247750

000249751
34
000249919

000253297

35
000253464

000255048


36
000258052

000259303
37
000259470

000300971
38
000301139

000303557


39
000303725

000307019
40
000307187

000309062
41
000311065

000312900
42
000313067

000317237


43
000317405

000319281
44
000319449

000321366
45
000321576

000325078
46
000325246

000327748
47
000329709

000331585
48
000331836

000333837
49
000334464

000337174
50
000338051

000339468
51
000340803

000342054
52
000342222

000346934
53
000348228

000349728


54
000349896

000351647
55
000352982

000354316
56
000357695

000400447


57
000400615

000403408
58
000403576

000404993
59
000405161

000407246
60
000407413

000409665
61
000409832

000411917
62
000412085

000413293
63
000413461

000416171


64
000417548

000419466
65
000419968

000421510
66
000421678

000424096
67
000424264

000426431
68
000436025

000437859
69
000439862

000441154
70
000442323

000445784
71
000447412

000449413


72
000450039

000452749


73
000453835

000457254


74
000500091

000501717
75
000501884

000503719
76
000505221

000508640


77
000511978

000514313
78
000519986

000522154
79
000522322

000523530
80
000525700

000527868
81
000528786

000531496
82
000532749

000536376
1979
83
000539464

000542466


84
000542633

000544384
85
000544552

000548055
86
000548222

000551058


87
000551225

000552768
88
000554103

000555520
89
000558524

000601401
90
000601569

000603070
91
000605239

000608367
92
000608534

000611620
93
000614248

000616333
94
000616501

000618835
95
000619295

000620629
96
000620797

000622631
97
000624717

000627135
98
000627303

000630889
99
000631057

000634601
100
000634769

000636853
101
000637855

000640023
102
000640191

000642901
103
000643069

000644903
104
000645071

000647823
105
000647990

000649366
106
000653037

000654871
107
000655039

000656915
108
000703047

000704506
109
000704674

000707467
110
000708469

000712431
111
000712598

000715100
112
000715685

000718645
113
000718813

000721606
114
000723443

000728113
115
000728281

000730574


116
000730741

000732868
117
000735580

000738748


118
000738916

000740000
119
000740168

000743920


120
000744630

000746631
121
000746799

000749509
122
000750636

000752053
123
000752221

000754264
124
000755683

000757559
125
000801272

000803106


126
000803274

000804983


127
000827965

000829341


128
000831511

000833136


129
000835014

000838934
130
000839101

000843522
131
000843689

000845565
132
000845733

000848401
133
000849862

000851821
134
000852365

000855200
135
000855660

000857702
136
000859539

000901248
137
000901415

000904793
138
000904961

000907420
139
000907588

000908880


140
000909048

000911091


141
000912260

000913593
142
000913761

000915929
143
000919600

000921184
144
000922270

000924396


145
000926023

000928191
146
000928985

000932070


147
000932863

000934864


148
000939996

000941538
149
000942498

000945083


150
000946210

000948169
151
000952675

000955176
152
000956262

000958096
153
000959015

001000640
154
001000808

001003768
155
001004979

001007397


156
001017450

001018992
157
001020369

001022954


158
001023122

001025624
159
001025791

001030629
160
001030963

001033506
161
001033674

001034966
162
001036427

001038637
163
001038804

001040639
164
001040806

001043183
165
001044393

001047145
166
001047313

001049981


167
001050149

001052025
168
001052193

001055612
169
001056572

001058406
170
001058574

001101451
171
001101619

001105121
172
001105998

001109334
173
001109502

001112170
174
001112338

001113588
175
001113756

001117717
176
001117885

001120303


177
001120471

001121596
178
001121764

001123473
179
001123641

001125183
180
001128396

001131189
181
001131357

001135485
182
001136112

001137570
183
001137738

001139489


184
001139657

001141366
185
001141534

001145161
186
001145329

001147539
187
001147707

001150166
188
001151585

001155714
189
001156424

001159801
190
001159969

001202262


191
001207852

001209769
192
001209937

001212272


193
001212440

001214482
194
001214650

001217402
195
001217570

001219529
196
001224034

001226327
197
001226495

001228079
198
001228247

001231958
199
001238466

001240341
200
001240509

001242427
201
001246056

001249601
202
001249769

001251060
203
001252104

001254773
204
001257485

001259611
205
001259779

001301196


206
001301363

001303239


207
001303407

001305366
208
001305534

001307035
209
001307203

001308536
210
001309955

001312415
211
001313334

001317712
212
001317880

001321925
213
001323302

001325136
214
001325304

001327555
215
001327723

001331434
216
001331602

001333269
217
001334855

001336815


218
001338776

001339943
219
001340402

001343738
220
001343906

001346449
221
001347493

001348618
222
001348786

001350954
223
001352122

001353915
224
001355251

001357210
225
001357378

001400463


226
001401257

001402632


227
001404385

001406511
228
001406679

001410181
229
001411976

001413977


230
001414937

001417146


231
001418649

001421568


232
001422319

001424821
233
001424989

001427031


234
001431328

001432912


235
001433873

001437166
236
001438002

001441379


237
001441547

001444716
238
001447386

001449262
239
001449430

001451764
240
001453434

001455643
241
001455811

001459230
242
001459398

001500523
243
001503444

001506321


244
001506488

001507488
245
001507656

001509574
246
001509742

001513077
247
001513245

001517457
248
001517958

001519375
249
001519543

001523212
250
001527551

001531137


251
001540105

001541522
252
001543025

001544567
253
001544735

001547987


254
001548155

001551115
255
001551283

001554243
256
001559083

001602627
257
001602795

001604462


258
001604630

001606339
259
001606507

001609300
260
001609468

001610969
261
001611136

001614889


262
001615057

001617725


263
001617893

001620103
264
001620270

001622480
265
001623399

001625692
266
001626652

001628194
267
001628654

001630488
268
001630656

001633908
269
001634076

001636244


270
001636412

001638746
271
001639498

001641249
272
001641417

001643835
273
001645045

001647755


274
001648924

001653386
275
001653554

001657181
276
001657349

001659308
13
277
001659476

001701394
278
001702479

001704981
279
001705149

001707316
280
001707985

001710820


281
001710988

001713990


282
001714158

001716617
911
283
001716785

001718578
284
001720789

001722373
285
001722541

001725043
286
001725210

001727503


287
001731467

001732717


288
001732885

001735678


289
001735846

001739348
290
001739516

001743478
291
001744813

001747482


292
001747649

001750318
293
001751070

001753154
294
001753322

001754530
295
001754698

001756240


296
001756408

001758159


297
001758911

001801370
298
001801747

001805792
299
001807503

001810254
300
001810422

001814008
301
001817679

001819305
302
001820307

001825269
303
001826480

001830399


304
001832945

001835613
305
001835781

001838407
306
001840619

001843371
307
001843539

001845039


308
001845207

001847750
309
001847918

001850461
310
001850671

001855258
311
001855509

001858928
312
001900139

001902140
313
001902307

001904725
314
001904893

001908729
315
001908897

001911065
316
001911233

001912984
317
001917781

001919532
318
001922411

001923870
319
001925664

001927957
320
001931712

001933963
321
001934464

001937049
322
001939595

001941888
323
001942055

001944599
324
001946852

001950563


325
001956653

002000156


326
002000324

002002366
327
002002534

002004994
328
002007080

002010291


329
002011919

002015504


330
002019134

002020676
331
002023180

002025306


332
002025474

002027892
333
002028060

002030394
334
002030562

002034732
335
002036944

002040863
336
002041031

002043407
337
002044618

002048287
338
002049122

002052708


339
002052876

002056587
340
002056755

002059423
341
002107683

002109892
342
002110769

002112270
343
002112521

002114355


344
002120112

002125074
345
002125242

002130329
346
002132874

002137586
347
002137754

002140214
348
002140382

002143175
349
002146346

002150558