1
000005785

000007162


2
000007328

000010832
3
000011040

000013835
20
4
000014002

000016004
5
000016171

000018840
6
000019007

000022177
7
000023511

000025430
8
000025847

000029601


9
000029809

000031728
10
000031895

000034439
11
000034856

000036858
12
000037066

000039861
13
000040028

000042739
14
000042947

000044782
15
000045575

000048203
16
000048870

000050246
17
000050663

000051706
18
000053750

000055502
19
000055668

000058463
20
000058630

000101925
21
000102133

000105220


22
000105428

000108431
23
000114062

000117982
24
000118149

000121236
25
000121444

000123071


26
000123279

000127158
27
000127408

000131287


28
000131454

000134499
29
000136292

000139921


30
000140088

000142215
31
000143299

000146135
32
000148096

000151558
4
33
000152517

000156938

4

34
000157146

000200567

3

35
000240982

000242817


36
000243109

000247196
37
000247363

000248448


38
000248615

000251784
39
000251951

000255997
40
000256623

000300251
41
000300668

000304047
42
000304339

000305673
43
000305840

000308676
44
000308885

000310511
45
000310678

000314140
46
000314682

000318478


47
000318686

000319687
48
000319896

000320980


49
000321147

000325568
50
000325777

000328321
51
000328488

000332867
52
000333034

000337914
53
000338206

000341542
54
000341709

000345588
55
000345755

000349217
56
000349425

000353096
57
000353304

000356099


58
000356349

000358601
59
000400770

000404941
60
000405191

000409237


61
000410405

000412740
62
000412907

000419205
63
000419372

000421708
64
000422458

000427213


65
000427380

000432760
66
000435888

000439434
5
67
000441644

000444939
68
000445148

000447024
69
000449110

000452780
70
000452947

000455324
71
000455491

000457118
72
000457910

000459454
73
000500663

000502457
74
000503124

000505293


75
000505460

000508504
76
000508963

000512967
77
000513134

000517138
78
000517305

000519807
79
000519974

000523102
80
000523269

000526606
81
000526773

000530026


82
000530318

000533321
83
000533488

000537950
84
000538117

000539660


85
000539827

000543164
86
000543331

000544832
87
000544999

000546876
88
000547043

000548544
89
000548711

000552840
90
000553049

000554967
91
000556969

000558679
92
000558846

000601098
93
000601265

000604477
94
000604644

000608648
95
000608815

000611526
96
000616489

000619200


97
000619450

000622370
98
000622620

000624205


99
000624372

000628209
100
000629001

000631003
101
000631212

000634674
102
000635716

000639512
103
000641055

000643850
104
000645560

000646978
105
000647186

000650481
106
000650690

000654402
107
000654569

000656404
108
000656612

000659031
109
000659198

000700658
110
000700825

000703911
111
000704078

000707081


112
000708416

000714714
113
000714881

000718968
114
000719135

000721596
115
000721762

000723431


116
000725933

000728769


117
000728936

000733316

13

118
000733566

000736944
119
000738321

000739780
120
000740031

000743618
121
000743784

000748122


122
000748289

000750875
123
000752919

000756672
124
000756839

000800468
125
000802428

000804096
126
000804263

000808643


127
000809644

000813272


128
000813439

000816567


129
000817318

000818986
130
000820154

000823282
131
000823491

000826869
132
000829664

000833125


133
000833292

000836587
134
000836837

000839173


135
000839340

000843094
136
000844095

000847098
137
000847306

000848349
138
000851018

000852687
139
000852853

000856065
140
000856857

000859860
141
000900027

000903197
142
000903364

000906701
143
000906867

000907994
144
000908160

000911163
145
000911330

000913624


146
000914542

000918462
147
000919380

000923718
148
000925136

000927263
149
000929765

000934061
150
000934228

000937231
151
000937398

000939859
152
000940026

000944405
153
000946407

000949827
154
000949994

000954206
155
000956751

001000629
156
001002256

001006218


157
001006385

001008721


158
001008888

001012725
159
001012892

001015644
160
001015811

001018856
161
001019023

001021609
162
001021776

001023611
163
001023819

001027782
164
001027948

001031285
165
001031452

001034455
166
001034622

001036999
167
001038125

001040377


168
001040544

001042254
169
001042421

001048094
170
001048260

001050096
171
001050262

001053224
172
001053808

001056435
173
001057978

001100314
174
001100815

001107279
175
001107488

001110032
176
001110282

001113828


177
001113994

001115955
178
001116330

001120167
179
001120334

001125339

10

10
180
001125506

001128050
181
001128676

001131387
182
001131679

001134890
183
001137601

001141897
184
001142523

001144900
185
001146318

001150364


186
001151490

001153200
187
001153367

001156245
188
001156412

001158873
189
001159290

001203210
190
001203377

001207298
191
001207464

001210843
192
001211010

001213554
193
001213721

001217850


194
001219393

001222563
195
001226650

001228611
196
001228777

001230696
197
001230863

001232448


198
001232615

001234033
199
001234200

001237578


200
001237995

001240706
201
001240873

001242208


202
001244585

001249006


203
001249423

001253219


204
001253385

001255930
205
001258766

001301602
206
001301810

001303771


207
001303938

001306148


208
001306315

001307691
209
001313948

001315032
210
001315199

001318077
211
001318244

001321038


212
001324500

001326752


213
001326919

001329755
214
001329964

001331215


215
001331423

001334969
216
001335135

001338013


217
001338180

001341558


218
001342351

001347064


219
001348649

001352403
220
001352569

001354738


221
001354947

001359743


222
001401078

001403539
223
001403706

001406375


224
001406542

001409545
225
001409795

001414049
226
001414216

001415926
227
001416093

001419972
228
001420180

001424435
229
001424810

001427855


230
001428063

001431734
231
001433694

001435904
232
001440034

001442202
233
001443704

001445205


234
001445372

001446957
235
001447207

001449710
236
001452755

001455090
237
001457092

001459887


238
001501722

001503557
239
001503724

001506560
240
001506769

001508729
241
001509897

001514026
242
001514276

001515652
243
001515861

001519656
244
001520574

001522743
245
001522910

001524411
246
001524578

001527247
247
001527414

001529458


248
001529625

001531835
249
001537800

001540969
250
001541178

001543847
251
001544473

001547267
252
001547434

001548769
253
001548936

001552940

Righty0

254
001553148

001557694
255
001557903

001602533
256
001602783

001603951


257
001604159

001608038
258
001608288

001611458
259
001611625

001614711
260
001614878

001616213
261
001617047

001621385
262
001621552

001625389
263
001625556

001628892
264
001629059

001632229
265
001632855

001634773
266
001634940

001638360
267
001638569

001641029
268
001641196

001643073
269
001643240

001645492
270
001645659

001648412
271
001648620

001651540
272
001651707

001654418
273
001654585

001657588
274
001657880

001702342


275
001704428

001709433
276
001709600

001715314


277
001715481

001717191
278
001717399

001720235
279
001720402

001723489


280
001723697

001726783
281
001726992

001730204
282
001730370

001733957
283
001734833

001738003


284
001738170

001740547
285
001740756

001742716
286
001746094

001747346
287
001749223

001753977
288
001754144

001755812
289
001755979

001758690
290
001800192

001802694
291
001802861

001804404
292
001805531

001808951
293
001809409

001810911
294
001811078

001813455
295
001813830

001817834
296
001818043

001821338
297
001821505

001827511
298
001827678

001830347
299
001830514

001833016
300
001833433

001835644
301
001836436

001839273
302
001839439

001842150
303
001842359

001845821
304
001846738

001849866


305
001850784

001852661
306
001855038

001857124
307
001857958

001900002


308
001900210

001903964
309
001906341

001911597
310
001911972

001915809
311
001915976

001918312
312
001918478

001920439
313
001920606

001924568
314
001924735

001929823


315
001930073

001933118
316
001933285

001934828


317
001936288

001938582
318
001938790

001941126
319
001941376

001942836
320
001943003

001945922
321
001946131

001948508
322
001948675

001950761
323
001950927

001953388
324
001953555

001957225
325
001957434

001958769


326
001959019

002002898
327
002003065

002004816
328
002005025

002006818
329
002007027

002009863
330
002010739

002015661
331
002020040

002022167
332
002022918

002025837
333
002026463

002030050


334
002030300

002032844


335
002034888

002038266
336
002041186

002043939
337
002044606

002047943
338
002054491

002056576


339
002056743

002059705
340
002059913

002102082
341
002103500

002106378
342
002107003

002109756
343
002109923

002112050


344
002112259

002116596


345
002116763

002117848
346
002118056

002122102
347
002127065

002129651
348
002129860

002134781
349
002135031

002138452


350
002138618

002142372
351
002145792

002148462