1
000005422

000007548
2
000007716

000011635
3
000011803

000014972
4
000015140

000017474
5
000018059

000021061
6
000022188

000024273
7
000024482

000027526
8
000027694

000030654
9
000030864

000034491


10
000036369

000039455
11
000039622

000042416
12
000043084

000045586
13
000045754

000050841
14
000051051

000053969
15
000054179

000056305
16
000059517

000101685
17
000101853

000104438
18
000104606

000108901
19
000110195

000113947
20
000115867

000119495
21
000120872

000123749


22
000123917

000125501
23
000125668

000128462
24
000128630

000133675
6
25
000133843

000136678
26
000138556

000140724


27
000231067

000233318
28
000233486

000236530
29
000236698

000239074
30
000239242

000241285
31
000242078

000244788
32
000247208

000249126
33
000249335

000250460
34
000250628

000253714
35
000253882

000256258


36
000256467

000258343
37
000303266

000306476
38
000311316

000313358
39
000313568

000316612
40
000316946

000318238


41
000318406

000320782
42
000320950

000325329


43
000325538

000328749
44
000329375

000331919
45
000332086

000337966
46
000339010

000341637
47
000341804

000343347
48
000345600

000347684


49
000347852

000350229
50
000353900

000356109
51
000356319

000357736
52
000359656

000402282


53
000402492

000405327
54
000405495

000409206
55
000412085

000414044
56
000414545

000418590
57
000418800

000420634
58
000420802

000422219
59
000423054

000424721
60
000424889

000427724
61
000427934

000431937
62
000436943

000440153
63
000440446

000442322
64
000442699

000445033
65
000445201

000447619
66
000449789

000452291


67
000452458

000455836
68
000456462

000500465


69
000500675

000503218
70
000504345

000507264
71
000507473

000509808


72
000509976

000512227
73
000512395

000513770
74
000514063

000518066
75
000518818

000522112
76
000522322

000526158
77
000526367

000529119


78
000529329

000532664
79
000532832

000536501
80
000537962

000540172
81
000540340

000544301
82
000544469

000547763
83
000550016

000553810
84
000553978

000556688
85
000556898

000600525


86
000600693

000602152
87
000602362

000605447


88
000608701

000610994
89
000611496

000615248
90
000615416

000617334
91
000618461

000620837
92
000625259

000626843
93
000627011

000630555
94
000630723

000632974
95
000633976

000637938
96
000638648

000642484


97
000642735

000644903
98
000648241

000651576
99
000651786

000654871
100
000655081

000656832
101
000656999

000701420
102
000703381

000705465


103
000705633

000708802


104
000708970

000711471
105
000711639

000716601
106
000716769

000720021
107
000720481

000722232
108
000723651

000726111
109
000726279

000729322
110
000729490

000731908
111
000732994

000736788
112
000736956

000740667


113
000744589

000748550
114
000748718

000751303
115
000751637

000757559
116
000758895

000801813
117
000801981

000806318
118
000806486

000811490


119
000811657

000814201
120
000814410

000818371
121
000825755

000827547


122
000827715

000830926
123
000831093

000834554
124
000834722

000836890


125
000837058

000839267
126
000839435

000840810
127
000840978

000844397
128
000846567

000848902
129
000849946

000851780


130
000854116

000857160
131
000857370

000900497
132
000902708

000906044


133
000909757

000913593


134
000913761

000918181
135
000918349

000921685
136
000921894

000926565
137
000926732

000930151

138
000932989

000936908


139
000937076

000940787
140
000940997

000943707
141
000945001

000947210
142
000947420

000950255
143
000950423

000954759
144
000954927

000959055
145
000959265

001001600
146
001003144

001006229
147
001006439

001008815
148
001008983

001011276
149
001011444

001013862
150
001015489

001017115
151
001017783

001019784
152
001022121

001024205
153
001025499

001028501
154
001031047

001033381
155
001033549

001037886
156
001038095

001041348

157
001042016

001045644
158
001045811

001048521
159
001048689

001050607
160
001050775

001053068
161
001053277

001055945
162
001056113

001058615
163
001058824

001102160
164
001102328

001106581
165
001106791

001110377
166
001113005

001115840
167
001116050

001119344
168
001119512

001122138
169
001122306

001124641
170
001124809

001130021
171
001131524

001133608
172
001134151

001137278


173
001138531

001140073
174
001145496

001147706
175
001147873

001150583
176
001150751

001154671
177
001155965

001200677
178
001201512

001205223
179
001212857

001214649
180
001214817

001218737
181
001219864

001222449
182
001222616

001225744
183
001225911

001229622
184
001231167

001233960
185
001234920

001238214
186
001238382

001242343
187
001242553

001245054
188
001245598

001249392
189
001250936

001252353
190
001252563

001257525
191
001257777

001300069
192
001306160

001309037
193
001309205

001311790
194
001311957

001314793
195
001314960

001318880
196
001321175

001324093
197
001324428

001326346
198
001328098

001330892
199
001331060

001334896
200
001335815

001339108

201
001341654

001345698
202
001349161

001351454


203
001351622

001355542
204
001355709

001357627
205
001358128

001400255


206
001403008

001407011
207
001414562

001417856
208
001418065

001420483
209
001420693

001422402
210
001424947

001427073
211
001427283

001430869
212
001433622

001438668
213
001438836

001442505
214
001442673

001446885
215
001447052

001448928
216
001449096

001451973
217
001452141

001454726
218
001455811

001458354
219
001504528

001508197
220
001508407

001511117
221
001511285

001513870
222
001514079

001517916
223
001518584

001520293
224
001520920

001523588
225
001524173

001527091
226
001528469

001532430
227
001532598

001536684
228
001536852

001540355

229
001544026

001546736
230
001546904

001550114


231
001550324

001553242
232
001553786

001555995
233
001556205

001558081
234
001558248

001602710
235
001604546

001608549
236
001608759

001611386
237
001611637

001613388
238
001613597

001618726
239
001618894

001621854


240
001622022

001625608
241
001625776

001628403
242
001628612

001632115
243
001632449

001635326
244
001635494

001637954
245
001639790

001643292
246
001648257

001653970
247
001654179

001658349
248
001700019

001702437
249
001702646

001706107
250
001706316

001710153
251
001710362

001712905
252
001713073

001715950
253
001716160

001717201
254
001717411

001721372


255
001724501

001727336


256
001727504

001730882
257
001731050

001735136
258
001742394

001744729
259
001744897

001749108
260
001749276

001753821
261
001753989

001756240
262
001810005

001812048
263
001815177

001817929
264
001818138

001822600
265
001825187

001828106
266
001828315

001831359
267
001831527

001835613


268
001835823

001839200
269
001839368

001844038
270
001846875

001850670


271
001850838

001854632
272
001854800

001858803
273
001858971

001902473
274
001904643

001908104
275
001908272

001910690


276
001912067

001916612
277
001916864

001919073
278
001919283

001921117
279
001924872

001928166
280
001928333

001930585
281
001930752

001934380


282
001934548

001938259
283
001938427

001941429
284
001941638

001943973
285
001945851

001947476
286
001947644

001951063
287
001951231

001954442
288
001954610

001957486
289
001957696

002000156
290
002000365

002002325
20
291
002002534

002006704
292
002006872

002010791
293
002010959

002015796
30%
294
002018217

002019759
45
295
002021136

002022970
296
002025515

002027475
297
002027643

002031354
298
002032814

002037318
299
002039363

002043074
300
002045285

002047328


301
002047537

002049956


302
002050165

002053084
303
002054670

002056587


304
002056797

002058506


305
002059049

002101926
306
002104388

002106806


307
002107015

002108307
308
002108517

002111310
309
002113563

002115356
310
002119528

002122822


311
002122990

002125366
312
002129204

002131664
313
002143302

002148306
314
002148473

002151225
315
002151435

002156314
316
002157190

002202278
317
002202529

002205072


318
002205240

002207158
319
002207326

002210703
320
002211288

002212705


321
002212914

002216250
322
002220464

002222381
323
002222591

002227636
324
002228347

002230139
325
002230640

002233768
326
002235645

002240483
327
002245614

002247782


328
002247949

002251660
329
002251828

002255581


330
002255957

002259919
331
002302047

002304298
332
002304508

002308260
333
002309638

002311847
334
002312015

002315601
335
002319648

002321774
336
002322234

002323818
337
002323985

002326821
338
002327531

002328989
339
002329157

002331742
340
002331910

002334328
341
002334663

002337623


342
002337791

002340876
343
002342254

002345172
344
002348051

002351262


345
002351471

002355975
346
002356143

002400521
347
002406069

002409155
348
002420584

002424253


349
002424463

002425963


350
002426173

002428007


351
002430093

002433679
352
002433847

002437391
353
002437601

002441103


354
002442147

002443689
355
002443899

002447401
356
002447569

002452239


357
002453617

002456577


358
002458914

002501749
359
002502417

002507129