1
000002502

000003794


2
000004587

000007006


3
000007173

000008507


4
000008675

000010092
5
000010969

000012344
6
000012512

000015639
7
000015807

000020477
8
000021146

000023689


9
000023857

000026567
10
000026735

000028736
11
000028903

000030821


12
000031489

000032948


13
000033116

000034241


14
000034409

000035492


15
000035660

000037619
16
000037787

000039204
17
000040081

000042958
18
000044044

000047713
19
000048173

000049923


20
000050091

000051258
21
000051426

000055387
22
000055555

000057056
23
000057223

000059725


24
000059893

000101351
25
000101561

000103520
26
000103688

000106398
27
000106983

000109443
28
000109611

000112279
29
000153238

000155989


30
000156157

000159493
2030
31
000159661

000204706
32
000204874

000207042
33
000207210

000210754
34
000210922

000215843
35
000219347

000223183
36
000224936

000226687


37
000227272

000231024
38
000233236

000236530


39
000236823

000238031
40
000238199

000241952
41
000244539

000246832
42
000247000

000249626
43
000250920

000253338


44
000253506

000255382
45
000257468

000259303
46
000259470

000300804
47
000300972

000303765
48
000305310

000306643
49
000306811

000308979
50
000309147

000310689


51
000310857

000312858
52
000314152

000315694
53
000315862

000318780


54
000318948

000321491
55
000322160

000326330


56
000333922

000336089


57
000336841

000339551
58
000339719

000341470


59
000341638

000343013
60
000343181

000344973
61
000347518

000350479
62
000351189

000353148
63
000353316

000355609
64
000355777

000357819
65
000359447

000401740
66
000401908

000404076
67
000404244

000406954
68
000407121

000408580
69
000408748

000412542
70
000413211

000416838
71
000417006

000420217
72
000420385

000421843
73
000422011

000424680
74
000424889

000426348
75
000427475

000429268


76
000429435

000432646
77
000432814

000435774
78
000435942

000438652

79
000438820

000442572
80
000442740

000446743
81
000447578

000450080
82
000455545

000457754
83
000457922

000459756


84
000503469

000506763
85
000512562

000514771
86
000514939

000517274
87
000517442

000519401
88
000520737

000524281
89
000524449

000528910
90
000529078

000530287
91
000530455

000533915
92
000535793

000538086
93
000539881

000541965
94
000542133

000545052
95
000545219

000548013
96
000548389

000551516
97
000551684

000555062
98
000555313

000556396


99
000556564

000600525
100
000601944

000604196
101
000604655

000606323
102
000607325

000609493
103
000609911

000612245


104
000616793

000619336
105
000619504

000621463
106
000621923

000623173
107
000629597

000632015
108
000632809

000636478
109
000639899

000640941
110
000643027

000646279
111
000647073

000650200
112
000650368

000652494
113
000652662

000653829
114
000653996

000657833
115
000658501

000700043
116
000700211

000703088
117
000703256

000704965
118
000705466

000706925
119
000707301

000710971
120
000711139

000714182
121
000714350

000716476
122
000716644

000720522
123
000723401

000725318
124
000730241

000731867
125
000733327

000734953
126
000735121

000741460
127
000747341

000749509


128
000750052

000751678


129
000751846

000753930
130
000754098

000757267
131
000757435

000758768
132
000801939

000803523
133
000803691

000805692
134
000805860

000808737
135
000820500

000821833


136
000822001

000823418
137
000823628

000826880
138
000827048

000829257
139
000829425

000831134
140
000831302

000833470
141
000833638

000834804
142
000834972

000836723
143
000836891

000838642
144
000838809

000839935
145
000852657

000855575
146
000857328

000859287
147
000859664

000901039
148
000902166

000904876
149
000905044

000907295
150
000907463

000910799
151
000910967

000913635
152
000913803

000916096
153
000916264

000919474
154
000919642

000922978
155
000923312

000926064
156
000926232

000929651
157
000930736

000933154
158
000933322

000935615
159
000935866

000938368
160
000938536

000940662
161
000940830

000943623
162
000944292

000946876
163
000947044

000951673
164
000951841

000956636
16
165
000956804

000959598
166
001000349

001002559
167
001002727

001004728
168
001005771

001007439
169
001010067

001011568


170
001011736

001014904
171
001015072

001016823
172
001018701

001020952
173
001023289

001025582
174
001025750

001027751
175
001027918

001029628
176
001029795

001032964


177
001033132

001035175
178
001035343

001038928


179
001040848

001042223
180
001042850

001045435
181
001046062

001048188
182
001052151

001054444
183
001054612

001058114
184
001059492

001100950
185
001104497

001106373
186
001106540

001109751
187
001109919

001114464
188
001115633

001116800
189
001116967

001119886
190
001120054

001123139
191
001123307

001126476
192
001126644

001127686
193
001127853

001133775
194
001133943

001137362
195
001139532

001142617
196
001142785

001147038
197
001152420

001154879
198
001156507

001157841
199
001159593

001200802
200
001200970

001204681
201
001204849

001206683
202
001206851

001208685
203
001210354

001213106
204
001217820

001220196
205
001220364

001224075
206
001225411

001226703
207
001228330

001230498
208
001230666

001232584
209
001232752

001235712
210
001235880

001238298
211
001238466

001241718
212
001241886

001244137
213
001245222

001248308
214
001248476

001249893
215
001253439

001256649
216
001257526

001300737
217
001300905

001303198
218
001304450

001306868
219
001307036

001309037
220
001309205

001312582
221
001314001

001317962
222
001318756

001322592


223
001326889

001327972
224
001328140

001330600


225
001330768

001334187
226
001336273

001339484
227
001339652

001342111
228
001342279

001344447
229
001345449

001347367
230
001347785

001349828
231
001349995

001352372
232
001352957

001358211
233
001358379

001359921
234
001400089

001403132
235
001405678

001407345


236
001407513

001409556
237
001409723

001412809


238
001413310

001415854
239
001416021

001418314
240
001418482

001420316
241
001421318

001423778
242
001423946

001426197
243
001427616

001428867
244
001429034

001433204
245
001433372

001435206
246
001435374

001439836
247
001440004

001444591
248
001445968

001449262
249
001449680

001453099
250
001453267

001456019
251
001456186

001459522
252
001459690

001502191
253
001502359

001504986
254
001508449

001510116
255
001514330

001515914
256
001516081

001518708
257
001521128

001523379
258
001523547

001525131
259
001527885

001529886


260
001530721

001534015
261
001534183

001536559
262
001538938

001541230
263
001543442

001547403
264
001550157

001551699
265
001552618

001553910
266
001554078

001556079
267
001556580

001558373
268
001600125

001603086
269
001606340

001607674
270
001607841

001610301
271
001610469

001611678
272
001611845

001615431
273
001616225

001618101


274
001623691

001625233
275
001628654

001630571
276
001632074

001634784
277
001634952

001637745
278
001637913

001639038
279
001639206

001643126
280
001643293

001645920
281
001646088

001648798


282
001651427

001653386
283
001655889

001657932
284
001659309

001702687
285
001704314

001705857
286
001706483

001709318
287
001709486

001711738
288
001716201

001717368
289
001718912

001720663
290
001720831

001723833
291
001724001

001725501
292
001726670

001728212
293
001728714

001731382
294
001731550

001733843
295
001734011

001737597
296
001737765

001739515


297
001739683

001743061
298
001745314

001748941
299
001749109

001751235
300
001751403

001753654
301
001753822

001756324
302
001801330

001802580
303
001803457

001804665
304
001805459

001810505
305
001810672

001812632
306
001812800

001816010
307
001816720

001818221
308
001818388

001821307
309
001821475

001823935
310
001824103

001829190
311
001830359

001832568


312
001835739

001837657
313
001839660

001841202
314
001841912

001845706
315
001846291

001848126
316
001853423

001856092
317
001906436

001908396


318
001909857

001912400
319
001912568

001914610
320
001914778

001917446
321
001917614

001921117
322
001921285

001922577
323
001925706

001927957
324
001928125

001929208
325
001934715

001936966
326
001937134

001938676
327
001945058

001947727


328
001950647

001952106
329
001952274

001955693
330
001957571

002000489
331
002000657

002003117
332
002004870

002007163
333
002007331

002011834
334
002012002

002014921
335
002015088

002017840
336
002018008

002022595
337
002023972

002025598
338
002026266

002028351
339
002029311

002031187
340
002032439

002034482
341
002034775

002038027
342
002038195

002039946
343
002040656

002043699
344
002043867

002046285
345
002047037

002048162
346
002049081

002050706
347
002051291

002052875
348
002053043

002054669
349
002055712

002057964
350
002058131

002059757
351
002059925

002102677
352
002107724

002109850
2030
353
002110018

002113271
354
002113438

002115564
355
002115732

002119235
356
002119403

002121612
357
002121780

002124198
358
002127286

002132164
359
002133583

002136085
360
002137546

002139297