1
000003878

000007423
2
000007590

000010676
3
000011261

000013595
4
000014556

000018142
5
000018309

000022896
6
000023565

000027026
7
000028486

000033323


8
000034325

000036702
9
000039247

000041665
10
000041833

000043876
11
000050550

000054303
12
000054929

000059099
13
000140141

000145312
14
000147774

000151276
15
000151861

000156365
16
000156533

000200869
17
000201037

000202996
18
000203748

000208460
19
000211131

000212965
20
000213216

000217177
21
000217345

000221306
22
000222058

000226353


23
000227272

000229523
24
000231234

000235070


25
000237657

000239658
26
000239826

000241118
27
000241286

000246540
28
000246708

000248500
29
000248668

000251211
30
000251379

000253505
31
000254090

000256133
32
000258094

000301513
33
000301681

000304391
34
000304642

000308145
35
000308313

000313108
36
000313276

000314651
37
000320283

000322868
38
000324245

000328749
39
000328917

000331877
40
000337926

000340344
41
000341262

000345265
42
000345808

000350687
43
000350855

000352689
44
000355360

000358946


45
000359739

000402032
46
000403910

000407496
47
000412043

000415254
48
000415505

000418298
49
000419342

000422719
50
000423846

000426431
51
000426599

000428809
52
000429727

000433480
53
000433648

000436316
54
000437193

000440028
55
000440238

000442781
56
000443032

000446326
57
000446494

000447953
58
000448955

000449997
59
000456045

000458755
60
000458923

000503885
61
000508599

000510517


62
000510768

000512477
63
000516149

000517524
64
000517692

000521737
65
000521904

000524656


66
000524824

000526283
67
000526451

000528869
40
68
000529746

000533874

69
000535043

000537210
70
000537378

000540464
71
000540631

000541757
72
000541966

000545552
73
000546346

000548889


74
000549057

000552392
75
000554854

000556146
76
000559650

000601360
77
000608576

000609993
78
000610161

000611995
79
000614957

000616166


80
000620630

000624091


81
000632475

000635143
82
000644821

000646279
83
000646447

000650283
84
000652328

000655580


85
000657458

000659835


86
000700920

000703463


87
000703673

000705424
88
000709679

000713723
89
000713933

000715684
90
000717979

000719354
91
000722024

000723733
92
000724444

000727487
93
000728072

000729573
94
000730074

000731658
95
000733870

000737164
96
000746799

000748717
97
000759145

000800687
98
000807195

000808778
99
000809947

000811907
100
000812783

000815452
101
000818956

000822584
102
000824086

000828131
103
000828299

000830425
104
000831594

000833386
105
000837683

000839184
106
000843064

000844648
107
000844857

000850070
108
000850696

000855909
109
000859747

000904251
110
000907255

000909548
111
000909882

000914052
112
000923104

000924604
113
000926566

000928066
114
000930278

000931987
115
000944959

000947586
116
000948754

000950338
117
000951966

000953258


118
001004937

001006438


119
001006606

001008189


120
001008357

001011735
121
001011944

001014696
122
001016699

001020577
123
001022455

001024080
124
001024248

001028168
125
001029587

001032380
126
001032590

001034758
127
001034967

001037177
10
128
001037345

001039596
129
001039764

001041848
130
001043726

001044768
131
001044935

001047437
3

132
001047605

001051066
133
001052443

001054778
134
001101327

001103953
135
001104622

001108208


136
001113047

001114297
137
001114465

001117676
138
001117843

001119219
139
001120388

001122097
140
001123557

001125016
141
001127645

001131147
142
001132650

001133983
143
001138197

001142325


144
001142493

001145453
145
001146372

001148748
146
001148916

001150792
147
001150960

001153586


148
001156507

001200135
149
001200302

001202554
150
001203013

001205473


151
001205933

001207976


152
001208144

001212564
153
001216152

001217485
154
001218195

001220196
155
001220364

001222490
156
001222658

001225702
157
001227913

001229497
158
001230374

001232208
159
001234628

001239716
160
001250311

001252604
161
001252772

001254272
162
001254523

001257400


163
001257693

001301279


164
001301530

001305158


165
001305326

001306576
166
001306827

001308077


167
001308287

001311456
168
001312041

001313082
169
001316128

001317462
170
001317713

001320715
171
001321258

001324636


172
001326013

001327430
173
001331393

001333895
174
001335105

001338066
175
001338234

001341528
176
001341695

001344697
177
001344865

001349536
178
001350329

001353414
179
001353624

001355375


180
001355543

001358253
181
001403551

001406427
182
001406637

001407762
183
001407972

001411391
184
001412685

001415603
185
001415771

001419232


186
001419400

001422318
187
001422486

001426114
188
001427950

001429200
189
001429577

001430827
190
001431245

001434038
191
001434206

001437667
192
001437918

001441004
193
001442381

001444340


194
001444592

001447468
195
001448554

001452056
196
001453142

001454309


197
001454476

001457061
198
001505988

001508573
199
001509158

001511284


200
001511493

001514162


201
001515122

001517248
202
001517458

001520209
203
001523547

001527008
204
001528344

001530261
205
001530429

001532388
206
001534350

001536100
207
001536268

001538978


208
001539188

001542106
209
001544652

001547403
210
001550199

001552283
211
001552451

001557080
212
001557247

001559207


213
001559458

001604295
214
001611720

001614222
215
001614473

001616057
216
001618394

001620937
217
001621188

001622981
218
001623816

001626734


219
001632616

001633866
220
001634076

001636327
221
001641417

001644544
222
001648215

001650299
223
001652469

001655013
224
001655222

001657890
225
001659435

001702895
226
001707860

001711070


227
001731341

001734260
228
001735137

001737013
229
001738098

001739599
230
001748692

001752028


231
001752196

001754030


232
001754198

001756991


233
001759578

001804540
234
001809213

001811005
235
001811924

001814133
236
001819640

001822433
237
001825104

001827647
238
001827856

001831901


239
001832069

001833528
240
001835864

001838116
241
001838826

001842787
242
001843705

001847333
243
001847584

001849210
244
001849461

001852505
245
001852756

001856092
246
001856343

001858845
247
001859054

001901889
248
001904643

001906352
249
001906562

001909814
250
001911441

001913442
251
001913610

001917155
252
001917823

001919866
253
001920117

001922160
254
001922327

001925454


255
001925706

001927123
256
001928375

001932712
257
001934298

001936799


258
001937009

001939093
259
001939261

001941929


260
001942139

001944807
261
001945017

001948561
262
001949104

001950688
1939
263
001950898

001952982
24
25
264
001953150

001956110
265
002001575

002004785
266
002004953

002005995
267
002008999

002010917
268
002016465

002017506
269
002017674

002018716


270
002018884

002021969


271
002022179

002025431
272
002025599

002029685
273
002030938

002032355


274
002033732

002037485


275
002037694

002040655
276
002040822

002042573


277
002045869

002047245


278
002050415

002052416
279
002053835

002055253
280
002057464

002058965
281
002100842

002103719


282
002104137

002105179
283
002108433

002111060


284
002112312

002114939
285
002122906

002124782
286
002127202

002131789


287
002132541

002135084


288
002136503

002138296
289
002138463

002141090
290
002143552

002146095

