1
000002836

000005212
2
000005380

000007089
3
000007257

000010718
4
000010885

000012803
5
000013972

000015347
6
000015515

000018517
7
000018685

000019768
8
000019936

000022479
9
000022647

000025441
10
000026526

000028861
11
000029696

000032990


12
000035326

000036326


13
000036494

000039496


14
000039664

000042041
15
000042208

000045711
16
000048631

000050841
17
000051551

000052843
18
000133927

000136345
19
000136513

000137846


20
000138014

000140641


21
000140809

000144019
22
000144187

000148857
23
000150693

000151693
24
000151861

000154696
25
000156116

000159660
26
000203331

000205207


27
000205375

000206667


28
000206835

000208377


29
000208545

000210379
30
000212090

000213882
31
000219597

000221181


32
000221349

000223308


33
000223476

000226061


34
000231359

000234945
35
000235113

000236947
36
000238575

000239700
37
000239868

000242828
38
000242996

000245831
39
000246499

000250085


40
000251045

000252588
41
000252755

000256592
42
000259304

000302639
43
000302807

000304057
44
000304225

000307186
45
000307812

000311148


46
000312025

000314484
47
000314652

000316403
48
000316571

000317905
49
000318072

000321825
50
000324787

000327497
51
000327665

000329249
52
000329417

000333587
53
000334339

000335756
54
000337425

000338425
55
000340428

000342846
56
000343014

000346725
57
000347435

000350062
58
000351022

000353941
59
000356778

000358403
60
000358571

000402658
61
000402825

000405118
62
000405286

000407704
63
000409999

000411667
64
000413253

000414670
65
000414837

000416338
66
000416506

000419591
67
000419759

000421093
68
000421970

000425889
69
000426057

000428308
70
000428476

000430143
71
000430311

000432980
72
000435024

000437067
73
000437735

000441405
74
000442365

000443782
75
000444409

000447160
76
000448162

000449621
77
000450164

000452207
78
000452375

000455544
79
000456629

000458505


80
000501301

000503093

6

81
000503261

000505220
82
000505471

000508348
83
000508516

000512311
84
000512979

000515105
85
000515273

000517107
86
000518484

000520819


87
000520987

000524156
88
000524324

000527326
89
000530163

000531204
90
000534459

000536752
91
000544385

000547471
92
000547638

000549473
93
000549640

000552559
94
000552727

000555645
95
000555813

000600942
96
000601110

000602903
97
000603071

000606239
98
000606407

000608408
99
000608576

000612329
100
000613998

000615791
101
000618628

000622339


102
000629013

000631890
103
000632058

000633934
104
000634102

000637437
105
000640358

000641608
106
000644654

000646279
107
000646447

000648824
108
000648991

000652202
109
000652995

000657332
110
000658584

000700919
111
000701087

000702087


112
000702255

000704089
113
000704257

000707467
114
000708636

000710470
115
000712473

000714182
116
000714350

000717561
117
000717728

000720605
118
000720773

000723483
119
000723651

000725110
120
000725278

000728822


121
000730283

000731950
1920s
122
000732118

000735620
123
000735788

000737414
124
000737582

000741835
125
000743671

000745589


126
000747216

000748550
127
000749719

000751970
128
000753556

000755807


129
000756225

000757851
130
000758561

000800061
131
000800229

000802481
$10
132
000804317

000806485


133
000806652

000808778
$8000
134
000809822

000813408

8

$10
135
000814160

000816411


136
000816579

000819206
137
000819373

000822334


138
000823377

000825712
139
000825880

000828381
$10
140
000828549

000831843
141
000832011

000834221
142
000836474

000838725
$1
143
000841312

000844481
144
000844857

000846191
145
000847318

000850946


146
000852114

000854241
147
000854408

000857327
148
000857495

000859746
149
000859914

000903375


150
000904418

000908255
151
000908422

000911716
152
000911884

000916179
153
000916347

000917556
154
000917723

000920850
155
000921978

000924604
156
000924772

000927232
157
000927400

000929401
158
000931946

000934364


159
000936325

000938785
160
000939787

000942831


161
000944542

000947210
162
000947378

000949337
163
000949505

000951464
164
000951632

000956011
165
000956804

000959931
166
001000099

001001182
167
001001809

001003059


168
001003227

001004811
169
001005938

001009149
170
001009317

001011985
171
001015906

001017866


172
001018034

001021369
173
001021537

001023371


174
001025791

001030670
175
001032715

001034758
176
001036719

001039596
177
001040473

001042057
178
001042850

001045185
179
001045353

001048521
180
001056864

001058948
181
001059450

001102327
182
001103454

001105664
1920s
183
001105831

001108166
184
001108334

001109918
185
001110086

001111294
186
001115508

001118051
187
001124100

001125475
188
001125726

001127060
189
001127978

001130730


190
001135653

001137028
191
001138280

001142075

192
001143494

001145078
193
001145246

001148540
194
001150376

001151418
195
001151836

001154879
196
001200302

001202387


197
001202555

001204055
198
001209311

001210520
199
001212273

001216401


200
001217069

001219612
201
001219780

001221781
202
001221949

001223241
203
001224577

001226119
204
001226495

001228288


205
001230458

001232834


206
001236589

001238840
207
001239800

001242385


208
001242553

001244429
209
001248142

001249934


210
001251687

001255064


211
001255232

001256524
212
001256692

001301070
213
001305201

001307327
214
001307495

001310497
215
001310664

001314626
216
001315419

001316878
217
001317046

001321049
218
001322343

001326221


219
001326597

001329641


220
001329809

001333770
221
001333938

001338483
222
001339318

001341694


223
001344573

001348576


224
001348744

001350703


225
001350871

001352789
226
001353415

001355124
227
001355876

001357919
228
001359380

001401339
229
001402883

001404384
230
001406762

001409639
231
001409807

001412392
232
001412560

001414644
233
001415187

001416604


234
001416772

001418356


235
001418524

001422277
236
001422444

001425780
237
001430119

001431578
238
001431745

001433830
239
001433998

001435915
240
001437626

001440253
241
001440504

001443047
242
001443215

001448052
243
001448220

001450680
244
001450848

001453474
245
001454393

001457103
246
001457605

001458980
247
001459440

001501274


248
001501859

001505028


249
001505195

001509699
250
001509867

001511034
251
001511201

001514412


252
001515164

001517582
253
001518834

001520919
254
001523088

001526758
255
001527217

001530219
256
001530387

001533932
257
001534099

001536434
$100
258
001536602

001538937
259
001539104

001540647
260
001540814

001543816
261
001544818

001548821
14
262
001548989

001552700
263
001554078

001555453
264
001555621

001559666
265
001559833

001602502
266
001602670

001604420
267
001605506

001607382
268
001608300

001610009
269
001610177

001613346
270
001613973

001617308
271
001619937

001622230
272
001622398

001626067
273
001626694

001629404
274
001631824

001634117
275
001636328

001638955


276
001649383

001652301
277
001702229

001704731
278
001706400

001708693


279
001708861

001711195
280
001711363

001715199
281
001715409

001716909
282
001717077

001718453
283
001718620

001720747
284
001720956

001722457
285
001722624

001724792
286
001724960

001729547
287
001734178

001737263
288
001737431

001739223
289
001739391

001742810
290
001742978

001745730
291
001745898

001748232
292
001748484

001749901
293
001750069

001753154
294
001802164

001803414
295
001803582

001806501
296
001806668

001809545
297
001809713

001812173
298
001812841

001814258
299
001816720

001820556
300
001821308

001823267


301
001823602

001825895


302
001826063

001827271
303
001830984

001832860


304
001833028

001835029
305
001835197

001838574
306
001838742

001841077
307
001842204

001847917
308
001850045

001851838
309
001853382

001856843
310
001857010

001900304
311
001900472

001902682
312
001902850

001906102
313
001907020

001908229
314
001911984

001913442
315
001913610

001915987
316
001917865

001921951
317
001922119

001925204
318
001925372

001926706
319
001928375

001930084
320
001932129

001934964


321
001937342

001940011


322
001940179

001943389
323
001949438

001951689
324
001958405

001959989
325
002002993

002005036
326
002006622

002007955
327
002009416

002012084
328
002014087

002015755
329
002018759

002021302
330
002023555

002025389
331
002025557

002027475
332
002028268

002030353
333
002031188

002033814
334
002035651

002037485
335
002038195

002041364
336
002041865

002044825
337
002045869

002049872


338
002050832

002052208
339
002052376

002055544


340
002056046

002059340
341
002059508

002100841
342
002102261

002106180


343
002106348

002109308
344
002111311

002113896
345
002114147

002117817
346
002117985

002121237
347
002121488

002124532


348
002131581

002132623
349
002132791

002135876
350
002137713

002138879


351
002139047

002140923
352
002141091

002142925
353
002143093

002144635
354
002146346

002149265
355
002150100

002152560
356
002152728

002154770
357
002156481

002202069