1
000002877

000005337


2
000005505

000007923
3
000008091

000011677
4
000011886

000014013


5
000014180

000018183
6
000018351

000021103
7
000021271

000023564
8
000024774

000028694
9
000028862

000029903
10
000033658

000035325
11
000040874

000041915
12
000133760

000137137
13
000137680

000140891
14
000143937

000146438
15
000146606

000149733
16
000149901

000153153
17
000153321

000155364
18
000156699

000158367
19
000158535

000159660
20
000201913

000206333
21
000206501

000208252
22
000208419

000209837
23
000210004

000211130
24
000215885

000217719
25
000218388

000220639
26
000220807

000224977
27
000225979

000228730
10ish
28
000229732

000233443
29
000233611

000236280


30
000236447

000238574
31
000242370

000244371
32
000244539

000246582
33
000246749

000248584
34
000251588

000253964
35
000254132

000256550
36
000256718

000300012
37
000300972

000303599
38
000303975

000308437
39
000308605

000311440
40
000311608

000314651
41
000314819

000316820
42
000316988

000320574
43
000321826

000323368
44
000323536

000325370
45
000325538

000327581
46
000327749

000331960
47
000332128

000333295
48
000335423

000337216
49
000337717

000339927
50
000340094

000344223
51
000348144

000350646
52
000350813

000354316
53
000354484

000357194
54
000357362

000400280
55
000400448

000401740
56
000402367

000405744
57
000405912

000409623
58
000409791

000412292


59
000412460

000414795

60
000415296

000418966
61
000419133

000420926
62
000422470

000425514


63
000426599

000428308
64
000430853

000434648
65
000434816

000437401
66
000437568

000440737
67
000442282

000444533
68
000444701

000447452
69
000447620

000449788
70
000449956

000454626
71
000454794

000458338
72
000458506

000501008
73
000501175

000503927
74
000504095

000508348
75
000508516

000511685
76
000513813

000517232
77
000518276

000519776
78
000519944

000522237
79
000524240

000528910
80
000529120

000533415

475

81
000533583

000536460
75
82
000539213

000541298
83
000541799

000545177
84
000545345

000546511
85
000547180

000549431
86
000550266

000551558
10speed
87
000551726

000554311
88
000557106

000558523
89
000558983

000601568
90
000601736

000605197


91
000605365

000608283
92
000608451

000610952
93
000611120

000614456
94
000626969

000628261
95
000628429

000631056
96
000631224

000636228
97
000637063

000640857
98
000644487

000645987
99
000646155

000650117
100
000655039

000657749
911
101
000657917

000659251
102
000659419

000702212
103
000702380

000705966
104
000706134

000707551


105
000707718

000709761
106
000709929

000712973
107
000717895

000721189


108
000723985

000725485
109
000725653

000727988
110
000728156

000730198
111
000730366

000734578
112
000734745

000736872
113
000737039

000739499
114
000739667

000741960
115
000742128

000743587


116
000743754

000746465


117
000746966

000749968
118
000750136

000753388
119
000753556

000755932
120
000756100

000758393
121
000759437

000803815


122
000804358

000805859
123
000807361

000810322
124
000813826

000814868
125
000821626

000823418
126
000827590

000830133
127
000830343

000832969
128
000833179

000834638
129
000834805

000837516
130
000839060

000842562
131
000842730

000845690
132
000845858

000850195
133
000850363

000854533
134
000855451

000858161
135
000858329

000859371
136
000859539

000902499

137
000903209

000904793
138
000904961

000907546
139
000907713

000911591
140
000912593

000915554
141
000915721

000917681
142
000920059

000924854
143
000925022

000927649
144
000927817

000929609
145
000929777

000931278
146
000933406

000936449
147
000936617

000939035
148
000939203

000943707
149
000945084

000946668
150
000946836

000949963
151
000952133

000955343
152
000955511

000958305
153
001001559

001006021
154
001006188

001010066
155
001010234

001012569
156
001013154

001015739
157
001015906

001019826
158
001020453

001023705
159
001023873

001026374
160
001027126

001029919
161
001030087

001032797
162
001032965

001035216
163
001035384

001037052

164
001037219

001039471
165
001039639

001041973
166
001042141

001046853
167
001048230

001050398
168
001051400

001052901
169
001053069

001057322
170
001057490

001100659
30
171
001100826

001105705
28
172
001105915

001107791


173
001107958

001112170
174
001113547

001116091
175
001116258

001118009
176
001118636

001122806
177
001122973

001126893
178
001127353

001130647
179
001130815

001132649
180
001132817

001136069
181
001137279

001140156
182
001141534

001143952


183
001144120

001145328
184
001148124

001151042
185
001155840

001157799
12
186
001157967

001159843
187
001200010

001202011
188
001206267

001209102



189
001213649

001217527
190
001217695

001220071
191
001220948

001223032
192
001223534

001225076
193
001225244

001227662
194
001229915

001232959
195
001233502

001235211
196
001237173

001239591
197
001241469

001244137
198
001245222

001247724
199
001248184

001249225
200
001251353

001255398


201
001255566

001259819


202
001259987

001302280
203
001302448

001306868
204
001307036

001309788
50
205
001309955

001313625
206
001315336

001320006
207
001321967

001325136
208
001325304

001326387
209
001326555

001328973

210
001330434

001334687
211
001334855

001337065
212
001337233

001338650
213
001338818

001340777
214
001340945

001343530
215
001343697

001347325
216
001348619

001350411
217
001350579

001353248
218
001353415

001355291
219
001355960

001358503
220
001359296

001400547
221
001400714

001403007
222
001403175

001405260
223
001405427

001407428
224
001409557

001411349
225
001411517

001413101
226
001413269

001417188
227
001417356

001419691
228
001419859

001421860
229
001422027

001424445
230
001424613

001428032
231
001428200

001430660
232
001430828

001433162
233
001433330

001435915
234
001437835

001441421
235
001441630

001444215


236
001444383

001446092
237
001446260

001448386
238
001448554

001452432
239
001452600

001456436
240
001456604

001500356


241
001500983

001503484
242
001504236

001506654
243
001506822

001510867


244
001516123

001518499
245
001518751

001522295
246
001523255

001524964
247
001525132

001527634
248
001527801

001532221
249
001532389

001534724
250
001534892

001538686
251
001538854

001541606
252
001541774

001543107
253
001543275

001547028
254
001547196

001549489
255
001550407

001553618
256
001554370

001558414
257
001600042

001602335
258
001602503

001605964
259
001606131

001608007
260
001608467

001611469
261
001612638

001615640
262
001617017

001619602
263
001619770

001623106
264
001623273

001627026
265
001627194

001629529
266
001630739

001631864
267
001639039

001642083
268
001642251

001646838
269
001648340

001650800
270
001650968

001652176
271
001654388

001655888
272
001656056

001658141
273
001700269

001703438
274
001705065

001706274
275
001707526

001709610
276
001710279

001712155
277
001712322

001715116
278
001715993

001719328
279
001719788

001722123
280
001722708

001723916
281
001724084

001726127
282
001726295

001728212
283
001728380

001730965
284
001731759

001733384
285
001733552

001735261
286
001736638

001738806
287
001738974

001740933
288
001744188

001746397
289
001746899

001748733
290
001750986

001753196
291
001757451

001759786


292
001800662

001803372
293
001803540

001805875
294
001806043

001809128
295
001810380

001814759
296
001814927

001821182
297
001821642

001823684
298
001825270

001827396
299
001828816

001831567
300
001832903

001834070
301
001834238

001837198
19yearold
302
001837366

001842245
2000
303
001844248

001847416

304
001847584

001849710

305
001849878

001851754


306
001851922

001858511
307
001902391

001905434
308
001905602

001908062
309
001908230

001911399
310
001911567

001915653
311
001915821

001920366
312
001920534

001922493
313
001922661

001927790
314
001927958

001929333
315
001931253

001932753

316
001932921

001934714

317
001937843

001942471
318
001950022

001952231
319
001952774

001954358
320
001955903

001958196
321
001958363

002000364
322
002000532

002003117
323
002006747

002008372
324
002008540

002010374
325
002011293

002014587
326
002015172

002017215
327
002017382

002019675
328
002019843

002021510
329
002021678

002023846


330
002024014

002027433
331
002029853

002033147
332
002041031

002044283
333
002044451

002046035
334
002047204

002048913


335
002049081

002051082


336
002051250

002052458
337
002052668

002056045
338
002056213

002101634
339
002101802

002104470
340
002108642

002111435
341
002111603

002115064
342
002115232

002117775
343
002117943

002122822
344
002122990

002125825
345
002125993

002129412
346
002129579

002132373
347
002132541

002135960
348
002144678

002147346
349
002147514

002153102
350
002153270

002154729
351
002154896

002158983
352
002203196

002205323
353
002205490

002206615
354
002208160

002212121
355
002212497

002213706
356
002213874

002215124
357
002215292

002217460
358
002218253

002219545
359
002229598

002231766
360
002231933

002234935