1
000003199

000005994
2
000006161

000009414
3
000009581

000011749
4
000012834

000016129
5
000016296

000017922
6
000019090

000021134


7
000021301

000024304
2
8
000024471

000025513
9
000026014

000028683


10
000028850

000032145
11
000034981

000038318
12
000038485

000040987
13
000041821

000044324
14
000044491

000046242
15
000046409

000047994
16
000048161

000051664
17
000051831

000054459
18
000054667

000057545
19
000059797

000101174
20
000101508

000102967


21
000103134

000104719


90
22
000104886

000107096


23
000116731

000119734


24
000119901

000123279
25
000123446

000126658
26
000128076

000130578
27
000131621

000133248


28
000133414

000135416


29
000135667

000138044
30
000138294

000139337
31
000140255

000141881
32
000143049

000144551


33
000144717

000145927
34
000149430

000152892
35
000153935

000156187


36
000158856

000200733


37
000200900

000204445
38
000204612

000207240
39
000207407

000210076
40
000210243

000214497
41
000214664

000217333


42
000218001

000220295


43
000220461

000222255
44
000222672

000225341
45
000225508

000228303
46
000228469

000231931
47
000232098

000236936
48
000238438

000240106
49
000333034

000334160


50
000334327

000337205
51
000337372

000341918
52
000343002

000346506
53
000347215

000350718
54
000350885

000352011
55
000352178

000354889
56
000355056

000358601
57
000359602

000400687
58
000400853

000403523
59
000407151

000410196
60
000410363

000413408
61
000413574

000414617
62
000418246

000421457
63
000421624

000425128


64
000425586

000428840
65
000429507

000430842
66
000431008

000433886
67
000434053

000435888
68
000436055

000440393
69
000441477

000442729
70
000442895

000446232
71
000447150

000449402
72
000449569

000453030
73
000453197

000457160
74
000458870

000501414
75
000502415

000504709
76
000505626

000507670
77
000507837

000510548
78
000511340

000513426
79
000513801

000516429
80
000516596

000519682
81
000519849

000523811
82
000523978

000527148
83
000528024

000530109


84
000530276

000533529
85
000533696

000536073


86
000546751

000549462
87
000549629

000554258
88
000555676

000557553


89
000557720

000558888
90
000559138

000603351
91
000603518

000606562
92
000606729

000610441


93
000611943

000615488
94
000617281

000619575
95
000620576

000622578
96
000623120

000626290
97
000626457

000627834
98
000628000

000630419
99
000630586

000632421
100
000634048

000636092
101
000636259

000638427
102
000638761

000641472
103
000642473

000645685
104
000645852

000646936
105
000647103

000650565
106
000650731

000651941
107
000652817

000657446
108
000657613

000659782
109
000659949

000703160
110
000703411

000707665
111
000707832

000710710
112
000711294

000714547
113
000714714

000718718
114
000718885

000722388


115
000722555

000726183
8
116
000726434

000727935
117
000728102

000731772
118
000734442

000736527
119
000742158

000747747
120
000747914

000752126
121
000752501

000757423
122
000757590

000759884
123
000800051

000802219
124
000802386

000804889
125
000805056

000808184
126
000809769

000812688
127
000812855

000816609


128
000816776

000820905
129
000821072

000823240
130
000823407

000825076
131
000825368

000827495
132
000828329

000832166
133
000833876

000837546
134
000838756

000840383
135
000840549

000842718
136
000844428

000845930


137
000846097

000848808
138
000848975

000852770
139
000852937

000856023
140
000856190

000858567
141
000858734

000903572
142
000913290

000915543
143
000915793

000918629
144
000918796

000921966


145
000922133

000924301


146
000924635

000926679
147
000926846

000931183
148
000933060

000936397
149
000938524

000941402
150
000941694

000944280
151
000944447

000949618
152
000951787

000953456
153
000953622

000956083
154
000956250

001000546
155
001000713

001004425
156
001004759

001005801
157
001010514

001011766


158
001011932

001015728
159
001015895

001019315
160
001019482

001020816
161
001020983

001023194
162
001023360

001026822
163
001026989

001031243
164
001031619

001034121
165
001034288

001037041
166
001039210

001040961
167
001041504

001044840
168
001045007

001046926
169
001047093

001050387
170
001050930

001054141


171
001059355

001100606
172
001100940

001102733
173
001102900

001105361
174
001107488

001111408
175
001112993

001116288
176
001116455

001119250
177
001119416

001121669
178
001122336

001123379
179
001124463

001127633
180
001127800

001130344
181
001130761

001132513
182
001133347

001134598
183
001134765

001138394
184
001138561

001142982
185
001143566

001147111


186
001148195

001151824
187
001151991

001155578
188
001155744

001159957
189
001200124

001202376
190
001202710

001204503
191
001208507

001211302
192
001214722

001216432
193
001216599

001220102


194
001221270

001223063
195
001223689

001225441
196
001225608

001228986
197
001230988

001232323
198
001242374

001244293
199
001244460

001246670
200
001247046

001250007


201
001250674

001252426
202
001252593

001256263
203
001256430

001258432
204
001258599

001301477
205
001301685

001302728
206
001302895

001305314
207
001305481

001307024
208
001307191

001309818
209
001309985

001312238
210
001312404

001313989
211
001320579

001323332
212
001325501

001328170
2
213
001332132

001335386
1
214
001339974

001342059
215
001342226

001344353
216
001344520

001348649
217
001349400

001353862
218
001354029

001356824
219
001356991

001358867
220
001400035

001402121


221
001402288

001404373


222
001406166

001409169


223
001409336

001410713
224
001410879

001413674
225
001413841

001416218
226
001417219

001419346
227
001419513

001421598
228
001424601

001428564
229
001428731

001432609
230
001432776

001435029
231
001435571

001438282
232
001438449

001442536
233
001442953

001445748
234
001445914

001449043


235
001449209

001452129
236
001452963

001457176
237
001457968

001459011
238
001500846

001503057
239
001503223

001505392
240
001505559

001509021
10
241
001509188

001513525
242
001513692

001515361
243
001515527

001517404
244
001517780

001520949
245
001521116

001525287
246
001525746

001527498
247
001527664

001529792
248
001529958

001533170
249
001533337

001536757
250
001536924

001538926
251
001539468

001540761
252
001540928

001543889
253
001544056

001545933
254
001546100

001547476
255
001548352

001552648
256
001554149

001555776
257
001556568

001558695
258
001558862

001601198
259
001601365

001604660
260
001605160

001607663
261
001609248

001611125
262
001615295

001617714
263
001617881

001619758
264
001619925

001623846
265
001624304

001625597
266
001625764

001630394
267
001630561

001633355
268
001633522

001637860
269
001638360

001640279
270
001640446

001643949
271
001645409

001648120
272
001648287

001650831
273
001651331

001652458
274
001652624

001654585


275
001654751

001658922
276
001659089

001700215
277
001702426

001704720


278
001704887

001706138
279
001706305

001709641
280
001710309

001711935
281
001712102

001713812
282
001715939

001720110
283
001720277

001722905
284
001723489

001725407
285
001725574

001728994
286
001730245

001734041
7
287
001735876

001738337
288
001740088

001742758
289
001749723

001753977
290
001754144

001756563


291
001756730

001800108
292
001800943

001802694


293
001803237

001805989
294
001806156

001809034
295
001810953

001815874
296
001816083

001818293
297
001818460

001822381
298
001822548

001825676
690
299
001827386

001828971
300
001831265

001834059
301
001834935

001835978
302
001836478

001839690
303
001843735

001844987
304
001845153

001846446
305
001846613

001849116
306
001849283

001851535


307
001852327

001854746
308
001854913

001857207
309
001858959

001901169
310
001901420

001904381
311
001904548

001906800


312
001906967

001909386
313
001909886

001912472
314
001912639

001917394
$5000
315
001918979

001921064
316
001921231

001924443


317
001924610

001928030
318
001928196

001930407
319
001930574

001932826
320
001932993

001937372
321
001937539

001939249
322
001942794

001944129
323
001944338

001945922
324
001946506

001948258
325
001948592

001951762
326
001951928

001954222
327
001954389

001957309


328
001957809

001959561
329
002005609

002008362
330
002008862

002013742
331
002013909

002014951
332
002015118

002019331
333
002019498

002022668


334
002022834

002027047
335
002030008

002035180
16
336
002036056

002038183
337
002039267

002040352


338
002040519

002043772
339
002044189

002047901
340
002049653

002050904
341
002052656

002054282
342
002054449

002058453
13
343
002059663

002104334
344
002104501

002108171
345
002108338

002110674
346
002110841

002112926
347
002113301

002115262
348
002115804

002118181
349
002118348

002122269
350
002122436

002128024
351
002129359

002133989
352
002134156

002135615
353
002135782

002138702
354
002138869

002144708
355
002146543

002151590
356
002151882

002153258
357
002153425

002156553
358
002156970

002158889
359
002159055

002201600


360
002201767

002206688
361
002206855

002208857
362
002211943

002213195


363
002213361

002216198
364
002216364

002218408
365
002218575

002222037
366
002222204

002224247
367
002224414

002227375
368
002227542

002229878
369
002230796

002234257
370
002234424

002237010


371
002237177

002240722
372
002241389

002245393
373
002250148

002251274
374
002251441

002254361


375
002307457

002310710
376
002316466

002318844
377
002325600

002328478
378
002328645

002333024
379
002333191

002334985
380
002336319

002338405
2
381
002339865

002343285
1
382
002345287

002348790