1
000003450

000005618


2
000005785

000009038
3
000013751

000015503
4
000016921

000018882


5
000019048

000021468
6
000021676

000025388
7
000025597

000029976
8
000030185

000033146
9
000033313

000034772
10
000034981

000037108


11
000037317

000042071
12
000043406

000045909
13
000047327

000049662
14
000051080

000052832
15
000052999

000057086


16
000057295

000100882
17
000101049

000105303
18
000106429

000109516
19
000109682

000111351
20
000114270

000117398
21
000121694

000124364
22
000129118

000132914
23
000133623

000136292
24
000137544

000141881
25
000143383

000147679


26
000147845

000149847


27
000150014

000154519
28
000201150

000203069
29
000244319

000246571
30
000246779

000249657
31
000249824

000251743
32
000251909

000254245
33
000254746

000256539
H93
34
000257457

000258666


35
000258875

000301836
36
000302503

000304631
37
000304797

000307175
38
000307342

000311054


39
000311220

000316476
40
000316643

000318353
41
000318561

000321439
42
000321606

000326819
43
000327070

000329822
44
000331115

000333576
45
000333785

000337205
46
000341918

000344962


47
000345129

000348424


48
000348591

000352428


49
000352637

000356432
50
000356599

000358851
51
000402772

000405692
52
000405900

000408069
53
000408277

000410488
54
000410655

000414033
55
000414200

000418162
56
000419205

000421708
57
000421916

000423418
58
000423584

000426629
59
000426796

000429132
60
000429298

000432260
61
000432468

000434721
62
000436723

000440143
63
000440309

000442103
64
000442270

000445148
65
000445523

000449068


66
000449235

000452947


67
000453990

000456993
68
000501122

000503624
69
000506252

000508921
70
000509672

000512508
71
000512675

000517847
6footlong
72
000519140

000521642
73
000521851

000524187
74
000524395

000527023


75
000527231

000529484
76
000529692

000533029


77
000551214

000555218
78
000555802

000559263
79
000601307

000604769
80
000606437

000609315
81
000609482

000613236
82
000614028

000616864


83
000617031

000620076
84
000620243

000625289
85
000625456

000629043
86
000629377

000631504
87
000635967

000639053
88
000639262

000643099
89
000644058

000647228
90
000647854

000652692
91
000654151

000658447
92
000701868

000703035
93
000703202

000707039
94
000707540

000710293
95
000712587

000714171
96
000714338

000717258
97
000717425

000719051
98
000719218

000721178
99
000723139

000725933
100
000726100

000728477
101
000728686

000732023


102
000736527

000739071
103
000740907

000743117
104
000743784

000747580
105
000748247

000749749
106
000749957

000752627
107
000753419

000757548
108
000758299

000801594
109
000801761

000804847
110
000805014

000807016
111
000807224

000808768
112
000808935

000811062
113
000811228

000814231
114
000815900

000818778
115
000818945

000821739
116
000821906

000823491
117
000823658

000826869
118
000832625

000835169
119
000835795

000838965
120
000840257

000843177
400
121
000844470

000847974
122
000848140

000849850
123
000850017

000853521
124
000853688

000857900
125
000858067

000900236
210
126
000900403

000903155
127
000905241

000906993
128
000907159

000910413
129
000910579

000913332
130
000913499

000916252
131
000917670

000920256
132
000920548

000922550


133
000922717

000926595


134
000930808

000932601
135
000939483

000943237


136
000943446

000945948
137
000947366

000950661
138
000952246

000954623
139
000957209

000958836
“Hey

140
000959003

001000796


141
001000963

001003049


142
001005176

001007136


143
001007303

001008512


144
001008679

001012641


145
001013309

001014977
146
001015144

001017480
147
001020900

001026113
148
001026322

001027364
149
001027531

001030451
150
001030659

001033537
151
001033704

001035998


152
001036582

001039877
153
001040044

001044173
154
001044340

001046050
155
001046217

001049804
156
001049970

001054850
157
001055017

001059522
158
001059688

001101649
159
001105736

001109740
160
001109949

001113285
161
001115162

001118707
162
001118958

001121752


163
001121961

001124964


164
001125172

001127800
165
001130302

001132888
166
001135015

001136308
167
001136684

001139186
168
001139353

001141647
169
001142940

001146277
170
001147111

001149572


171
001149738

001152867
172
001153450

001156495
173
001156662

001159123


174
001159290

001201750
175
001204336

001208507


176
001210718

001213470
177
001214054

001217892
178
001222855

001225149


179
001225399

001227902


180
001228068

001229361
181
001229528

001231655
182
001231864

001234116
183
001234325

001237703
184
001237953

001241207


185
001242666

001246045
186
001247796

001250007
187
001250174

001252551
188
001252718

001256889
189
001258432

001302186
190
001302394

001304021
191
001304521

001305731
192
001308359

001310486
193
001312404

001315950
194
001326335

001329171


195
001333968

001337930


196
001338097

001342476
197
001344103

001345688
198
001345854

001348816
199
001349441

001353320


200
001356031

001400953
201
001402329

001404331
202
001409086

001410587
203
001411005

001413632
204
001414216

001417469
205
001417636

001420597
206
001420806

001423642
207
001424768

001427438
208
001428522

001430691
209
001430899

001434862
210
001435029

001436780
211
001436947

001439700
212
001439867

001441577
213
001441744

001446373
214
001450669

001452296
215
001452463

001456216


216
001456383

001458802
60
217
001458969

001500679
218
001500846

001504141
219
001504308

001508729
220
001508896

001514777
221
001514943

001516904
222
001517071

001520240
223
001520407

001523077
224
001523243

001525329
225
001525496

001529416
226
001530501

001533128


227
001533295

001535672
228
001535839

001538092
229
001538675

001540636
230
001541845

001543430
231
001544431

001546683
232
001547142

001550229
233
001551563

001555734


234
001555901

001558862
235
001601115

001603909
236
001604076

001605994
237
001607413

001609957


238
001610165

001612876
239
001614128

001617506


240
001617673

001621009
241
001622678

001625222
242
001625389

001628016
243
001628308

001631645
244
001631854

001633939
245
001634648

001638402
246
001639278

001640988


247
001641155

001646034
248
001646243

001650080


249
001650289

001653250
250
001653417

001656628
251
001656837

001701383
252
001701550

001705179
253
001705596

001706889
254
001707264

001709975
255
001710350

001714146


256
001714354

001717232
257
001717441

001719818
258
001722404

001724740
259
001724907

001726992
260
001727242

001729203
261
001729369

001733624
262
001737169

001738587
263
001738795

001742633
264
001742799

001745385


265
001745552

001749723


266
001749932

001753435
267
001754228

001757231
268
001757397

001759608
269
001759775

001803862
270
001804029

001806490
271
001807783

001810327
272
001810994

001813413


273
001813580

001815832
274
001816583

001819169
275
001819753

001823382


276
001823549

001827386


277
001827553

001830556
278
001831181

001835561


279
001836144

001838272


280
001838480

001841024
281
001841191

001844361
282
001845362

001848031


283
001848240

001850450
284
001850617

001852995
285
001853203

001855581


286
001855789

001858417


287
001901128

001903255
288
001904131

001907551


289
001907718

001909886
290
001910304

001912306
291
001918729

001922441
292
001922733

001926570
293
001929072

001931033
294
001931241

001933452
295
001933619

001937080
296
001940167

001942502
297
001942669

001946298


298
001946465

001950886


299
001951053

001954765
300
001954931

001957601
301
001957768

002000062
302
002005442

002007944


303
002008195

002009571
304
002009738

002013450
305
002015744

002017287
306
002017454

002020624
307
002020791

002022709
308
002027047

002033428


309
002033845

002038058
310
002040435

002042729
311
002042896

002046274
312
002046441

002050237


313
002052531

002057160


314
002057828

002100747
315
002100914

002103709
316
002104000

002107629
317
002107796

002110090
318
002112509

002115887
319
002116054

002120058
320
002120225

002123520
321
002123687

002126398
15
322
002126565

002128984
323
002133238

002136658
324
002136825

002140579
325
002144249

002147961
326
002148670

002152340


327
002152758

002155510


328
002155719

002159264
329
002159431

002201433
330
002201600

002204811
331
002208315

002211902
332
002212110

002214154
333
002214362

002218200
334
002218366

002221953
335
002222120

002225749


336
002225916

002227709
337
002227876

002231671
338
002233507

002237511
339
002237677

002239554
340
002239971

002242265
341
002244059

002245852
342
002247103

002249606
343
002249815

002253944
344
002254110

002256279
345
002256446

002259157
346
002259825

002302327
347
002302494

002304120
348
002309584

002311378
349
002311545

002315257
350
002322722

002326142
351
002326601

002329855
352
002330564

002334943
353
002335443

002339906
354
002341533

002343368