1
000009009

000011635
2
000012929

000015180
3
000015390

000017266
4
000020770

000022104
5
000026609

000027985
6
000028153

000030487
7
000031156

000033282
8
000033491

000036702
9
000036953

000038912
10
000039456

000042332
11
000042584

000043709
12
000043918

000048505
13
000048840

000051383
14
000052302

000054970
15
000055180

000059475
16
000059684

000103562
17
000106149

000108400
18
000108610

000112362
19
000113073

000116825
20
000118078

000121455

21
000210755

000211839
22
000212006

000214675


23
000215718

000217886
24
000218054

000219471
25
000219764

000221473
26
000221641

000224810

27
000224978

000228021

28
000229566

000230732
29
000230900

000235404
14

30
000236781

000239992
31
000242453

000245873
32
000246040

000248667
33
000248835

000250252
34
000251004

000253005
35
000255466

000256675

36
000256843

000258177
37
000258344

000259428
38
000259596

000302306
39
000302515

000306560
40
000306769

000310105
41
000311816

000314484
42
000316112

000319281
43
000319490

000320574
44
000320742

000321909
45
000322118

000325454
46
000325663

000327039
47
000329667

000331501
48
000331669

000332920


49
000333087

000334463
50
000334672

000335839
51
000336007

000337132
52
000337300

000341595
53
000342055

000344431
54
000344599

000348393
55
000348561

000353315
56
000353483

000355108
57
000358488

000402366
58
000405078

000406620
59
000406829

000408830
60
000414754

000416922

61
000417090

000418840
62
000419008

000420259
63
000420426

000422302
64
000422720

000425347
65
000425515

000429351
66
000430520

000432187
67
000435275

000436858
68
000437026

000438694
69
000439153

000440779
70
000440947

000443699
71
000445535

000447703
72
000449706

000451206
73
000457130

000458297

74
000458464

000502092
75
000503678

000506054


76
000513104

000514563
77
000514731

000516690
78
000525992

000527534

79
000527785

000530495
80
000530663

000532456
81
000532623

000537336
82
000537503

000539129
83
000539339

000542924
84
000543176

000545594
85
000547305

000549931
86
000550099

000552726
87
000552977

000554978
88
000555521

000557147
89
000559650

000601109
90
000601319

000606114
91
000606282

000608950

92
000610536

000612954
93
000614040

000616333
94
000616542

000619461

95
000619629

000622089
96
000622256

000624716
97
000626594

000627844
98
000628012

000632349
4
99
000633851

000637020
100
000642819

000644069
101
000644237

000645779
102
000647323

000649950
103
000650118

000651701
104
000651869

000654371

105
000654539

000657707
106
000658793

000659918
107
000700086

000702712
108
000702880

000707676
109
000707844

000709261
110
000709429

000711555
111
000711764

000713432
112
000713599

000717269
113
000717437

000720021
114
000720189

000723650
115
000724694

000728947
116
000730032

000731116
117
000731284

000733452
118
000733619

000736955
119
000737123

000740083
120
000740251

000741710
121
000744046

000745130
122
000745298

000747591
123
000747758

000751303
124
000751471

000752596
125
000752763

000754055
126
000755475

000758059
127
000758227

000759394
128
000759562

000801480
129
000802773

000803940
130
000804650

000806485
131
000808946

000811615
132
000814660

000815952
133
000816162

000818497
134
000818706

000820999
135
000821292

000825212
136
000827590

000830926
137
000831093

000834179
138
000834347

000837432
139
000837600

000840936
140
000841979

000845482
141
000845650

000848985
142
000849153

000858161
143
000859997

000902916


144
000904877

000906253
145
000907004

000909714
146
000909882

000914302
147
000914470

000915804
148
000917557

000918723
149
000918891

000923061
10
150
000923771

000924854
151
000927316

000928400
152
000930278

000934656
153
000934824

000937284


154
000937493

000940245
155
000940413

000941746

156
000942248

000944124
157
000950798

000952007
158
000953593

000954676
159
000954844

000957429
160
000957680

001001725
161
001002893

001005270


162
001013070

001014154
163
001014655

001015739
164
001018367

001020327
165
001020494

001022579
166
001022747

001023830
167
001023998

001025832
168
001026000

001028126
169
001043267

001047604
15
170
001049565

001054903
171
001055821

001057947
172
001059116

001101576
173
001101911

001103745
174
001108334

001111127
175
001111295

001114631
176
001114799

001118718
177
001118886

001120095

178
001121764

001122847
179
001125059

001128061


180
001128229

001130105
181
001130272

001132649
182
001132858

001135944
183
001136112

001138196


184
001138364

001139489
185
001143369

001144911
186
001145079

001147497
187
001148207

001150625
188
001153295

001155255
189
001155423

001157340
190
001158342

001200218
191
001200386

001202053
192
001202221

001205515
193
001206767

001207851
194
001208018

001211479
195
001211647

001212647
196
001212815

001217694
197
001219113

001221030


198
001221198

001224033
199
001224201

001228163
200
001229582

001231082
201
001231250

001232500
202
001233919

001236254
203
001236422

001239340
204
001239508

001241676
205
001242094

001243553
206
001243971

001245889
207
001246432

001249809


208
001249977

001252145

209
001254023

001256357
210
001256525

001258234
211
001258402

001301362
212
001301530

001302822
213
001302990

001304115


214
001304283

001307577


215
001308204

001310705
216
001310873

001312582
217
001314919

001316586
218
001317171

001319297
219
001319465

001323593
220
001323761

001327263
221
001328432

001329766
222
001330518

001331935
223
001333646

001334896
224
001335064

001337857
225
001338025

001339359
226
001339568

001341945
227
001342154

001344113
228
001344281

001346825
229
001349286

001352831
230
001352998

001356376
231
001356544

001358002
232
001358170

001402090
233
001402299

001404008
234
001404468

001406094
235
001406762

001407846
236
001408013

001409639
237
001409807

001412058
238
001412268

001416020
239
001416188

001419315


240
001421110

001423027
241
001423195

001427532
242
001427700

001429117
243
001430911

001433454
244
001433622

001437041
245
001438460

001439919
246
001440087

001445049
247
001445759

001448595
248
001448762

001450305
249
001451473

001454183
250
001501942

001505612
251
001505779

001507822
252
001507990

001511326
253
001511493

001514454
254
001515456

001516998
255
001517166

001519876
256
001520794

001524672
257
001526592

001528635
258
001528802

001530845
259
001531013

001533514
260
001533682

001535808
261
001538729

001542065
262
001543359

001545401
263
001545653

001548321
264
001548489

001550615
265
001552910

001554160
266
001554328

001555870
267
001556038

001557956
268
001558123

001600500
269
001600668

001602961
270
001603128

001607090
271
001610511

001611928
272
001612137

001615390
273
001615683

001618726
274
001618894

001620353
275
001620521

001622605
276
001622773

001625149


277
001625317

001627485
278
001627653

001630822
279
001632491

001634075
280
001634243

001636327
281
001640791

001642208
282
001642376

001644419
283
001644586

001646546
284
001646714

001649382
285
001649550

001653302
286
001653470

001656723
287
001659727

001702395
288
001702563

001704897
289
001705441

001706733
290
001706984

001708609
291
001708777

001711446
18
292
001712740

001714615
293
001714783

001716909
294
001717745

001719370
295
001721540

001723207
296
001723375

001726294
297
001726962

001729255
298
001734720

001735887
299
001737056

001739223
300
001739391

001741225
301
001741393

001744812
302
001751070

001753863
303
001754031

001755448
304
001757493

001759827
305
001805959

001807335
306
001810923

001814425
307
001814593

001816761
308
001816929

001821474
309
001821767

001823935
310
001824103

001826145
311
001826313

001827897
312
001830859

001831943
313
001832111

001833903
314
001834696

001836697
315
001837116

001839450
316
001841120

001842203
317
001844123

001845206
318
001846208

001848000
319
001852756

001855007
320
001855175

001856717
321
001856927

001900054
322
001900222

001903307
323
001903475

001906435

324
001906603

001910606
325
001911817

001913442
326
001915737

001916946
327
001917114

001921075
328
001921243

001922577
329
001922744

001924704
330
001924872

001928916
331
001929376

001930918
332
001931128

001933171


333
001937968

001941554
334
001941763

001945766
2
335
001945934

001947143
336
001947311

001949353


337
001949521

001952982
338
001954818

001956152
339
001956320

001957403
340
002000741

002004285
341
002005078

002007455
342
002009124

002010291
343
002019218

002021594
344
002021762

002024430
345
002024598

002027058
346
002027226

002030311
347
002031855

002034607
348
002034775

002037777
349
002040489

002043032
350
002043242

002045701
351
002046536

002050665
352
002051250

002052500
353
002052668

002054210
354
002054378

002057004
355
002057172

002058673
356
002058840

002101884
357
002102052

002104387
358
002104554

002107807
359
002110727

002111811
360
002112396

002114188
361
002114356

002116983
362
002123490

002129829
363
002132833

002139630
364
002207326

002210619
365
002210829

002214332
366
002214624

002218169


367
002218462

002221630


368
002221840

002226218
369
002226678

002228346


370
002228722

002229805
371
002230140

002234226