1
000005588

000010884
2
000011052

000013887
3
000014055

000017725
4
000017892

000020060
5
000021896

000023897


6
000025692

000028360


7
000031239

000033115
8
000033283

000037661
9
000037829

000042374
10
000042792

000045794
11
000045962

000048088
12
000048256

000052092
13
000052260

000055888
14
000056056

000100976
15
000101478

000104730
16
000104898

000108233
17
000108401

000110736
18
000113865

000116909


19
000117077

000120537
20
000121498

000125375


21
000125543

000129755


22
000131257

000133967
23
000211172

000212589


24
000212757

000214925


25
000215093

000216927
26
000217095

000220097
27
000220306

000224393


28
000225436

000229106
29
000230817

000233443
30
000233611

000236280
31
000236447

000238866


32
000239033

000240367
33
000243204

000246623
34
000246791

000250210
35
000250378

000254381


36
000258845

000300137
37
000301389

000305809
38
000305977

000308770
39
000308938

000312274
40
000312442

000314109
41
000314277

000316945
42
000317197

000320365


43
000321743

000325287


44
000325496

000328957


45
000331419

000333503
46
000333671

000336048
47
000336216

000338592
48
000338801

000340928
49
000343431

000345724
50
000346935

000350562


51
000350813

000353273
52
000353441

000355275


53
000355443

000358904
54
000359072

000400864
55
000403952

000408330
56
000408498

000411458
57
000411626

000413835
58
000414003

000418674


59
000418841

000421218
60
000429519

000431812
61
000436859

000440237
62
000440405

000443532
63
000444909

000447494
64
000447996

000451665


65
000452417

000454960


66
000455169

000457421
67
000504095

000506471
8th
68
000506681

000510726
69
000510977

000514021


70
000516566

000519609
71
000519777

000521945
72
000522864

000524448
73
000528786

000532581


74
000533541

000537836


75
000538004

000541131


76
000541299

000543008
77
000543176

000545552
78
000545720

000547095
79
000547263

000550724
80
000550892

000553518
81
000553686

000556605
82
000559692

000602819
83
000602987

000605030
84
000605531

000607741
85
000607909

000610243
86
000610411

000613163
87
000613331

000616083
88
000617668

000620212
89
000620421

000623673
90
000623883

000627469
91
000627637

000629554
92
000629722

000631640
93
000633518

000637437


94
000639023

000640857
95
000642693

000645612
96
000650993

000653745


97
000655164

000656456
98
000656624

000700127
99
000700336

000702045
100
000702797

000706425
101
000708553

000710762
102
000714934

000720355
103
000720523

000723483


104
000723651

000725569
105
000725736

000728321
106
000728489

000733201
107
000733369

000738707
108
000738875

000742669
109
000744672

000747507
110
000747717

000751011
111
000751179

000756016
112
000756225

000800061
113
000800229

000801855
114
000802023

000805775
115
000805943

000810071
116
000811574

000816328


117
000817371

000820707
118
000820875

000823919
119
000824086

000826922


120
000827089

000832761
121
000834514

000839893
122
000842396

000846942
123
000847193

000851238
124
000851489

000855075
125
000855326

000901248
126
000901499

000904417
127
000906087

000907587
128
000913386

000916805
129
000917056

000919349
130
000921102

000923353
131
000923604

000926147
132
000928651

000934072
133
000934240

000938034


134
000940204

000942706
135
000942873

000946793
136
000948588

000952716


137
000952925

000954926
138
000956762

001001308
139
001001517

001005645


140
001009317

001011568
141
001011736

001014613
142
001016449

001021328


143
001021621

001024914


144
001025124

001030462


145
001030630

001035925


146
001036135

001041806


147
001042016

001046061
148
001046312

001049272
149
001049523

001052067
150
001052234

001054069
151
001054236

001057155
152
001057323

001058948
153
001059158

001102911
154
001103079

001105330


155
001105498

001109292
156
001109460

001111503
157
001116759

001118468
158
001135236

001136569
159
001137947

001143410
160
001144453

001145787


161
001145955

001147414


162
001147581

001150542
163
001151794

001155505
164
001155756

001159759
165
001159927

001203054
166
001205224

001208476


167
001209311

001213189
168
001213399

001216443
169
001216610

001218403
170
001218571

001220405
171
001221824

001224701


172
001226412

001230248


173
001236922

001239966
174
001240134

001242635
175
001242803

001246181

176
001246390

001250226
177
001250394

001251853
178
001252021

001254147
179
001256400

001259068
180
001259862

001302530


181
001304492

001308036
182
001308871

001312707
183
001312875

001314042
184
001320508

001323551


185
001323719

001327806
186
001330267

001334187


187
001336982

001339901


188
001340069

001343571
189
001343739

001348535
190
001348744

001350995
191
001352665

001357836
192
001358671

001401172
193
001401340

001404676
194
001404844

001407720
195
001407888

001411891
196
001412059

001414143
197
001421360

001422402
198
001424822

001428533


199
001429660

001432245
200
001432413

001436291
201
001436458

001438668
202
001438836

001442255
203
001442423

001444674
204
001444842

001447176
205
001448596

001452891
206
001453058

001457562
207
001457813

001501649


208
001501817

001504027
209
001504194

001506195
210
001506363

001510575
211
001512703

001515663
212
001516373

001522045


213
001522212

001525298
214
001527176

001531095


215
001532723

001537977
216
001538228

001540939
217
001549365

001551282
218
001552326

001554577
219
001554745

001556996
220
001600960

001602502
221
001602670

001605046
222
001605214

001609258


223
001609927

001611636
224
001611845

001617141
225
001617309

001618476
226
001618644

001621187
227
001621355

001624273
228
001627528

001632448
229
001632700

001637161


230
001637329

001639122
231
001639289

001643001
232
001643168

001647588
233
001647756

001650842
234
001651010

001653261
235
001653429

001655430
236
001701645

001704063
237
001707943

001711154
238
001711780

001716784
239
001724084

001725793
240
001725961

001729881


241
001730049

001735219
242
001735387

001738389
243
001739349

001742685
244
001742853

001745563
245
001747524

001751903
246
001752112

001754947
247
001755532

001759952
248
001800704

001803081


249
001805793

001811297
250
001812424

001814258
251
001814468

001817053
10
252
001817221

001821349
5
253
001824561

001826938
254
001827106

001830525
255
001837407

001840409
256
001841078

001843579
257
001844456

001847667


258
001848585

001852046


259
001852214

001855675
260
001857803

001903182


261
001903433

001906811
262
001907437

001909689
263
001912484

001915153
264
001918115

001919532
265
001928917

001930251
266
001930419

001934088
267
001934256

001936132
268
001936300

001940219
269
001940387

001943347
270
001943515

001947393
271
001949396

001953566


272
001956153

001959280
273
002000199

002005119
274
002005287

002007079
275
002007247

002009457
276
002012669

002014003
277
002014171

002018716


278
002030103

002032980


279
002033607

002037318


280
002037903

002042573


281
002042741

002045952
282
002047663

002049080


283
002051124

002053501


284
002054253

002058589


285
002058757

002101842


286
002102010

002105346


287
002106556

002107974
288
002108141

002112895


289
002114564

002116565
290
002116733

002118067


291
002120195

002121821


292
002123699

002126200


293
002126368

002128077


294
002128245

002131622


295
002137296

002140381
296
002140590

002144468
853
297
002144678

002147722
298
002147889

002151851


299
002152019

002155938
300
002156106

002158316
301
002158483

002201193
302
002201361

002202987
303
002203488

002204947
304
002205115

002209410
305
002209578

002213456
306
002213623

002215333
15
307
002215500

002218127