1
000002919

000006380
2
000006673

000011468
3
000011761

000014471


4
000015849

000019143
5
000019352

000022771


6
000025900

000028444
7
000028611

000032197


8
000032907

000034241
9
000035076

000037870
10
000038079

000040998
11
000041166

000043000
12
000043168

000047838
13
000048965

000052426
14
000053762

000056930
15
000057098

000058182
16
000058391

000101727
17
000106399

000108609
18
000109861

000111987
19
000112155

000115199
20
000116951

000119828
21
000119996

000123415


22
000124125

000126919
23
000128088

000129505


24
000130173

000131548
25
000132133

000133675


26
000134344

000137596
27
000138515

000140182
28
000141976

000144103
29
000144270

000147689
30
000149025

000151819
31
000152195

000155072
32
000155782

000159701
33
000238032

000241285
34
000241452

000243078
35
000243580

000246039
36
000246374

000248375


37
000250503

000252588


38
000252755

000254715
39
000254883

000258719


40
000259470

000301305


41
000301764

000303765


42
000304642

000307853


43
000308271

000312065
44
000312984

000315819
45
000316321

000319948


46
000329792

000333462
47
000333630

000335589
48
000335757

000338759
49
000344265

000349186


50
000349395

000350812


51
000350980

000352981


52
000353191

000356735
6
53
000356945

000358904
54
000359197

000402616
55
000402951

000404910


56
000408665

000412501


57
000412710

000415796


58
000422262

000425681
59
000426724

000430894


60
000432855

000434398
61
000435733

000437567
62
000437735

000439695
63
000439862

000441321


64
000441489

000444741
65
000444909

000447953
66
000448121

000452082
67
000452250

000453667
68
000453835

000455752


69
000455920

000457462
70
000457672

000500549


71
000500758

000502759
72
000502927

000505804
73
000511936

000513979
74
000514147

000515188
75
000515398

000518734
76
000518901

000522529
77
000522697

000526575
78
000532248

000533540
79
000533750

000537669
80
000537879

000541381


81
000541591

000544885
82
000549182

000551892
83
000552060

000554561
84
000555021

000557147


85
000557357

000559775
86
000559984

000601610
87
000602904

000605238
88
000605448

000608867
89
000609077

000613997
90
000614415

000615707


91
000615875

000620587


92
000624092

000626426
93
000627178

000629554
94
000629889

000632808
95
000633059

000634851
96
000641526

000646738
97
000646948

000651660
98
000651869

000654329
99
000655957

000701378
100
000701546

000704339
101
000707510

000712848
102
000713057

000715183


103
000715393

000719020
104
000719230

000723233
105
000724318

000727988
106
000728197

000730574
107
000730741

000733034
108
000733202

000736246


109
000736414

000737914
110
000738207

000741334
111
000741544

000743336
112
000743588

000746673
113
000746841

000748508
114
000748718

000751595
115
000800021

000804399
116
000814827

000815869
117
000816120

000821333


118
000823211

000827964
119
000828174

000832052
120
000834388

000836473
121
000843105

000844397
122
000850947

000855200
123
000855409

000858620
124
000858788

000900121
125
000900289

000903583
126
000904961

000908421


127
000908589

000911299
128
000911467

000916972


129
000917765

000921893


7
130
000922103

000926064
131
000928985

000933613


132
000933823

000937701


133
000937910

000940161
134
000940871

000942914


135
000943082

000946501
136
000946669

000950839
137
000951048

000953717
138
000954885

000958096


139
000959473

001003018
140
001003185

001006104
141
001006564

001009691
142
001009859

001012527
143
001015156

001018116
144
001019493

001021369
145
001021537

001026291
146
001027043

001031212
18
147
001035217

001037093
148
001038846

001040472
149
001040681

001041931
150
001042308

001046686
151
001047813

001051483


152
001104705

001107457
153
001113297

001117926
154
001119762

001120762


155
001120930

001123264
156
001125309

001130271
157
001130439

001133108


158
001133275

001134818
159
001136862

001138446
160
001139657

001141282
161
001141450

001143993
162
001144203

001147288
163
001147456

001150041
164
001150501

001153795


165
001154046

001158133
166
001158342

001203012
167
001203431

001205306
168
001206267

001209561
100
169
001210980

001212981
170
001213232

001216067
171
001217737

001219028
172
001219238

001222240


173
001222658

001224492
174
001224827

001227620


175
001227788

001229122
176
001229290

001234002


177
001240843

001245430
178
001245681

001248099
179
001252313

001254105


180
001254356

001256524


181
001256692

001258067


182
001259195

001302363


183
001305701

001308536
184
001309371

001312332


185
001312625

001314542
186
001315211

001318797
187
001319340

001320799
188
001321300

001323134
189
001323469

001328431
190
001328599

001331476
191
001331644

001334729
192
001335856

001339984
193
001340152

001342195


194
001346992

001349494


195
001349995

001351913
196
001402758

001405426
197
001406303

001410306


198
001410516

001415603


199
001415771

001419941


200
001420109

001422610
201
001422778

001424195
202
001433289

001435582


203
001435749

001438126


204
001438460

001443006


205
001444758

001447343


206
001447553

001450221
207
001450639

001453725
208
001500524

001503401


209
001503569

001505904
210
001510993

001515538
211
001515706

001519834
212
001520336

001525131
213
001525299

001529510
214
001532181

001535475
215
001535684

001537477
216
001540856

001544525
217
001547363

001549072
218
001549740

001553284
219
001555329

001556621
220
001558624

001603544
221
001603754

001607507
222
001607716

001611469
223
001613889

001615723
224
001623899

001626359


225
001626527

001628152
226
001629071

001633074


227
001633242

001634701
228
001636453

001641082


229
001641250

001642667
230
001643252

001645461


231
001645629

001647588
232
001649425

001650925
233
001651760

001653261
234
001654346

001656723
235
001657683

001701436
236
001703147

001704731
237
001705691

001707775
238
001711947

001715324


239
001717828

001720663
240
001720873

001722665
241
001728088

001731632
242
001732134

001733968
243
001734136

001736804
244
001737014

001742477


245
001742686

001745897
246
001746065

001751110


247
001751320

001752528
248
001754656

001759285


249
001801663

001805500


250
001805709

001810713


251
001811673

001814425
252
001814593

001817261
253
001817429

001820515
254
001820682

001822892
255
001823936

001825853
256
001826063

001828356
257
001828524

001829982
258
001830150

001834070
259
001836031

001838699


260
001845707

001847708
261
001849711

001852046


262
001852214

001853840
263
001858053

001900221


264
001900389

001901430
265
001902307

001903724
266
001908063

001911440
267
001911733

001914610
268
001914820

001918406


269
001920242

001922243
270
001922828

001924787
271
001927416

001931335


272
001931628

001933713
273
001933881

001935756


274
001939761

001941762
275
001942764

001945433


276
001946476

001951063
277
001953817

001955776
278
001957112

001958613
279
002001450

002005119
280
002008957

002011292
281
002012794

002017131
282
002019343

002023304
283
002026141

002029143
284
002031897

002034815
285
002037319

002041197
286
002041823

002042823
287
002043659

002045326
288
002050832

002054335


289
002055587

002058130


290
002058298

002059590
291
002101677

002103010
292
002103178

002108015


293
002111353

002112853
294
002115023

002118442
295
002119695

002123197
296
002130330

002133874


297
002143719

002146137
298
002146305

002150808
299
002150976

002153227


300
002153395

002154812


301
002154980

002157732
302
002157899

002158983
303
002159151

002202111
304
002202654

002205239


305
002205407

002208909
306
002209077

002212955
307
002213582

002215499