1
000002293

000005754
2
000005964

000007339
3
000007590

000011510
4
000011761

000013762

5
000016307

000017766
6
000018018

000020102
7
000020270

000022604
8
000022814

000024815
9
000028111

000030946


10
000031448

000033115
11
000034492

000035784
12
000036161

000037202
13
000037370

000040873
14
000041124

000043125
15
000043334

000045169


16
000045462

000047171
17
000047380

000051133
18
000053970

000055137
19
000055388

000056972


20
000059059

000100559
21
000100810

000103020
22
000103313

000104313
23
000105899

000108317


24
000108526

000110819
25
000111071

000112654
26
000112947

000113989
27
000115867

000117326
28
000117535

000118911
29
000119370

000121830
30
000122082

000123499
31
000124542

000128504
32
000128671

000131381


33
000131674

000132674
34
000132926

000135677
35
000137430

000140307
36
000140517

000142893
37
000144187

000145229
38
000145522

000147856
39
000148066

000150067
40
000150360

000152319
41
000152529

000154029
42
000154864

000155864
43
000204207

000207042
44
000208044

000209211
45
000300597

000303223
46
000303474

000305684
47
000306477

000308812
48
000309105

000310272
49
000310440

000313859

50
000315361

000318822
51
000319032

000320824
52
000321034

000323410
53
000323661

000326246
54
000326456

000328707


55
000328875

000330459
56
000330627

000332878
57
000333129

000337341
58
000338218

000340761
59
000341012

000344264
60
000344474

000346934


61
000349562

000352522
62
000352899

000354399
63
000355068

000358654
64
000402492

000404034
65
000404327

000408705
66
000408957

000411416
67
000411668

000414211

68
000414462

000418465

69
000419467

000422302
70
000422553

000424638
71
000424889

000428267
72
000428559

000431436
73
000431688

000433689
74
000440905

000442406
75
000443116

000445492
76
000448037

000449079
77
000449289

000451581

78
000452333

000454334
79
000457005

000458380
80
000459007

000503427
81
000503636

000505178
82
000505388

000508140
83
000508391

000511226
84
000512103

000515397
85
000516441

000517899
86
000518109

000521862
87
000524157

000526283
88
000526534

000529995
89
000530204

000532456
90
000534250

000536501
91
000536753

000538545
92
000540256

000541673
93
000541924

000545010


94
000546012

000549514
95
000549766

000551475
96
000552101

000554644
97
000554896

000559483
98
000559692

000603070
99
000605907

000609493
100
000612497

000614498
101
000617919

000619294
102
000619545

000621755


103
000621964

000626009
104
000626427

000629096
105
000629347

000632182
106
000632433

000635060
107
000635269

000637979


108
000638231

000640690
109
000640942

000643068
110
000643319

000645529
111
000645988

000647322
112
000649409

000650826
113
000651452

000654663
114
000700294

000703130
115
000703840

000707384
116
000707593

000709678
117
000709929

000713432
118
000713641

000717060
119
000719981

000721815


120
000723025

000724067
121
000724277

000726445
122
000728364

000733243
123
000733453

000735245
124
000735496

000737456
125
000737707

000740792
126
000741002

000744421
127
000744672

000747674
128
000747925

000749801
129
000751554

000754139
130
000756684

000759519


131
000759729

000802731
132
000802940

000805275
133
000805443

000807652
134
000812658

000813992
135
000818664

000820999
136
000821209

000823293
137
000824170

000827214


138
000827423

000828507
139
000829509

000830675
140
000830927

000832886
141
000833095

000836014
142
000836224

000840268
143
000840520

000843396
144
000844190

000845941
145
000847485

000848735
146
000848945

000850153
147
000856911

000858161
148
000858412

000900205
149
000902291

000904167
150
000904418

000907295
151
000907547

000909381
152
000910049

000913009
153
000913261

000917722
154
000917932

000920475
155
000922937

000927107


156
000927316

000929401
157
000935116

000936658
158
000938160

000941079
159
000941247

000945292
160
000946002

000947002
161
000947628

000949212
162
000949463

000952007
163
000953593

000955302


164
000955553

000957971
165
000958180

000959598
166
001001183

001003268
167
001003519

001006646
168
001006981

001009983
169
001010568

001012485
170
001012737

001015488
171
001015698

001017198


172
001017450

001019784
173
001026292

001027334
174
001027501

001029044
175
001029295

001030920
176
001031130

001034215
30
177
001036552

001038887
178
001039138

001043266
179
001043517

001047270
180
001048439

001051900
181
001052109

001054611
182
001100242

001101660
183
001105748

001109793
184
001110044

001113797
300pound
185
001114298

001116716
186
001119553

001121304
187
001129563

001131481
188
001131857

001134109


189
001134360

001136820
190
001137071

001141324
191
001146414

001148206
192
001149542

001151251
193
001151502

001152836
194
001155965

001158508
195
001205433

001206558
196
001218320

001219738
197
001220656

001221823
198
001222742

001224451
199
001227246

001229831
200
001230082

001234085
20000
201
001235296

001237297
202
001237548

001239090
203
001239467

001242510
204
001242762

001244179
205
001244972

001246848
206
001247183

001250935
207
001253022

001254689
208
001254982

001258276
209
001259361

001303156
210
001303949

001305658
211
001306535

001310872
865
212
001311123

001315543
1
213
001315795

001319714
2
214
001319882

001322217
862
215
001322510

001326221
216
001326514

001328723
217
001330226

001332227
218
001333103

001335188
219
001336524

001337565
220
001338901

001341236
221
001341695

001343071
222
001345241

001346324
223
001346575

001350245
224
001351080

001352247
225
001352540

001354249
226
001400881

001403758


227
001404009

001405718
228
001405928

001410056
229
001410224

001413601


230
001414186

001415770
231
001416730

001417772
232
001420067

001423194
233
001423445

001427615
234
001427867

001430785
235
001431036

001433079
236
001433247

001434289
237
001436750

001439168
238
001439420

001441296
239
001442548

001445800
240
001446427

001449637
241
001451473

001453474
242
001453767

001455977
243
001456979

001459230


244
001459440

001502317
245
001502484

001503985
246
001504820

001506446
247
001508616

001511492
248
001511785

001515747
249
001516457

001517624
250
001523213

001524672
251
001527092

001529135
252
001529511

001531971
253
001532181

001534098
254
001534350

001536225
255
001536477

001538937
256
001539188

001542857
257
001543150

001545818
258
001546028

001547654
259
001548280

001551366
260
001551617

001554035
261
001555120

001558289
262
001558874

001601125


263
001601293

001605838
264
001606048

001608633
265
001608842

001612845
266
001614890

001617642
267
001617893

001620353
268
001620562

001624065
269
001625359

001626901
270
001628278

001629320
271
001629488

001632281
272
001632491

001636327
273
001638163

001641416
274
001641667

001645670
275
001645921

001647880
276
001648048

001649090
277
001649258

001651509


278
001658100

001701728
279
001701937

001704439
280
001706442

001707734
281
001708318

001710361
282
001713699

001718202
283
001720205

001724333
284
001724585

001726044
285
001726295

001729255
286
001729465

001732467
287
001733135

001735470
288
001735721

001738306
289
001738474

001739599
290
001739850

001744645
291
001745355

001746856
292
001747107

001749233
293
001750652

001752987
294
001754323

001758326
295
001758577

001802789
296
001804625

001806417
297
001807669

001810004
298
001810380

001813466
299
001815594

001816677
300
001816929

001820640
301
001823018

001824018
302
001824853

001826020
303
001830275

001834779
304
001844456

001845498


305
001845707

001846833
306
001903058

001905935
307
001906186

001908688
308
001911191

001913067
309
001913443

001916195
310
001917865

001920491
311
001920701

001922702
312
001925455

001928833
313
001929042

001931961
314
001932171

001933337
315
001933589

001937842
316
001938093

001940011
317
001941889

001944891
318
001946101

001947393
319
001947603

001949478
320
001949688

001954692
321
001955110

001956110
322
001957571

002001616
323
002001867

002005995
324
002011627

002013878
325
002015923

002020092
326
002020594

002024013
327
002024514

002026432
328
002026642

002029518
329
002029811

002031270
330
002035609

002037443
331
002039196

002040238
332
002046036

002047828


333
002048580

002050665
334
002050958

002053084
335
002058548

002103552
336
002104429

002106764
830
337
002107349

002110434
338
002110644

002112853
339
002113105

002114689
340
002117109

002120695


341
002120988

002122280
342
002122489

002126200
343
002126493

002128661
344
002132749

002134792
345
002135043

002137545
346
002137713

002138713
347
002138880

002141465
348
002141675

002144885
349
002148223

002149557


350
002149850

002151976
351
002157065

002158816
352
002159067

002201527
353
002201737

002203237
354
002203488

002206157
355
002207826

002209076
356
002209369

002210995
357
002211246

002213247


358
002215751

002220171
359
002220422

002221672
360
002221965

002225926
361
002226595

002227845
362
002228096

002230765
363
002231016

002233601