1
000002585

000004920
2
000005130

000006463
3
000007132

000008966
4
000009175

000012678
5
000013388

000015305


6
000015473

000017057
7
000017350

000018726
8
000019728

000022396


9
000022564

000025232
10
000025400

000027484


11
000027736

000029737
12
000029946

000033449


13
000033700

000034992
14
000035201

000037494
15
000037746

000041290
16
000043543

000046879


17
000048381

000050591
18
000050925

000053343
19
000054804

000055846
20
000056056

000058390
21
000058558

000100768
22
000100935

000102061
23
000102270

000105689
24
000106775

000109568


25
000109736

000111737
26
000111988

000114656


27
000114824

000118243


28
000118495

000122331
29
000123041

000124083
30
000124292

000126335
31
000126544

000130464
32
000131257

000133258
33
000133426

000136470
34
000136679

000138806
35
000139432

000142142
36
000238032

000241118
37
000241286

000245080
38
000245456

000248292
39
000253798

000255215
40
000257051

000259052


41
000259971

000303807
42
000304434

000305475
43
000305643

000308437
44
000308605

000310856
45
000311065

000313025
46
000314819

000316653
47
000318239

000320908
48
000321117

000323243
49
000327790

000329875
50
000330084

000331251


51
000331502

000334046
52
000334255

000335505
53
000335673

000338175
54
000338343

000340344
55
000341346

000342554
56
000342764

000344139
57
000344307

000345349
58
000348645

000350103
59
000355109

000358278


60
000359781

000402532


61
000403952

000405118
62
000405370

000407621
63
000411626

000417381
64
000417632

000420092
65
000420301

000422678
66
000422929

000424763


67
000426849

000428100
68
000429435

000430769
69
000432730

000434606
70
000434774

000436775
71
000436943

000438443
72
000438653

000441780
73
000441990

000444866
74
000445076

000447035
75
000448162

000449746
76
000450164

000452082
77
000452250

000453750
78
000454002

000457254
79
000458798

000501008
80
000505096

000506930
81
000507098

000509474
82
000509642

000512477


83
000514022

000517524
84
000517692

000519109
85
000519277

000522279
86
000523489

000524990


87
000528578

000530162


88
000530330

000531830
89
000532040

000534166
90
000539047

000541548
91
000542383

000543675
92
000543926

000545969
93
000554145

000555812
94
000600818

000602402
95
000602570

000604613


96
000604781

000606948
97
000607116

000608492
98
000610036

000613288
99
000613456

000617376
100
000618211

000619836
101
000620421

000622172
102
000622715

000623882
103
000624092

000628136
104
000628554

000630806
105
000630973

000633308


106
000633976

000635894
107
000636604

000639606


108
000639816

000642609
109
000642860

000645821
110
000646072

000648740
111
000649409

000650867
112
000651911

000654663
113
000655498

000656957
114
000657125

000659501
115
000659669

000702379
116
000702880

000705632
117
000705842

000709094


118
000709345

000710470
119
000710680

000713473
120
000713641

000716560


121
000718729

000720856
122
000723943

000726653
123
000726863

000729489
124
000729740

000733118
125
000734287

000736413
126
000738458

000740542
127
000743254

000744629


128
000744839

000747007
129
000747175

000748925


130
000749260

000750594
131
000750803

000752804
132
000754807

000758560
133
000758811

000801188
134
000806694

000808945


135
000809155

000812616


27
136
000813993

000815452
137
000816496

000818538
138
000819123

000820832
139
000821918

000822959
140
000824587

000828298
141
000830760

000832052


142
000832261

000836014
143
000836265

000839518
144
000841395

000842437


145
000842605

000844439
146
000844607

000846942


147
000847151

000849402


148
000849654

000852030


149
000853115

000856826
150
000857036

000858954
151
000859205

000901122
152
000901290

000904334
153
000905795

000909923
154
000910132

000912175
155
000918933

000922269
$1000
156
000923020

000925772
$1000
300
157
000925982

000928817
158
000935324

000936616
159
000936784

000938618
160
000938786

000941830


161
000942039

000946793
162
000947378

000948878
163
000950548

000953508
164
000953718

000955719
165
000955928

000958638
166
000958806

001000265
167
001002310

001004185
168
001006897

001009899


169
001011527

001012986
170
001013195

001017574


171
001018367

001021328


172
001022872

001023913


173
001024123

001027208
174
001027460

001030670
175
001030921

001033882
176
001034133

001036968
177
001039263

001040722


178
001041432

001042766
179
001043726

001045727
180
001046020

001048271
181
001048522

001050774
182
001052443

001053943
183
001054570

001056404
184
001057907

001101618
185
001102662

001103703
186
001105831

001108083
187
001108334

001111711
188
001111879

001113296
189
001114965

001118134
190
001119595

001121012


191
001121263

001123223
192
001129939

001132107
193
001134193

001135902
194
001137905

001140615
195
001140866

001142283
196
001142535

001145161


197
001145955

001147372
198
001148457

001150125
199
001152044

001153962
200
001154171

001155714
201
001156173

001159342
202
001200469

001202470
203
001203305

001204764
204
001208185

001209769
205
001217486

001219904
206
001222366

001224409
207
001224618

001227912
208
001228914

001230498
209
001233461

001235462
210
001235671

001237589
211
001237798

001241259
212
001243763

001245263
213
001245473

001247974
214
001248225

001251519
215
001252062

001254731
216
001254940

001257317
217
001257485

001259027
218
001259236

001302614
219
001307119

001308161
220
001308370

001311122
221
001311332

001314000
222
001315252

001318087
223
001318255

001320465
224
001320716

001323384
225
001325137

001326679
226
001326972

001329432


227
001329600

001330642
228
001331936

001333561


229
001333771

001335271


230
001335481

001339192
231
001339735

001341319
232
001341529

001344489
233
001345991

001347700
234
001347910

001351871
235
001352373

001353623
236
001353833

001356543
237
001356794

001359796
238
001400923

001402215
239
001402550

001404551
240
001404718

001407178
241
001410057

001411891


242
001413769

001415812
243
001415980

001418314
244
001425906

001427407
245
001428492

001430660
246
001430870

001432036
247
001432413

001433496


248
001433747

001435039


249
001435249

001437125
250
001437293

001439335
251
001441672

001444591


252
001447094

001448678
253
001450097

001453474
254
001454184

001456644
255
001457730

001458938
256
001459189

001502859
257
001504361

001505612
258
001506572

001508364
259
001510200

001511868


260
001514413

001518082


261
001518292

001521461
262
001521712

001524130
263
001525049

001528134
264
001528344

001531512
265
001532097

001536559
266
001537436

001539437
267
001539939

001541689
268
001543150

001546277
269
001546528

001549322
270
001549490

001551449
271
001551617

001553868
272
001554787

001558539
273
001600292

001602752
274
001603003

001604796
275
001605923

001607757


276
001608008

001610259
277
001610511

001614430
278
001614682

001617141
279
001617351

001621562
280
001622815

001624607
281
001624984

001628319
282
001628487

001631948
283
001632783

001635785


284
001636036

001638830
285
001639039

001641124


286
001641291

001644627
287
001644878

001647797


288
001648424

001652051
289
001653262

001656097
290
001656265

001657765
291
001700936

001704731
292
001705691

001707775


293
001707985

001710111
294
001710779

001712572
295
001712740

001715533


296
001715743

001718119
297
001722249

001726252


298
001726462

001728254
299
001728505

001731549
300
001732176

001734677


301
001734887

001737472
302
001738057

001739098
303
001739308

001742518
304
001743062

001746272


$2000
305
001747107

001749400


306
001750110

001751778
307
001752029

001756824
308
001757034

001759118
309
001759286

001800870
310
001802831

001804415
311
001804583

001806959
312
001807169

001808878
$800
313
001809046

001811380
314
001811590

001815009
315
001815219

001817470
316
001817638

001820264
317
001823811

001826604
318
001833570

001836656


319
001836865

001838658
10
320
001838867

001840868
321
001841078

001844455
322
001844623

001847458
323
001847709

001849544
324
001851171

001852296
325
001852464

001854132
326
001854299

001856217
327
001856468

001859137


328
001859638

001901222
329
001904351

001906435
330
001909690

001912483
331
001912734

001914318
332
001917030

001918656
333
001918907

001920533
334
001920909

001923327


$1500
335
001923579

001925621
336
001928917

001931586


337
001932713

001935006


338
001935257

001938176
339
001938427

001941053
340
001943807

001948561
341
001959698

002001282
342
002001491

002004035
343
002004369

002007163
344
002007414

002008873
345
002009166

002010917
346
002011168

002013669


347
002015797

002017048
348
002017925

002019425
349
002022554

002026098
350
002030938

002032438
351
002032856

002036108
352
002036318

002038069


353
002038237

002041239
354
002041448

002043366


355
002044910

002046786


356
002047037

002050122


357
002050874

002054085


358
002059424

002102176
359
002103095

002106138
360
002106348

002108266
361
002108433

002111477
362
002112896

002114605


363
002115524

002117108
364
002117401

002119151


365
002119361

002122196
366
002124283

002126367


367
002132416

002133749
368
002133917

002136085
369
002136336

002138462
370
002138672

002140381
371
002140632

002143259
372
002143468

002145511
373
002145679

002148222
374
002148432

002149932