1
000002794

000004586


2
000004963

000006755
3
000007007

000009675
4
000010969

000012011
5
000012262

000014179
6
000014931

000016015
7
000019060

000020436
8
000020729

000021770
9
000021938

000024440
10
000024733

000027568


11
000027944

000029862
12
000030780

000032948
13
000033199

000036535
14
000036786

000040748
15
000040957

000044251
16
000044669

000047046
17
000047255

000050632
18
000050884

000054261
19
000055472

000057806
20
000058808

000100726
21
000101561

000103437
22
000154614

000157449
23
000157742

000159660
24
000201538

000204331
25
000206960

000209628
26
000209838

000212965
27
000213550

000215384
28
000215844

000217761
29
000218012

000219888
30
000220181

000222891
31
000224144

000226603
32
000229691

000232317
33
000237073

000241368
34
000241619

000244746
35
000245039

000249001
36
000250420

000252671
37
000256176

000259011
38
000259220

000300429
39
000300680

000304808
40
000305059

000307686
41
000308188

000312566
42
000313693

000314735
43
000315486

000316528
44
000316905

000320199
45
000320450

000323994
46
000328124

000329499
47
000329792

000332127
48
000332337

000333503
49
000333755

000336924
50
000337133

000340344
51
000344057

000348143
52
000352815

000354608
53
000355485

000357444
54
000359948

000402824
55
000403034

000407037
56
000409791

000411541
57
000413127

000416838
58
000417006

000419007
59
000419550

000423053
60
000423680

000427933
61
000428309

000429518
62
000429811

000433021
63
000433314

000437234
64
000437527

000440195
65
000442073

000444533
66
000446703

000449204
67
000449372

000451123
68
000452166

000453917
69
000454502

000455544
70
000456421

000501425
71
000506681

000507723
72
000517775

000520777
73
000521362

000523071
74
000524657

000526992
75
000527201

000528869
76
000529370

000531288
77
000531581

000533040
78
000535626

000538420
79
000538796

000541214
80
000541466

000543383
81
000543634

000546970
82
000547180

000551558
83
000551976

000554311
84
000555063

000556730
85
000556939

000559399
86
000600401

000602444
87
000603029

000605822
88
000606074

000608533
5
89
000609452

000613622
90
000613831

000617751
91
000618461

000620837
92
000626344

000629638
93
000629847

000631807


94
000633643

000634684
95
000636104

000639314
96
000641359

000644486
97
000645071

000647531
98
000647782

000651034
99
000654789

000656289


100
000656541

000700419
101
000701045

000705507
102
000706092

000709010
103
000709262

000713557
104
000713766

000715225
105
000716561

000718353
106
000720189

000723775
107
000724026

000726278


108
000727613

000730073
109
000733578

000735245


110
000736038

000738957
50
111
000739709

000740750
112
000741002

000742752
113
000742962

000745964
114
000746174

000747966


115
000748259

000750177
20
116
000752722

000754264
117
000754515

000756391
118
000756642

000759060


119
000800188

000803440
401
120
000804442

000806776
121
000810531

000811573
122
000813743

000818079
123
000818289

000819998
124
000820208

000823001
125
000823794

000824836
126
000826464

000828048
127
000828382

000830926


128
000831219

000835597


129
000835765

000838892
130
000840603

000843730
131
000844982

000846983
132
000847610

000849528
133
000849779

000851863
134
000852114

000853156
135
000853407

000855492
136
000856035

000857786
137
000857995

000900455
138
000900706

000902415
139
000908130

000910465
140
000910716

000911841
141
000912134

000915136
142
000915346

000916638
143
000917348

000919224
144
000919475

000921935
145
000922270

000926606
146
000926816

000929276
147
000929485

000933488
148
000935658

000937867
149
000938077

000939828
150
000940788

000942372
151
000944208

000947085
152
000947336

000951047
153
000951716

000955927
154
000956387

000959222
155
000959640

001004477
156
001007273

001008356


157
001008608

001011693
158
001011902

001013737
159
001020703

001022078


160
001022288

001024372
161
001024582

001026249
162
001026667

001027792
163
001028002

001031171


164
001031714

001032714
165
001033507

001035634
166
001037303

001039179
167
001043726

001047145
168
001048314

001050440
169
001051484

001054361
170
001054612

001056905
171
001057365

001101117
172
001101369

001103995
173
001106540

001109793
174
001109960

001112837
175
001114048

001117592
176
001117802

001120095


177
001120346

001122597
178
001122765

001123807
179
001125643

001128812
180
001129063

001131940
181
001136362

001138405
182
001140574

001142283
183
001142535

001145912
184
001146080

001147122
185
001149083

001152377
186
001153504

001155296
$300
187
001155548

001158007
188
001158217

001201594
189
001204056

001206975
190
001207143

001211020
191
001211814

001213273
192
001213524

001214816
193
001215151

001219195
194
001219405

001222157
195
001223534

001227912
196
001229415

001231499
197
001232543

001236337
198
001236547

001238006
199
001240009

001241926
200
001242136

001244763
201
001248392

001251519
202
001252271

001255398
203
001256317

001259152
204
001307870

001309370
205
001310039

001313833
206
001315294

001316961
207
001318714

001321090
208
001322927

001325887
209
001326138

001328431
210
001333020

001335897


211
001336190

001337524
212
001337733

001341361
$327
213
001341570

001344906
$238
214
001345115

001347575
215
001348994

001351621
327
$238
216
001353082

001356751
217
001357002

001359420
218
001401924

001403591
219
001403801

001406427
220
001406720

001410014
221
001411433

001412600
222
001412893

001416312
223
001417231

001420650
224
001420901

001422902
225
001424029

001425905
226
001426448

001429534
227
001429785

001431786
228
001435791

001437417
229
001438127

001439252
230
001441046

001442964
231
001444341

001447093
232
001448679

001451681
233
001452266

001453641
234
001453893

001457770
235
001458355

001502150
236
001503193

001504652
237
001504987

001506988
238
001507156

001509991
239
001510200

001512076
240
001512328

001514996
241
001515164

001516998
242
001517207

001519834
243
001521337

001523254
244
001524298

001527592
245
001528636

001531679


246
001545027

001546027
247
001546528

001548655
248
001548864

001553952
249
001554453

001556245
250
001556664

001558247
251
001558540

001600750
252
001601543

001605880
253
001606256

001608049
254
001608342

001611260
255
001611428

001614472
256
001615307

001616933
257
001617184

001620144
258
001620396

001621896
259
001622106

001624148
260
001624858

001626734
261
001627027

001628903
262
001629154

001633908
263
001635327

001636661


264
001637913

001640415
265
001641333

001642375
266
001642626

001644585
267
001647047

001651259
268
001652177

001654345
269
001654555

001655847
270
001657307

001702103
271
001702312

001704731
272
001704940

001706065
273
001709945

001712238
274
001713866

001714991
275
001715159

001717368
276
001717619

001721205
277
001724710

001728463
278
001730549

001733384
279
001734303

001736012
280
001738432

001741684
281
001744938

001746647
282
001747900

001751402


283
001752488

001753529
284
001753989

001756240
285
001757451

001758951
286
001808754

001810630
287
001811840

001813091
288
001813592

001815676
289
001818013

001820890
290
001821225

001822475
291
001826730

001828981
292
001830901

001833903


293
001836156

001839408
294
001839618

001843746
295
001843956

001846666
296
001846834

001848709
297
001849545

001851462
298
001851922

001853923
299
001856593

001858845


300
001859721

001903432
301
001904977

001908980
302
001909982

001912150
303
001912401

001915903
304
001916572

001918364
305
001921743

001922785
306
001923912

001925746
307
001925956

001927999
308
001928500

001929959
309
001930169

001931210
310
001932379

001936841
311
001937885

001939594
312
001940804

001943431
313
001943807

001945433
314
001945809

001947185
315
001947519

001949187
316
001952107

001956944
317
001959823

002001282
318
002005662

002008998
319
002009291

002011709
320
002014796

002015963
321
002017174

002020426
322
002024640

002026349
323
002026808

002027975
324
002028644

002029685
325
002031939

002033439
326
002036068

002037360
327
002037569

002039528
328
002039738

002043449
329
002046870

002049497
330
002049748

002052041
331
002053418

002054460
332
002054670

002058965
333
002102010

002103469
334
002104846

002107390
335
002110560

002113688
336
002113855

002116941
337
002118402

002121904
338
002122239

002126075
339
002126952

002129370
340
002130038

002132790
341
002133125

002136252
342
002137671

002140131
343
002140382

002143801
344
002145012

002147888
345
002148181

002151392
346
002152936

002155896
347
002201194

002203404