1
000006256

000009550
2
000012387

000014138
3
000016641

000020394
4
000020562

000023856
5
000024024

000025983
6
000028486

000029528
7
000029696

000032531
8
000033908

000036702
9
000039539

000041248
10
000042292

000045335
11
000045503

000046754
12
000048173

000050716
13
000051634

000055095
14
000055263

000056305
15
000056473

000058098
16
000058725

000100934
17
000101144

000104063


18
000104230

000108275
19
000108443

000112196
20
000112363

000114823


21
000114991

000116575
22
000117243

000120829
23
000120997

000124708


24
000124876

000125918
25
000127295

000130547
26
000130757

000131799
27
000132008

000135469
28
000135637

000136720
29
000136888

000140265


30
000140433

000143811
31
000144062

000146855
32
000147023

000148649
33
000148817

000150901
34
000151569

000154530


35
000155406

000158867
36
000159536

000202788
37
000202956

000205833
38
000206501

000210254
39
000210421

000214758
40
000214926

000217719
41
000218555

000220806


42
000220974

000223517
43
000223852

000225978
44
000226146

000227396
45
000227564

000229273


46
000229440

000231233
47
000231401

000235237
48
000235405

000240159
49
000240326

000241869
50
000242036

000244329
51
000328917

000332628
52
000332795

000337216
53
000337383

000339009
54
000339177

000342846
55
000343014

000344723
56
000348978

000351230
57
000352482

000355192
58
000355360

000358278
10
59
000358446

000401448
60
000401616

000402741
61
000405495

000407329


62
000410708

000412417
63
000414379

000415879
64
000419300

000423428
65
000423596

000427057
66
000427225

000429101
67
000429394

000430435
68
000430603

000433730
69
000433898

000437776
70
000437944

000442114
71
000442282

000444783
72
000445201

000447577
73
000447745

000450956


74
000451165

000454209
75
000454460

000456837
76
000457505

000459840
77
000501175

000502718
78
000504304

000508056


79
000508224

000509641
80
000511602

000516231
81
000516399

000518900
82
000519068

000521653
83
000522363

000525157


84
000529996

000534583
85
000534751

000539421
86
000540465

000542716
87
000542884

000547304
88
000549849

000552809
89
000552977

000555062
90
000557148

000600192


91
000600360

000604988
92
000605156

000607991


93
000608159

000611161
94
000611329

000613747
95
000615333

000618418
96
000618586

000620003
97
000622340

000623799
98
000623966

000625217
99
000625385

000628929


100
000629097

000631932
101
000633059

000634601
102
000635686

000639856
103
000640024

000643318
104
000646072

000648281
105
000648449

000649491


106
000649659

000650951
107
000651202

000652244
007
108
000652412

000657624
109
000657792

000659418
110
000659585

000702754
111
000704549

000708885
112
000709053

000712806
113
000714725

000716685
114
000721524

000724860
115
000725111

000726236
116
000726404

000728405


117
000728573

000730115
118
000732785

000734703


119
000735830

000737622


120
000737790

000741835
121
000742003

000744212
122
000744380

000748508


123
000748676

000750260
124
000750428

000752679


125
000752847

000755557
126
000757768

000800228
127
000800396

000802689
128
000802857

000804024
129
000805776

000808945
130
000809113

000812073


131
000812241

000814910
132
000815077

000817245


133
000817413

000818663
134
000818831

000820415
135
000820666

000824586
136
000824837

000828465
137
000829842

000831843
138
000832970

000836097


139
000838226

000840602
140
000842605

000846608
141
000846776

000849110
142
000849362

000853448
143
000853616

000856952
144
000858579

000901581


145
000902083

000904459
146
000904627

000908213
147
000914720

000920016
148
000920184

000924896
149
000925064

000926940
150
000927108

000932028
151
000932238

000935740
152
000935908

000937200
153
000938536

000940412
154
000940580

000943957
155
000944125

000947043
156
000947295

000950171
157
000954927

000955969


158
000956137

000957846
159
000958014

001000557
160
001001851

001005729
161
001005896

001007772
162
001008441

001009774


163
001009942

001014988
164
001015239

001017699
165
001018367

001020660
166
001020828

001022495


167
001022663

001026416
168
001026584

001029002
169
001029170

001031671
170
001031839

001035300
171
001039764

001042515
172
001042767

001046978
007
173
001047146

001051358
174
001051525

001056112


007
175
001059784

001101993


176
001102161

001103495
177
001103663

001105997
2
8
178
001106165

001108833
3
6
179
001109001

001112003
180
001112171

001114255
181
001116634

001117967
182
001118135

001120637
183
001120805

001123014
184
001123182

001127352
185
001127520

001130522


186
001130690

001132816
187
001132983

001136444
188
001136612

001137654
189
001137822

001140657
190
001140825

001142367
191
001142618

001147205
192
001147373

001151209
193
001151460

001153837
194
001157049

001202053
195
001202221

001206641
196
001206892

001210145
197
001210312

001214649
198
001216902

001218445
199
001218696

001222824
200
001224452

001226244
201
001232835

001237922
202
001238132

001241092
203
001241260

001245555
204
001245723

001247307


205
001247475

001252937


206
001253105

001254147
207
001254315

001256566


208
001256734

001300779
209
001303616

001304657
210
001304825

001308161
211
001308412

001311164
212
001311332

001312373
213
001312541

001315251
214
001315419

001317378
215
001320299

001321800
216
001322134

001325303
217
001325471

001330141
218
001331018

001332060
219
001332228

001337649
220
001337817

001340944
221
001341195

001342695
222
001344114

001348243
223
001348410

001350119
224
001356710

001359003
225
001400965

001404676
226
001405761

001410098
227
001410349

001413059
228
001413310

001418273

007

229
001418440

001422527

007

230
001424488

001429826

007

231
001434331

001436541
232
001439378

001444591
007
233
001444758

001446718
234
001446886

001449929


235
001452808

001453892


236
001454059

001456019
600
237
001456186

001500231
6
6
238
001500399

001501900
239
001503903

001507447
240
001507656

001510950
241
001511118

001513828
242
001514997

001518207
243
001518459

001520710
244
001520961

001525590
245
001525758

001527800
6
246
001527968

001530470
247
001530638

001533431
248
001533849

001535600
249
001535768

001538728
250
001538938

001543149
251
001543317

001544776
252
001544944

001546819
253
001546987

001550031
254
001550240

001551407
255
001551909

001554410
256
001554578

001557997
257
001558165

001559248
258
001600209

001605046
259
001605214

001607548
260
001607716

001610218
261
001612221

001614180
262
001614348

001617892
263
001619186

001623940
264
001624191

001627568
265
001627736

001630405
266
001630572

001633032
267
001633283

001637203
268
001637371

001640415


269
001640582

001642291


270
001646296

001647338


271
001647506

001648715
272
001648882

001649924
273
001650092

001653052
274
001654138

001657306


275
001658100

001659809
276
001700019

001703062
277
001703230

001705732
278
001705899

001710903
00
7
279
001711071

001715783
280
001715951

001720079


281
001722082

001723291
282
001724376

001728588
00
7
283
001730883

001732592
284
001734720

001737305
285
001740100

001741476


286
001741643

001744562
287
001744730

001745855
288
001746023

001747815
289
001747983

001752320
290
001752863

001754906
291
001756325

001757867
292
001758035

001801746
293
001804249

001805291
294
001805459

001807210
295
001807377

001809754
296
001809922

001812298
297
001812466

001816886
298
001818222

001822642
299
001822851

001825353
300
001825521

001826687
301
001827314

001829649
302
001829900

001834362
303
001836865

001837949
304
001838659

001842245
305
001842496

001844956
306
001850504

001854715
307
001854883

001856759
308
001857010

001901013
309
001901223

001902932
310
001905310

001906853
311
001907104

001909480
312
001909731

001913985
313
001914153

001916279
314
001916446

001919699
315
001927207

001931377
316
001932963

001935298


317
001935465

001937717
318
001937926

001941429
319
001943515

001947643
320
001947811

001949020
321
001952232

001955151
322
001956528

001958821
323
001958989

002001699
324
002001867

002005077
325
002005913

002007705
326
002009249

002010708
327
002011376

002012418
328
002013837

002017340
329
002017591

002020760
330
002020928

002023971
331
002024139

002027642
332
002029269

002033439
333
002035067

002036734
334
002036985

002039153
335
002039404

002040947
336
002050165

002051207
337
002051833

002055711
338
002102052

002103261
339
002103428

002105972
340
002107015

002109600


341
002117442

002118776
342
002119027

002123864
23rd
343
002125617

002128869
344
002129663

002131539


345
002131790

002135126
346
002138380

002141590


347
002141758

002145052
348
002145721

002146971