1
000003878

000007464
2
000007632

000009383
3
000009551

000012177
4
000013930

000016682
5
000016850

000018892


6
000020729

000021770
7
000021938

000023939
8
000024107

000026233
9
000026651

000027860
10
000028028

000031071
11
000032866

000037369
12
000039539

000041874
13
000043126

000047129
14
000048923

000051050
15
000054888

000056889
16
000059309

000100809
17
000100977

000103437
18
000142560

000144019
19
000144562

000147606
20
000147982

000150609


21
000152237

000155614
4
350
22
000158201

000159409
23
000201746

000203497
24
000203665

000205499
25
000205667

000207501
26
000208628

000210254
27
000211673

000213423
28
000213591

000215425
29
000215593

000218595
30
000219222

000222891
31
000223059

000226728
32
000226896

000228355
33
000230108

000232734
34
000232902

000234486
35
000234654

000237239
36
000237407

000239783
37
000239951

000241618
38
000241786

000244204
39
000244372

000247708
40
000247876

000250419
41
000251796

000252921
42
000253298

000256175
43
000256342

000259928
44
000300096

000301847
45
000302015

000305851
46
000307187

000310814
47
000310982

000313358
48
000318072

000319114
49
000319282

000321491
50
000323453

000326663


51
000328208

000331585


52
000331753

000333003
53
000333171

000335964


54
000338676

000339760
55
000343932

000347601
56
000348102

000350479
57
000350647

000352648
58
000352815

000355525
59
000356361

000357444
60
000357612

000401114
61
000404285

000408080
62
000409290

000411541
63
000412210

000414753


64
000414921

000416213


65
000416381

000420050


26th
66
000420218

000422219
26th
67
000422387

000424012
68
000430186

000435107
69
000435817

000438860
2
70
000439028

000441405
71
000441572

000442948
72
000443116

000445450
73
000445618

000447869
74
000448037

000449955
75
000450123

000453792
76
000453960

000456712


77
000501217

000502718
78
000503261

000505554


79
000505722

000508265
80
000508433

000511268
81
000511436

000513645
82
000515690

000517149
83
000517317

000521570
84
000523072

000525240
85
000525408

000526450
86
000532957

000534374
87
000534542

000537627
88
000537795

000539171
89
000539881

000543633
90
000544385

000548930
91
000554645

000555687
92
000555855

000559399
93
000600234

000603195
94
000603363

000606823
95
000606991

000609534
96
000610119

000611161
97
000611329

000612996
98
000613164

000617042
99
000617752

000619669
100
000619837

000624049
101
000625843

000628595
102
000628763

000631681
103
000641901

000643652
104
000643820

000646696
105
000647532

000649783
106
000654622

000655747


107
000655915

000657374
108
000658334

000659543
109
000659710

000702462
110
000702630

000706049
111
000707343

000710470
112
000710638

000714141
113
000714308

000716351
114
000716561

000717686
115
000717854

000720897
116
000724902

000727779
117
000727947

000729781
118
000729949

000733201
119
000733369

000736121
120
000736289

000740709
121
000741335

000742794
122
000743212

000746506
123
000746674

000748133
124
000748926

000751553


125
000751721

000753054
126
000756601

000800103

130

127
000800646

000803440
160
128
000803608

000806026
129
000806736

000807861
130
000809614

000812407


131
000814118

000816828
132
000817413

000819289
133
000819457

000821041
134
000822793

000824169
135
000824337

000827422
136
000828132

000831134


137
000832637

000835430
138
000835598

000839226
139
000839685

000841853
140
000842021

000845190
141
000845358

000847192
142
000847360

000849194


143
000849779

000851321
144
000853741

000855951
145
000856118

000859287
146
000859455

000902082
147
000904001

000906836
148
000907004

000908838
149
000911259

000913635
150
000913803

000917347
151
000917765

000920809
152
000920977

000924813
153
000925523

000928525
154
000928693

000932320
155
000933197

000936491


156
000938578

000941204
157
000941372

000942664
158
000942832

000945959
159
000946127

000947210
160
000949005

000951298
161
000953217

000956177
162
000956345

000957887
163
000958055

001002017


164
001002810

001004603
165
001005146

001007731
166
001007898

001009941
167
001010109

001012360
168
001016741

001019743
169
001019910

001022454
170
001025541

001028043
171
001028210

001031338
172
001031505

001033506
173
001033674

001036593
174
001036761

001039262
175
001042433

001045602
176
001045770

001049439
177
001050691

001053943


178
001055946

001058406
179
001058574

001100075
180
001102078

001104663
181
001104830

001107624
182
001107792

001111419


183
001113297

001116966
184
001117134

001120845
185
001122431

001124933
186
001125101

001129396
187
001129563

001131314
188
001131482

001135151
189
001136487

001138780
190
001139156

001142826
191
001143452

001147747
192
001147915

001151292
193
001151460

001154587
194
001155506

001158800
195
001158968

001202262
196
001202430

001205306
197
001205766

001207350
198
001207518

001209894
199
001210688

001213523
200
001213691

001218111
201
001218279

001222657
202
001222825

001225827
203
001225995

001228329
204
001228539

001230540
205
001230708

001233251
206
001233419

001234753
207
001235379

001238006
208
001238174

001242510
209
001242928

001244429
210
001244597

001246347
211
001246515

001250393
212
001250561

001253521


213
001316504

001318505
214
001321634

001324469
215
001325846

001327639
216
001327807

001330350
217
001330518

001333019
218
001333187

001334687
219
001335314

001338858
220
001341862

001344072
221
001345032

001348243
222
001348410

001350286
223
001352623

001355750
224
001356168

001358461
225
001358629

001402799
226
001404385

001406594
227
001406762

001408805
228
001408973

001412642
229
001412810

001415562
230
001415729

001418273
231
001418440

001420733
232
001422111

001425446
233
001425781

001429742
234
001429910

001433037
235
001434415

001437292


236
001439128

001441004
237
001441171

001445133
238
001445301

001447969
239
001450514

001454183
240
001455603

001457520
241
001503110

001507030


242
001507197

001510116
243
001510284

001512368
244
001512536

001513703
245
001514330

001516289
246
001520002

001523379
247
001523923

001528051
248
001528636

001531095
249
001534391

001535642
250
001535809

001537518
251
001538938

001541606
252
001541774

001544567
253
001544735

001547862
254
001548447

001552659
255
001553035

001557246
256
001557414

001600249
257
001601919

001606255
258
001606423

001608841
259
001610260

001612178
260
001612346

001613930
261
001614098

001617642
262
001617977

001620937
263
001623607

001625024
264
001625484

001626693
265
001626860

001631239
266
001631407

001633700
267
001635661

001637662
268
001638288

001641207
269
001641375

001643042
270
001655848

001658266


271
001658434

001702020
272
001702187

001704272
12
14
273
001705816

001708860
274
001709028

001710945
275
001711113

001713990
276
001717786

001718870
277
001719038

001721664
278
001722332

001724417
279
001724585

001727420
280
001727588

001731716


281
001733093

001734427
282
001734595

001738389
283
001739725

001742518
284
001742686

001744687
285
001744855

001746689
286
001749485

001751903
287
001759495

001802663
288
001804208

001806084
289
001806251

001812006
290
001812174

001814967
291
001816386

001820765
292
001820933

001823810
293
001823977

001826521
294
001826688

001829482
295
001829650

001831692
296
001831860

001834362
297
001834530

001836239
298
001839451

001842620
299
001842788

001844997
300
001847709

001850419


301
001851255

001853548
302
001853715

001855341
303
001905644

001907520
304
001907688

001910648
305
001910816

001914026
306
001914319

001915695
307
001915863

001918614
308
001919158

001920658
309
001921702

001923369
310
001923537

001926122
311
001926290

001927832
312
001928000

001929041
313
001929209

001932211
314
001932379

001935131
315
001935299

001937133
316
001937301

001940386
317
001941263

001946434
318
001946602

001951564
319
001951732

001954275

320
001956486

001958487
321
001958655

002001782
322
002002534

002005161
323
002005329

002008080
324
002009875

002011959
325
002014796

002016505
326
002016965

002019425
327
002022804

002025556
328
002026058

002027391
329
002027768

002031646
330
002032314

002034982
331
002035150

002037526
332
002040614

002042323
333
002042491

002046285
334
002046995

002049747
335
002053043

002055461
336
002056505

002058631
337
002058799

002101300


338
002111103

002112770


339
002112938

002114230
340
002119653

002123489
341
002125284

002127451


342
002127619

002129245
343
002129788

002132373
344
002132541

002135668
345
002137337

002139422