1
000008967

000010634
2
000010802

000013846
3
000016474

000017516
4
000017684

000020644
5
000020812

000022438
6
000022605

000024523
7
000024691

000025983
8
000026151

000029445
9
000031614

000034533
10
000034701

000037828
11
000037996

000039747
12
000040206

000042750
13
000044753

000046754
14
000046921

000049048
15
000049883

000052009
16
000052177

000055929
17
000056097

000100059
18
000102979

000104354
19
000104522

000107357
20
000108818

000111236
21
000111404

000112821
22
000112989

000116408
23
000116576

000120037
24
000122165

000125793


25
000125960

000128087
26
000128254

000130422
27
000130590

000136220
28
000136763

000137805
29
000137972

000140307
30
000147565

000152903
31
000243454

000247624


32
000247792

000249877
33
000250044

000251086
34
000251254

000253463
35
000253756

000256842
36
000257010

000259720
37
000259888

000302472
38
000302640

000304183
39
000304350

000308270
40
000308438

000311732
41
000312859

000315027
42
000315195

000318030


43
000319574

000321325
44
000321492

000326914
45
000327081

000331710
46
000331878

000334796
47
000335089

000336924
48
000337091

000340260
49
000341888

000346058
50
000346226

000348101
51
000349103

000350520
52
000350688

000354024
53
000354192

000358528
54
000358738

000400155
55
000400323

000402824
56
000402992

000404576
57
000406329

000408288
58
000408456

000411708
59
000411876

000413126
60
000413294

000416046
61
000416214

000419758
62
000419926

000423679
63
000423846

000425764
64
000425932

000428642
65
000428810

000430769
66
000432355

000434606
67
000434774

000436817
68
000436985

000439695
69
000441072

000445784
70
000445952

000446994
71
000447161

000448996
72
000449747

000454918
73
000457714

000500007


74
000500174

000501383
75
000501551

000503927
76
000504095

000506179
77
000507974

000509474
78
000509642

000513353
79
000513521

000518734
80
000518901

000521403
81
000521946

000523280
82
000523448

000525866
83
000526034

000528118
84
000528286

000530662
85
000532040

000533498
86
000534083

000535876
87
000536044

000537711
88
000543468

000546428
89
000546596

000548055
90
000548222

000549806
91
000554270

000557731
92
000557899

000601902
93
000602653

000606907
94
000607075

000610327
95
000610495

000612913
96
000613456

000617501
97
000618711

000620420
98
000621964

000624424
99
000624592

000626093
100
000629222

000630764
101
000631599

000634434
102
000634602

000637229
103
000639732

000641149


104
000641317

000643735
105
000643903

000645153


106
000645321

000646405
107
000646572

000649449


108
000649617

000650700
109
000653996

000655747
110
000657291

000658583
111
000659001

000701670
112
000701838

000705757
113
000705925

000708927
114
000709095

000711763
115
000713975

000715976
116
000720982

000723817
117
000724777

000726403
118
000730283

000731700
119
000731868

000734870
120
000735371

000737539
121
000737707

000739040
122
000739208

000743086
123
000744297

000748425
124
000748593

000751136
125
000753806

000756641
126
000756809

000759311
127
000759479

000802814
128
000802982

000807235
129
000809030

000812657
130
000812825

000816536
131
000816704

000820165
132
000820333

000824252
133
000825421

000828089
134
000828257

000831551


135
000831719

000835639
136
000836557

000838850
137
000839852

000841228
138
000842980

000847359
139
000847527

000849778
140
000851280

000852781
141
000852949

000857244
142
000857411

000858787
143
000909048

000910090
144
000910258

000912133
145
000912301

000915845
146
000916013

000918932
147
000919100

000922894
148
000923062

000925272
149
000925439

000927524
150
000927692

000934531
151
000934699

000936533
152
000936701

000940287
153
000940871

000942247
154
000942415

000944958
155
000945126

000947711
156
000948212

000950046
157
000950214

000951423
158
000951591

000955594
159
000959223

001002100
160
001002268

001004769


161
001004937

001007230
162
001007398

001010275
163
001010443

001013445
164
001013613

001017449
165
001017617

001021036
166
001021537

001024706
167
001026167

001029002
168
001029170

001032881
169
001033633

001037344
170
001037845

001038887
171
001039055

001041014
172
001042058

001043850
173
001044143

001047896
174
001048064

001049481
175
001049649

001053318
176
001100451

001104037
177
001104205

001105830
178
001105998

001108750


179
001109293

001112629
180
001112797

001114297
181
001114465

001115548
182
001115716

001117592
183
001117760

001120970
184
001122348

001124641
185
001125726

001128019
186
001128187

001130146
187
001130314

001132982
188
001133150

001134401


189
001135194

001139447
190
001139615

001141491


191
001142827

001145578
192
001150626

001152043


193
001152211

001155463
194
001156215

001159217
195
001159385

001201886
196
001203139

001204389
197
001207059

001209936
198
001211939

001214023
199
001214191

001216484
200
001218279

001221406
201
001221574

001224409


202
001227121

001232167
203
001233043

001234711


204
001234879

001237714
205
001237882

001239215
206
001239383

001243887
207
001244430

001247432
27
208
001247600

001249225
4
6
209
001250936

001255398
210
001255566

001257609
211
001257777

001259277
212
001259445

001304574
213
001305618

001307494
214
001307661

001309037
215
001309538

001312040


216
001325054

001326679
217
001330476

001332894
218
001333646

001334687
219
001334855

001337982
220
001338150

001341402
221
001342071

001344447
222
001344615

001348451
223
001348911

001351704
224
001351872

001355542
225
001400422

001402340
226
001403717

001406052
30
227
001413060

001416187
228
001416355

001418648
229
001419358

001422443


230
001422611

001425405
231
001425906

001427949
232
001428117

001430910
233
001431078

001435123
234
001435291

001438418
235
001438586

001444215
236
001446343

001447552
237
001447720

001451848
238
001452016

001455226
239
001457730

001459355
8
240
001459523

001502233
241
001502401

001504444
242
001505863

001508406
243
001508574

001512869
244
001513037

001516873
30
245
001517041

001520376
246
001520544

001523004
247
001523172

001525590
248
001531055

001532889
249
001535809

001537685
250
001538646

001540355
8
251
001540522

001543399
252
001547196

001548363
253
001550157

001553660
254
001559458

001600500
255
001600668

001601709
256
001601877

001605171
257
001605589

001607548
258
001608175

001610969
259
001611720

001612929
260
001617309

001619644
261
001622147

001623940
262
001624108

001625149
263
001625317

001626442
264
001626610

001628152
265
001628320

001630405
$200
266
001630572

001631864
267
001632032

001634867
268
001635035

001638579
269
001638747

001641249
270
001641792

001642834
271
001643002

001647880
272
001648048

001650842
273
001651010

001653761
274
001653929

001657515
275
001658058

001700727
10
276
001700894

001703396
277
001703564

001707650
278
001707818

001708901
279
001709695

001714282
280
001714450

001720663
281
001720831

001722999
282
001723167

001724417
283
001724585

001726252
284
001726420

001727754
285
001727921

001731507
286
001731675

001733426
287
001740184

001741225
288
001741393

001745730
289
001745898

001750443
290
001752321

001754363
291
001754531

001756616
292
001756784

001759285
293
001759953

001802205
294
001802831

001806167
295
001806335

001809837
296
001814218

001817637


297
001820099

001824185
298
001824353

001826437
299
001827272

001828981
300
001829149

001832693
301
001834238

001836322
302
001838659

001839992
303
001841745

001843037
304
001843205

001846374
305
001847876

001851087
306
001851380

001852964
307
001853132

001855675


308
001858887

001900930
309
001901098

001902974
310
001904560

001907603


311
001921743

001924745
312
001924913

001928082


313
001928250

001931169
20
314
001932546

001935756
315
001935924

001939844
316
001940804

001942680
317
001942848

001946559
318
001947728

001952523
319
001952691

001954108
320
001954276

001955776
321
001955944

001959947
322
002000490

002002533
323
002002701

002007330
324
002008165

002012501
325
002013045

002014795
326
002015339

002019884
327
002020552

002022261
328
002023430

002025181
329
002026850

002032188
330
002032356

002034315
331
002034483

002037026
332
002037194

002039403
333
002039988

002041530
334
002043158

002047495
335
002051166

002053292
336
002054836

002056045
337
002056546

002058339
338
002058840

002100466
339
002101009

002104845
340
002105013

002108933
341
002109101

002112937
342
002115399

002118025
343
002119528

002120653
344
002200235

002202528

