1
000005296

000010259
2
000010427

000011593
3
000011761

000014388
4
000014556

000019685


5
000019853

000022479
6
000024107

000025357
7
000025525

000028277


8
000029779

000033157
9
000033324

000035409
10
000035577

000039455
11
000039622

000041915
12
000042751

000044168
13
000044335

000049089
14
000050633

000051800
15
000051968

000055137
16
000055513

000059433


17
000100268

000101727
18
000101895

000106315


19
000149484

000152778
20
000152946

000155489


21
000158743

000201286
22
000201830

000203539
23
000203706

000209920
24
000210088

000213674
25
000213842

000217136
26
000217303

000221890
27
000222559

000225644
28
000225812

000228647
29
000228815

000230816


30
000233153

000234528
31
000234696

000239491
32
000240577

000242119
33
000242287

000246248
34
000246416

000249918
35
000250086

000251879
36
000252046

000255674
37
000257135

000259178
38
000259345

000303140
39
000303308

000305893
40
000306060

000309188
41
000309355

000312024
42
000312192

000314151
43
000314819

000316195


44
000316863

000319489
45
000319657

000324286
46
000324454

000326371
47
000330543

000333045
48
000334088

000335923
49
000336633

000337633
50
000337800

000340761
51
000340929

000345098
52
000346684

000349061
53
000349229

000351772
54
000351940

000353815
55
000353983

000356860
56
000357028

000359571
57
000359739

000402115


58
000403451

000405702
59
000405870

000409748
60
000409916

000415087
61
000416339

000418882
62
000419050

000420509
63
000420677

000424972
64
000425139

000426723
65
000426891

000428934


66
000429102

000430811
67
000430979

000434731
68
000434899

000438277
69
000442240

000443282


70
000452834

000454793


71
000454961

000456712
72
000456879

000501008
73
000502135

000508056
74
000508224

000510475


75
000510643

000514855


76
000516816

000519234
77
000519402

000522029


78
000522196

000523822
79
000523990

000525615
80
000525783

000528577
81
000528745

000532080
82
000532248

000533915
83
000541257

000544051
84
000546512

000549139
85
000549307

000552642


86
000552810

000557647
87
000602320

000606406
88
000606574

000609868
89
000610036

000614706
90
000615249

000617417
91
000618544

000622672
92
000622840

000625550
93
000626135

000627386
94
000629180

000631181
95
000632517

000633600
96
000635019

000638313


97
000640858

000641900
98
000642985

000645862
99
000646030

000647572
100
000647740

000650617
101
000650785

000654204
102
000654831

000658083
103
000658251

000659501
104
000659669

000701670
105
000701838

000704840
106
000705007

000709428
107
000711889

000714516
108
000714684

000716852
109
000718187

000719187
110
000719355

000722482
111
000722650

000724609
112
000726779

000730282
113
000730450

000732909
114
000733077

000735245
115
000740042

000743420


116
000743588

000745088
117
000745256

000747799
118
000748676

000750552
119
000750720

000753138


120
000753306

000756433
121
000756601

000800061
122
000800229

000804691
123
000807445

000812157


124
000813117

000817871
125
000818039

000820540
126
000820708

000825754
127
000828591

000830717


128
000830885

000832928
129
000833221

000834346
130
000836182

000838225
131
000839185

000841978
132
000842146

000846441


133
000849195

000851112
134
000851531

000852822
135
000855034

000857494
136
000857662

000900664
137
000902875

000906670
138
000908172

000911383
139
000913761

000916471
140
000916639

000919015
141
000920434

000923019
142
000924981

000929442
143
000929610

000933572
144
000933739

000936741
145
000936909

000938827
146
000940997

000942914
147
000946168

000949170
148
001000016

001001391
149
001005563

001008440
150
001009191

001010900
151
001011068

001014404
152
001014572

001017032


153
001018576

001021453
154
001021621

001024497


155
001024665

001026333
156
001026500

001031004
157
001031881

001035050
158
001035217

001038345


159
001038512

001041973


160
001042141

001044142


161
001044310

001047354
162
001047521

001049898
163
001052485

001054069
164
001055613

001059324
165
001102578

001104245
166
001108751

001111252


167
001111420

001115423


168
001122932

001126768


169
001128813

001131064
170
001131232

001135276
171
001136153

001138154
172
001201178

001202971
173
001204473

001205807
174
001205975

001209519
175
001216402

001217444


176
001217611

001221823


177
001221991

001223408


178
001226829

001230248
179
001230416

001236087
180
001237757

001239632
181
001240968

001244345
182
001244513

001248516
183
001249560

001252854
184
001253564

001256858
185
001257026

001300612
186
001300780

001302864
187
001305201

001308578
188
001308746

001312165
189
001312333

001314375
190
001314543

001317295
191
001317463

001321049
192
001321217

001324886
193
001325054

001327096
194
001328724

001330225
195
001330643

001333812
196
001333979

001338316


197
001338484

001340735
198
001342696

001345031


199
001346242

001347951
200
001348619

001350745
201
001356043

001357126
202
001357294

001401172
203
001401340

001404592
204
001405469

001407720
205
001409098

001411766


206
001413978

001416020
207
001416188

001418815
208
001418983

001420859
209
001427283

001428700


210
001428868

001431703


211
001431871

001434706
212
001435207

001437876


213
001438043

001439961
214
001440129

001443131
215
001444800

001448303
216
001448470

001450013
217
001455519

001458813


218
001459523

001502275
219
001502443

001504611
220
001504778

001506404
221
001506572

001509574
222
001509742

001512619
223
001513704

001516080
224
001516248

001518917


225
001520836

001523546
226
001523714

001527175
227
001528719

001532138
228
001532306

001533681
229
001534516

001536267
230
001538687

001541189
231
001541357

001544275
232
001544443

001546110
233
001546278

001549280
234
001549448

001551532
235
001552284

001553743
236
001559291

001602752


237
001602920

001605588
238
001606715

001610093
239
001611512

001613429
240
001613597

001617266
241
001617434

001620812
242
001620980

001624857


243
001633659

001636035


244
001638288

001640915


245
001641083

001642792
246
001642960

001645253


247
001645421

001647338


248
001647506

001648881
249
001649049

001650758
250
001650926

001653720
251
001655889

001700268


252
001700436

001704355


253
001704523

001707608
254
001707776

001709736
255
001709903

001713489


256
001713657

001715950
257
001716201

001718745
258
001718912

001721998
259
001722166

001724876
260
001725044

001726919
261
001729089

001730256
262
001731675

001733051
263
001734762

001736763
264
001737306

001740475


265
001759953

001803706


266
001804374

001806667
267
001807961

001809670
268
001812841

001814300


269
001814468

001816219
270
001816386

001819639
271
001821517

001825311


272
001825479

001828940
273
001831777

001834695
274
001834863

001838116


275
001838283

001841035
276
001844581

001845873
277
001848210

001850920


278
001851088

001854423


279
001855134

001858803
280
001858971

001902849


281
001903016

001906477


282
001911233

001913234
283
001914319

001916320
284
001923328

001925079


285
001925247

001927248
286
001927416

001930877
287
001931044

001934255
288
001934423

001937592
289
001937759

001941012
290
001941180

001943389
291
001944683

001948019
292
001950063

001951898
293
001954902

001958112
294
001958280

002000948
295
002005537

002009457
296
002009625

002012210


297
002012377

002014712


298
002014880

002016923
299
002018508

002020384
300
002020552

002024263
301
002024431

002026974
302
002027893

002031187
303
002032648

002034815


304
002034983

002038986
305
002039905

002043616
306
002043784

002046577
307
002049414

002052416


308
002056004

002058464
309
002058632

002100675
310
002100842

002102343
311
002102511

002104887


312
002105055

002107473
313
002107641

002109141


314
002109309

002110685


315
002110852

002113187


316
002121905

002125950
317
002126118

002129495
318
002131832

002135751
319
002135919

002138587
320
002138755

002141966
321
002142134

002144260
322
002147389

002148973