1
000005088

000006463
2
000006673

000007798
3
000008008

000012302
4
000012512

000016140
5
000016349

000019101
6
000019894

000022312
7
000023231

000026692
8
000031114

000033323


9
000043418

000044710
10
000104022

000105105
11
000105273

000108650
12
000110403

000111487
13
000111654

000113489
14
000115158

000118285
15
000118536

000121580
16
000121748

000125501
17
000127045

000128420
18
000128630

000130339
19
000130548

000134510
20
000135595

000137429
21
000137680

000141517
22
000141726

000144812
23
000148942

000150651
24
000157117

000200202
25
000251880

000254715


26
000255383

000259720
27
000300930

000302723
28
000302974

000305475
29
000305685

000309605
30
000309772

000313108
31
000315361

000316445
32
000316613

000317863
33
000318072

000320282
34
000320700

000324077
35
000324287

000325746
1200
36
000327624

000329291
37
000330126

000332002
38
000334464

000338300
$50
39
000338635

000341720
40
000342138

000346391
41
000346643

000348727
42
000349812

000352439


43
000354067

000355609
44
000355818

000359613
45
000401783

000404409
46
000404661

000407579


47
000407789

000409790
48
000415171

000416338
49
000416589

000418840
50
000420677

000425013
51
000425265

000427349
52
000427600

000429559
53
000429811

000430978
54
000431187

000433689
55
000433982

000438443
1968
56
000438820

000441446
57
000443950

000445826
58
000446077

000449579
59
000449789

000451373
60
000451582

000454835
61
000455044

000457337
62
000458840

000501717
63
000505471

000508140
64
000508391

000509599
65
000509851

000512978
66
000513229

000514896
67
000515189

000517524
68
000521029

000522696
69
000523740

000525907
70
000527160

000531621
71
000531873

000534333
72
000535043

000536209
73
000536419

000538211
74
000538421

000540672
75
000540882

000543258
76
000546179

000550098
77
000551768

000553769
78
000554020

000556730
79
000557857

000600442
80
000600943

000602361
81
000602612

000604071
82
000605907

000609659
83
000611788

000613872
84
000614457

000617334
85
000618503

000620796
86
000623299

000627135
87
000632850

000634393
88
000635603

000638647
89
000638856

000640857
90
000641150

000642651
91
000643361

000645529


92
000645696

000649366
93
000649617

000652369
94
000652620

000655831


95
000656124

000657332
96
000657542

000659251
97
000700503

000702546
98
000704340

000707217
99
000707510

000710262
100
000711556

000713640
101
000713850

000716852
102
000717019

000719229


103
000719522

000722065
104
000727196

000731408
105
000731659

000733368
106
000733744

000735078
107
000735371

000737539
108
000737707

000738874
109
000739041

000742711
110
000743754

000745881


111
000751596

000753096
112
000753723

000755223
113
000758978

000800687
114
000801230

000805484
115
000811407

000813492
116
000814243

000817746
117
000820082

000822417
118
000823085

000824211
119
000824921

000827506


120
000830468

000832219
121
000832428

000835013
122
000840728

000843855
123
000844106

000847776
124
000847985

000849528
125
000849779

000851112
126
000854158

000855617
127
000856452

000857494
128
000911008

000912968
129
000914679

000916179
130
000917807

000921685
131
000923729

000924980
132
000925147

000927649
133
000927942

000929943
134
000930152

000931194
135
000931821

000933697
136
000933948

000937576
137
000937827

000940203
138
000943708

000948962
139
000949171

000951840
16hour
140
000952091

000953425
141
001001809

001003101
142
001003561

001005770


143
001014196

001015238
144
001015489

001018867
145
001019076

001021745
146
001022121

001025415
147
001025875

001029252


148
001029420

001031046
149
001031255

001033757
150
001034216

001038261
151
001039430

001041640
152
001041891

001043558
153
001043809

001045644
154
001045895

001047145
155
001047938

001050398


156
001053152

001055445
157
001058282

001100283
158
001109168

001110752


159
001110920

001114381
160
001116717

001120512
161
001120721

001122722
162
001122932

001124015
163
001124225

001127227
164
001127436

001128395
165
001128604

001132941
166
001133609

001136945
167
001141200

001143201


168
001143703

001145036
169
001145246

001148665
170
001148958

001151209
171
001155381

001157132
172
001157425

001159300
173
001159468

001203805
174
001205141

001206141
175
001208102

001209144
176
001209311

001213773
$50
177
001213941

001214983
178
001216235

001218069
179
001222908

001224492
180
001224660

001226828
181
001227079

001230915
182
001232334

001233960
183
001234211

001237505
184
001238466

001239841
185
001243012

001245138
186
001245347

001249517
187
001249727

001250852
188
001252730

001255774


189
001256025

001258193
190
001259195

001301863
191
001302031

001306242
192
001307495

001310163
193
001310372

001312874
194
001313167

001316044
195
001316295

001317712
196
001317963

001321758
197
001321967

001323760
198
001325888

001327388
199
001329391

001331559


200
001338859

001341861
201
001342071

001344113
202
001344281

001346241
203
001347868

001351371
204
001351580

001353706
205
001353916

001357585
206
001405427

001406761
207
001406929

001410014
208
001410224

001412225
209
001413269

001415603
210
001416981

001418064
211
001418232

001421109
212
001423404

001425947
213
001426240

001429534
214
001430119

001432328
215
001433455

001435957
216
001436458

001437959
217
001438210

001440378
218
001444633

001447385
219
001447636

001450889
220
001452224

001453641


221
001457438

001459898
222
001503485

001505987
223
001510993

001512368
224
001513412

001516748


225
001516957

001519250


226
001519501

001522295


227
001522504

001523838
228
001524089

001527133
229
001530596

001532388
230
001532598

001534265
231
001534516

001538895
232
001539855

001544150
233
001544985

001547445
234
001547696

001550698
235
001550908

001553826


236
001557873

001559374
237
001606423

001608049


238
001608217

001610385
239
001610636

001613137
240
001614098

001616933


241
001617226

001618226
242
001618727

001621020
243
001621230

001623231
244
001625067

001626234
245
001627236

001629237
246
001633742

001635576
247
001635828

001639455
248
001639707

001642083
249
001642251

001643751
250
001644003

001646587
251
001646880

001648715
252
001648924

001651759
253
001653178

001654554
254
001655556

001657890
255
001705274

001708067
256
001709445

001711404
257
001711613

001713614
258
001714199

001715241
259
001716285

001717910
260
001718078

001720621
261
001720914

001723291


262
001723751

001726586
263
001726795

001727920
264
001728630

001730423
265
001731925

001733801
266
001734261

001736888
267
001737139

001739932
268
001740684

001743311
269
001743937

001745229
270
001745439

001747523
271
001748025

001749025
272
001749276

001751235
273
001756533

001757575
274
001757785

001800161
275
001802623

001803664
276
001807336

001809837
277
001810089

001811547
278
001812174

001814592
279
001816136

001819764
280
001819973

001822809
281
001823018

001825561
282
001826105

001827313
283
001827523

001829690
284
001829858

001832443
285
001835197

001837782
286
001840577

001843204


287
001843372

001847208
288
001848585

001850670
289
001850879

001853381
290
001855384

001856592
291
001856802

001858803
292
001859012

001901389
293
001901640

001904851
294
001905102

001906102
295
001906478

001908146


296
001908397

001912233
297
001912484

001914068
298
001914319

001918322
299
001918574

001923202
300
001923620

001926581
301
001926874

001929584
302
001935340

001937425
303
001940220

001943055
304
001944600

001946434
305
001946685

001950771
306
001951023

001954442


307
002036693

002037985
308
002038570

002040321
309
002040572

002044075
310
002044284

002047245
311
002047788

002049622
312
002049831

002051916
313
002052459

002054585
314
002054962

002056462


315
002056713

002100716
316
002101093

002103469
317
002104346

002107473
318
002108100

002109350
319
002109601

002111852


320
002116275

002117733
321
002117943

002119860
322
002121029

002122113


323
002122364

002124991
324
002125367

002126867
325
002144594

002147388
326
002147556

002149890
327
002150058

002151892
328
002153729

002157273
329
002158734

002201235