1
000002335

000005129
2
000005630

000008632
3
000008800

000009925
4
000010093

000011218
5
000011386

000012428
6
000013680

000015764

7
000016016

000018142
8
000018685

000021270
9
000021438

000023480


10
000025150

000026900
11
000027068

000029528
12
000029696

000032823


13
000032991

000034700

14
000035660

000036702
15
000039122

000040706
16
000046379

000050007
17
000050967

000054511
18
000054763

000058849
19
000100101

000101351
20
000101603

000106106
21
000106316

000109318
22
000109569

000112029
23
000112530

000114740
24
000115658

000116700
25
000116951

000119286


26
000207293

000210212
27
000210380

000212840
28
000213091

000215342
29
000215552

000217511
30
000219347

000224101
31
000226688

000228647


32
000228898

000231942
33
000232152

000234278
34
000235446

000236780
35
000238074

000241034
36
000241244

000243662
37
000243913

000245998


38
000246207

000247457
39
000247667

000250169


40
000250420

000254131
41
000254465

000255966
42
000256176

000259720
43
000300430

000302639
44
000303766

000307019
45
000307854

000310189
46
000311733

000312774
47
000315236

000319364


48
000319574

000323202
49
000323411

000327206
50
000330210

000331585
51
000331794

000334963
52
000335423

000337257
53
000338092

000339509
54
000339719

000342638
55
000342847

000344723
56
000347727

000349603
57
000350396

000353565
58
000353816

000356693
59
000356903

000358612
60
000358821

000402282
61
000402492

000403533
62
000407413

000408747
63
000410583

000412501
64
000415338

000416922


65
000417090

000419633
66
000419842

000421969
67
000422178

000426056
68
000426266

000428558
69
000434440

000436483
70
000438361

000442239
71
000448413

000449454
72
000451040

000454626
73
000457422

000458839
74
000459048

000501300
75
000502218

000505053
76
000506681

000510642
77
000510852

000511893
78
000512103

000513395
79
000516065

000517107
80
000517275

000519568
81
000522572

000523697
82
000523906

000527868
83
000528036

000531371
84
000531622

000532998
85
000533499

000536543
86
000536711

000537753
87
000537920

000541715
82
88
000542133

000545260
89
000545428

000546470
90
000546637

000549139
91
000549349

000552059
92
000552268

000555979
93
000556230

000559399

94
000603112

000605906
95
000606115

000609326
96
000609535

000612245
97
000612455

000614664
98
000615708

000616750
99
000617710

000620045
100
000628888

000630097
101
000630306

000632391
102
000632600

000634267
103
000634477

000637854
104
000639482

000641024
105
000641275

000645570
106
000646155

000649449
107
000649659

000651284
108
000651494

000653620
109
000653830

000657124
110
000657333

000659876
111
000700086

000702921
112
000703131

000706425
113
000710179

000714808
114
000715059

000718520
115
000718729

000719771
116
000723151

000724317
117
000724527

000726319

118
000732535

000735162
119
000735371

000737539
120
000737790

000741751
121
000742295

000744004
122
000744213

000746256
123
000746466

000749342
124
000749552

000753847
125
000754682

000756266
126
000756476

000757559
127
000757810

000759019
128
000759270

000800353
129
000800563

000802772


130
000805318

000808445
131
000808654

000809821
132
000810198

000811448
133
000812825

000817537
134
000817997

000820457
135
000822543

000825921
136
000826172

000829424
137
000829634

000833345
138
000833554

000835055
139
000835681

000837557
140
000838226

000839309
141
000839519

000844439
142
000847985

000850529
143
000851781

000854241
144
000856869

000857911
145
000858496

000901748
146
000903209

000906253
147
000910466

000912592
148
000912802

000916304
149
000916514

000920100
150
000920309

000922394
151
000922645

000926565
152
000926774

000929317
153
000929527

000933071

154
000935199

000936866
155
000937827

000940203
156
000940496

000941538
157
000942707

000946793
158
000949714

000952048
159
000952300

000955135
160
000959181

001002267
161
001002518

001005979
162
001009817

001012360


163
001012653

001014070
164
001014280

001016990
165
001017199

001020243
166
001021537

001024331
167
001026125

001027417
168
001030254

001032881
169
001033090

001035800
170
001036010

001039137
171
001039347

001042265
172
001042475

001044517
173
001044727

001047896
174
001049231

001052108
175
001052318

001055403
176
001055613

001058323
177
001059325

001100575
178
001101410

001104621
179
001105831

001107540


180
001107792

001109709


181
001109919

001113546
182
001115091

001117300
183
001117551

001120428
184
001123015

001124808
185
001125059

001128186
186
001128396

001131147
187
001131357

001133775
188
001133943

001134984
189
001135820

001137946
190
001138197

001141282
191
001141492

001144786
192
001144995

001146955
193
001147206

001148832
194
001149083

001151334
195
001151544

001155505
196
001156173

001158174


197
001158759

001200301
198
001200511

001201636
199
001201846

001205807
200
001214942

001217986
201
001220489

001221948
202
001227747

001229372
203
001229832

001232542
204
001233002

001234878
205
001235171

001237172
206
001237423

001239883
207
001241343

001246139
208
001246849

001247891
209
001248184

001251060
210
001251479

001252979
211
001253189

001255732

212
001256525

001258943
213
001300070

001302614
214
001303240

001305742
215
001306243

001308828


216
001311791

001313458

217
001313751

001314959
218
001315211

001316878
219
001319882

001322884
220
001323093

001324594
221
001324804

001326095
222
001326305

001330141
223
001331143

001334103
224
001336357

001338691
225
001342279

001345782
226
001345991

001349702
227
001349870

001350912
228
001354124

001357293
229
001357503

001359337
230
001359588

001402465
231
001404510

001410473
232
001410683

001413142
233
001413394

001416229
234
001416814

001420191
235
001420401

001421651
236
001421902

001425238
237
001425406

001426447
238
001426615

001430660
239
001430911

001434497
240
001434707

001436124
241
001436333

001438668
242
001438878

001441337
243
001442715

001445258
244
001445467

001447385
245
001449388

001450680
246
001454018

001457770
12
36
247
001458022

001459689
248
001500232

001503109
249
001505404

001506738
250
001506989

001510867
251
001512202

001515455
252
001516040

001517749
253
001518876

001520793
254
001521003

001522879
255
001523464

001524505
256
001528218

001529260
257
001529511

001533222
258
001533432

001537810
259
001538020

001541105
260
001541315

001544233

261
001545402

001546819
262
001547029

001550156
263
001555537

001558206


264
001558499

001559666
265
001602086

001603878
266
001604838

001605880
267
001606048

001607090
268
001608676

001612387
269
001613430

001615723
270
001617601

001620228
271
001620437

001622397
272
001622606

001625525
273
001626151

001629529
274
001629738

001633241
275
001634284

001638079
276
001638330

001641290

277
001641500

001644919
278
001645129

001647088
279
001649174

001652969
280
001653762

001654804
281
001655764

001659809
282
001702021

001703062
283
001703313

001704897
284
001705107

001709235
285
001710821

001713573
286
001713782

001715742
287
001717494

001718995
288
001720039

001721080
289
001724168

001726419
290
001726795

001728004
291
001728589

001729756
292
001730007

001732884
293
001734970

001737263
294
001747983

001749609
295
001749860

001753529
296
001756116

001759452
297
001800370

001803956
298
001806210

001809587
299
001811090

001814050
300
001825270

001826562
301
001827898

001829190
302
001829441

001832110
303
001840994

001842453
304
001906979

001908604


305
001912234

001913276
306
001918198

001920116
307
001920325

001924078
308
001924872

001927748
309
001927958

001930543
310
001930794

001932128
311
001932462

001934672
312
001938093

001939510
313
001939678

001941929
314
001942139

001944682
315
001948604

001951939
316
001952107

001953941
317
001954109

001955484
318
001955736

001958112
319
002003702

002006579
320
002007623

002009707
321
002011460

002013669


322
002013879

002018716
323
002018967

002020676
324
002021470

002026307
325
002027226

002031604
326
002031897

002033522
327
002033732

002035483
328
002043659

002046619
329
002049623

002051249
330
002051500

002056212
331
002057089

002100549
332
002100759

002103344
333
002103595

002105805
334
002108183

002110810
335
002115691

002117066
336
002117985

002119151
337
002120821

002122905
338
002127828

002128869
339
002129454

002131247
340
002132040

002133207
341
002133750

002135626
342
002139631

002140798
343
002154229

002155896
344
002156148

002157940
345
002208368

002211996
346
002212497

002214123
347
002214333

002217209


348
002217419

002219837
349
002220630

002224258
350
002228805

002230139
351
002230349

002232224

