1
000002711

000005504
2
000005672

000007548
3
000007716

000011552
4
000014139

000016098
5
000021062

000024148
6
000024899

000027109
7
000027277

000029903


8
000030113

000034408
9
000034617

000038203
10
000038371

000042249
11
000043376

000045044
12
000049049

000051216
13
000051593

000054887
14
000056097

000057222
15
000057390

000100267


16
000101394

000103270
17
000104022

000106315
18
000155073

000157699
19
000157867

000200369
20
000200620

000203247
21
000203623

000206625
22
000206835

000207918
23
000208086

000211171

24
000213550

000217010
25
000217720

000218887

26
000219055

000220347
27
000220515

000223350


28
000225061

000227479

29
000228898

000230023
30
000230191

000231692
31
000231860

000234778
32
000234946

000236155
33
000236322

000238157
34
000239742

000241368
35
000241536

000244288
36
000244455

000247166


37
000250420

000252129
38
000253047

000254423
39
000254591

000255674
40
000257093

000300137

41
000300763

000303473


42
000303641

000305267
43
000305435

000308478
44
000309230

000310772
45
000311900

000315194
46
000315361

000318697


47
000318948

000320699
48
000320867

000323952


49
000324120

000327414
50
000327582

000329041


51
000329209

000330709
52
000330877

000333754
53
000333922

000336423
54
000336633

000338884
86
55
000339135

000340969
56
000356027

000357319
57
000359364

000402157


58
000402325

000405827
59
000405995

000408038
60
000408206

000409581
61
000409749

000411583
62
000411834

000415420
63
000418049

000420801


64
000420969

000422761
65
000423012

000424680
66
000429519

000432562

67
000432897

000434982
68
000435233

000437484
69
000437652

000438986
70
000439153

000441363
71
000441531

000444491
72
000444701

000445909
73
000446077

000447452


74
000447745

000449579
75
000449747

000454459

76
000454877

000457671

77
000457880

000500424
78
000500591

000503760
79
000504304

000506555
80
000506723

000508849
81
000510059

000512269
82
000512437

000515605
83
000516190

000517607
84
000517859

000520444
19
85
000520695

000523322
20
86
000523489

000526241
87
000528619

000531872
88
000532832

000534583
89
000536586

000539588
90
000540923

000542924
91
000546095

000548347
92
000552477

000554394
93
000554645

000557731
94
000558191

000559649
95
000559817

000603111
96
000604739

000608367
97
000608618

000610660
98
000611371

000613538


99
000613748

000617459
100
000617627

000618710
101
000618878

000621129
102
000621339

000623382
103
000623591

000625509
104
000625718

000627344
105
000628221

000629805
106
000637355

000640190


107
000640942

000643318
108
000643528

000645153
109
000645363

000647072


110
000647573

000651743
111
000652453

000655914
112
000656207

000659751
20
113
000659919

000702170
114
000702797

000704756
115
000704966

000708218
116
000708845

000712556


117
000712807

000717144
27
118
000722024

000726319
119
000726487

000727863
120
000728406

000730282
121
000730450

000732492
122
000732952

000735871
123
000736038

000737622
124
000744964

000746089
125
000749552

000753680
126
000754307

000756016


127
000757226

000758518


128
000758686

000759853

129
000800021

000802105
130
000830176

000831843
131
000832053

000833637


132
000833804

000836932
133
000837099

000840810
134
000840978

000842229
135
000842396

000844773
136
000846025

000847734
137
000847902

000850153
138
000850321

000852405
139
000852573

000853907


140
000854075

000858203
141
000858371

000902582
142
000902750

000904209
143
000913970

000916012
144
000916180

000918848
145
000919016

000922018
146
000922186

000924980
147
000925147

000928191
148
000928359

000931611
149
000931988

000933530
150
000933698

000935657


151
000935825

000937826
152
000937994

000940287


153
000940454

000941538
154
000941706

000943415
155
000943583

000944708
156
000944875

000947377
157
000955469

000958888
158
000959056

001002142
159
001002351

001005645
160
001007690

001010358
161
001015406

001016489
162
001017617

001018825


163
001018993

001020285
164
001021287

001024080
165
001024248

001026499
14
166
001027752

001029628


167
001029795

001032631
168
001032798

001036593
169
001037386

001040764
1982
170
001040931

001044434
171
001047355

001049105


172
001049315

001051858
173
001052026

001054486
174
001054654

001058156
175
001058949

001101868
176
001102411

001105872


177
001106040

001107666

178
001107833

001109501

179
001109669

001112253
180
001112421

001113672
181
001113881

001117133
182
001120179

001121471
183
001121639

001124683
184
001124850

001128937
185
001130106

001134067
186
001134318

001137153
187
001137321

001140865
188
001141033

001143660
189
001144787

001145870
190
001146038

001147580
191
001147748

001149416
192
001157466

001200719


193
001206142

001208601
194
001208811

001209894
195
001210938

001212063
196
001213774

001216109
197
001217445

001218570
198
001218738

001221281
199
001221699

001222949
200
001223159

001225160
201
001226120

001227787
202
001235629

001236713
203
001239216

001242177
204
001242386

001244637
205
001245055

001246264
206
001248017

001251060
207
001251937

001254647


208
001255608

001257233
209
001258360

001300069
210
001301071

001302822
211
001304325

001305617


212
001305785

001308620
213
001311415

001314375
214
001314543

001315919
215
001316086

001317879
216
001318047

001319589


217
001321425

001322926
218
001333646

001336314
219
001336524

001339692

220
001339860

001344113
221
001344281

001347450
222
001348160

001350870
223
001351288

001353540
224
001353707

001355333
225
001355501

001357001
226
001359046

001401297
227
001402758

001403842


228
001404009

001405677


229
001405845

001408721
230
001408889

001410765
231
001411350

001413142
232
001413310

001416563
233
001422236

001424404
234
001425739

001430285
235
001431120

001432328
236
001432746

001434581
237
001434832

001437333


238
001437501

001440253


239
001441005

001442338
240
001442798

001445800
241
001446051

001449053
242
001449305

001450680
243
001450848

001453141


244
001453309

001454976
245
001456145

001459272
246
001459523

001501941
247
001502192

001504027
248
001504236

001506738
249
001507239

001508489
250
001508657

001512327
251
001512494

001513786
252
001513954

001515038
253
001515205

001516956
254
001518626

001519918
255
001520085

001522253
256
001523631

001525924


257
001526091

001530386
7
258
001530596

001534307
259
001534475

001537602


260
001537811

001541397
261
001541565

001543316
262
001543484

001547904
263
001548113

001550239
264
001557915

001559707
265
001559959

001604087
266
001604338

001606923
267
001608133

001610134
268
001610302

001613680
269
001613847

001616391


270
001618644

001620311
271
001633075

001635702


272
001635869

001638538
273
001638789

001641749
274
001644211

001645503
275
001645754

001648214


276
001648424

001652427


2
277
001652636

001655638
278
001655806

001656889
279
001657057

001700727
280
001700936

001704272
281
001705899

001709152
282
001711822

001713322
283
001718328

001720121
284
001720622

001722373
285
001722541

001727420
286
001727921

001730173
287
001731133

001733468
21
288
001733969

001738681
289
001740142

001741601
290
001743937

001745605
291
001748650

001752487


292
001753322

001754405
293
001754573

001756407
294
001759787

001801370
295
001803457

001804999
296
001805167

001807376
297
001809588

001811172
298
001824103

001828523
299
001828690

001831484
300
001832903

001836030

301
001838909

001840368


302
001840536

001841994


303
001842162

001845873
304
001846041

001849544
305
001849711

001853172
306
001853340

001854715
307
001854883

001856175
308
001856927

001858427
309
001858846

001900596
310
001902933

001904684


311
001904852

001908271


312
001910607

001912066
313
001912317

001913901
314
001915028

001916696
315
001918407

001920908
316
001921451

001924912
317
001927082

001928207
318
001931503

001935089
319
001935257

001940136
320
001940304

001943055
321
001943265

001946601


322
001949563

001952148
323
001952316

001954442
324
001954610

001957153


325
001957321

002000281
326
002001992

002006829
327
002006997

002008581
328
002009249

002010708
329
002011585

002014003
330
002018759

002024597
331
002024765

002027600
332
002029269

002030770
333
002030938

002033147
334
002033315

002035066
335
002041949

002045451
336
002046328

002049538
337
002049706

002051207
338
002051375

002053167
339
002053418

002055044
340
002055587

002058673
341
002105847

002108808
342
002108976

002120653
343
002120821

002124031
344
002136628

002138129
345
002138338

002140339
346
002146096

002149056
347
002149224

002151684
348
002153228

002156272

349
002222341

002226093


350
002229473

002232391
351
002233602

002235978

