1
000005171

000006213
2
000006381

000008382


3
000008591

000009842
4
000010051

000013429
5
000013638

000014680
6
000014848

000017933
7
000018852

000020894
5639
8
000021104

000022771
9
000024315

000026817


10
000027027

000028819
11
000029029

000033240
12
000033950

000035617
13
000035869

000039413
14
000039622

000041665
15
000041833

000042875
16
000044919

000046378


17
000048506

000051925
100
18
000052135

000055387
19
000055597

000057765
20
000057974

000101810
21
000103188

000105481
22
000106316

000107357
23
000107567

000109359
24
000111529

000114490
25
000154989

000156031
26
000156282

000158742
27
000201913

000203205
28
000204290

000205332
29
000206960

000209378
30
000209587

000211255
31
000212298

000214049
32
000216219

000218887
33
000219097

000220556


34
000220765

000222933
35
000224227

000228522
36
000228731

000232109
37
000232318

000236113
38
000236322

000239449
39
000239659

000241577


40
000242328

000243370
41
000243621

000246081
42
000246291

000249209
43
000249419

000251253
44
000251462

000256049
45
000256259

000259344
46
000259554

000301847
20
47
000302891

000303932
48
000304142

000305934
49
000308271

000309313
50
000309480

000311940


51
000312150

000315235
52
000315403

000318906
53
000319490

000321575


54
000321784

000325579


55
000338259

000340427
56
000340678

000343347


57
000343514

000346475
58
000346684

000350812
59
000351064

000354107
60
000355193

000356235
61
000358363

000401657
62
000401866

000406578
63
000406829

000410666
64
000412710

000415295
65
000416130

000418757
66
000418967

000420300
67
000420593

000421802
68
000422011

000423303
69
000426474

000428600
70
000428810

000431561
71
000431771

000433605
72
000433773

000435357
73
000438319

000440195


74
000440405

000444658
75
000446619

000448161
76
000448830

000449871
77
000450081

000451999
78
000452208

000456628
79
000458464

000501717
80
000501926

000505971
81
000506806

000510100


82
000510310

000511768
83
000512687

000515605
84
000516274

000517774
85
000520278

000523739
86
000524324

000525615
87
000526492

000530078
88
000530330

000532706
89
000532915

000535834
90
000542467

000547137
91
000547388

000550015
92
000550767

000553977
93
000555313

000557689


94
000558441

000601902
1
0
95
000602528

000603570
96
000607367

000608950
97
000609494

000612162
98
000612413

000615248


99
000619879

000621838
100
000622090

000625467
101
000626177

000629888
102
000630473

000632891
103
000633142

000635519
104
000635728

000638647
105
000642860

000644194
106
000644404

000646279
107
000648074

000649116
108
000649325

000651118
109
000658292

000700252
110
000700461

000704172
111
000704382

000706967
112
000707176

000709678
113
000710263

000711763
114
000713766

000714808
115
000716185

000719271
116
000721858

000723442
117
000726612

000727946
118
000731576

000734077
1
119
000740751

000742252
120
000754515

000756016
121
000802940

000804566
122
000806944

000808820
123
000809030

000811364
124
000811616

000813116
125
000813951

000816453
126
000816954

000817996
127
000820791

000823335
128
000823544

000826338
129
000837308

000840227
130
000842396

000845023
131
000845233

000849194
132
000850321

000854199
133
000854909

000856618
134
000856869

000859746
135
000859997

000903583
136
000903834

000907796
137
000908464

000910257
138
000910508

000915178
139
000915346

000917138
140
000920101

000921893
141
000922061

000923603
142
000924397

000927023
143
000934323

000937117
144
000938494

000939828
145
000949422

000950463
146
000955845

000957095
147
000958139

000959806
148
001000808

001002726
149
001004520

001005645
150
001005855

001007689
151
001012361

001015822
152
001016073

001018783
153
001018993

001021661
154
001021954

001026082
155
001028210

001029628
156
001032757

001034758
157
001039013

001040138
158
001040389

001042182
159
001042391

001045018
160
001046562

001047979
161
001048189

001053109
162
001055946

001058406
163
001102119

001106289
164
001106499

001107540
165
001107792

001111920
166
001115758

001117050
167
001118886

001121805
168
001124350

001126184
169
001149083

001151710
170
001151961

001154212
171
001154463

001157090
172
001157341

001159926
173
001200094

001201469
174
001201721

001203972
175
001205433

001207600
176
001207810

001211980
177
001213107

001214232
178
001214692

001215775
179
001216193

001217819
180
001221365

001222615


181
001222825

001224367
182
001225786

001228163
183
001228372

001230373
184
001230541

001235211
185
001236922

001239340
186
001239592

001242093
187
001242511

001244220
188
001245514

001246598
189
001246766

001248475
190
001251687

001254731
191
001254982

001256399
192
001256609

001258735
193
001258944

001302238
194
001302448

001304157


195
001304408

001306618
196
001306827

001309996
197
001310206

001313708


198
001314627

001316085
199
001316295

001319172


200
001320549

001321591
201
001321801

001324260
202
001324720

001326095
203
001326305

001330600
204
001330810

001334270
205
001336440

001339275
206
001339860

001340902
207
001341821

001344614


208
001345699

001348785
209
001352206

001353248
210
001353707

001355208
211
001356126

001359254
212
001359463

001403091
213
001403300

001405301
214
001406345

001409055
215
001409265

001410932


216
001411141

001413560
217
001413769

001415895
218
001416146

001418106


219
001418315

001420108
220
001424321

001428992
221
001429201

001431786
222
001432037

001436124
223
001437918

001440086
224
001440921

001442922
225
001443132

001446259
226
001446468

001448386
227
001448596

001451389
228
001451599

001453725
229
001453934

001458521
230
001458731

001500398


231
001502234

001503443
232
001503652

001506029
233
001506280

001509240
234
001514538

001517832
235
001518626

001519667
236
001519877

001521169
237
001521420

001523421
238
001523672

001526215
239
001526425

001529260
240
001529470

001531262
241
001532139

001535183
242
001535392

001538770
$100
243
001538979

001540021


244
001540230

001543483
$5000
245
001543734

001545401
246
001545611

001547820
$5000
247
001548030

001549489
248
001549698

001552200
249
001553535

001556287
250
001556538

001558706
$100
$5000
251
001558958

001602210
252
001603212

001604504
253
001604713

001608216


254
001613347

001615098


255
001615683

001619102
256
001619311

001622730
257
001622982

001624649
258
001626527

001629195
259
001631073

001634200
260
001634451

001636160
261
001636370

001638329
262
001638580

001641249
263
001641500

001643376
264
001643919

001645670
265
001645879

001647338


266
001648590

001651884
267
001701645

001704063


268
001704273

001705523
269
001706525

001708067
270
001710320

001712405
11
271
001716744

001718369
272
001721165

001724667
273
001727629

001730923
274
001740642

001742477
275
001742686

001745688
276
001750152

001751194
277
001751403

001755073
278
001806585

001808086


279
001808295

001813132
280
001818806

001821474

100

100
281
001822559

001824811


282
001826688

001828022
283
001832986

001835071


284
001836532

001838533
285
001841328

001842495
286
001844706

001846791
287
001847000

001849752
288
001853799

001855049
289
001855926

001857760
290
001859638

001901305
291
001901515

001905184
292
001905435

001907854
293
001909439

001912400
294
001913402

001917280
295
001917489

001919073
296
001921326

001922368
297
001922578

001924912
298
001925164

001928791
299
001930419

001932420
300
001932671

001934088
301
001935424

001939177
302
001941096

001943681
303
001943932

001946184
304
001949396

001951981
305
001952816

001954859
306
001955360

001956402
307
001956653

002000281
100
308
002000532

002001949
309
002002201

002004035
310
002004286

002005703
311
002011418

002012501


312
002012711

002014587
313
002014796

002017006
314
002021637

002024472
315
002024681

002027600


316
002027935

002029518
317
002030145

002032271
318
002032481

002034357
319
002034608

002036234
320
002036902

002040154
321
002040405

002043241
322
002044618

002046285


323
002046495

002050873
324
002052793

002053834
325
002054378

002055586
326
002102427

002104971
327
002150434

002152476
328
002153603

002155771


329
002155981

002158524
330
002159735

002203738

