1
000003128

000004211
2
000004379

000005504


3
000005672

000007965
4
000008133

000010384
5
000010593

000013387
6
000013596

000017725
7
000017934

000019810
8
000020645

000022312
9
000022480

000024898
10
000025108

000027109
11
000027277

000030029
12
000030196

000031822
13
000031990

000034992
14
000035201

000036618
15
000037037

000040914
16
000042584

000045210
17
000045378

000047588
18
000048840

000051967
19
000052177

000054762
20
000055555

000058432
21
000058600

000101477
22
000101686

000103645


23
000103813

000105314
24
000105482

000107858
25
000108026

000110903
26
000115617

000117701
27
000202455

000203789
28
000205458

000208460
29
000211464

000213298


30
000213466

000216635


31
000217220

000218929
32
000219097

000221557
33
000221766

000224101


34
000224269

000226478
35
000226646

000228814
36
000229023

000231358


37
000231860

000234111
38
000235363

000239158


39
000240660

000242578
40
000247250

000250294
41
000250461

000253422
42
000253631

000255549
43
000255717

000257634
44
000257802

000302014
45
000302182

000305184
46
000305977

000307769
47
000307979

000310022
48
000312275

000315152


49
000315320

000317487
50
000317655

000318947


51
000319157

000320949
52
000323578

000324703


53
000324871

000327122


54
000327332

000328790
55
000329000

000330834
56
000336341

000338884
57
000340637

000343680
58
000343890

000345265
59
000347185

000348852
60
000349562

000351730
61
000351898

000355359
30
62
000355526

000359029
63
000359197

000402199
64
000402575

000403992
65
000404160

000407537
66
000407747

000410832
67
000411000

000414086


68
000414254

000415754
69
000415922

000417798
70
000417966

000420592
71
000420843

000422886
72
000425765

000427849
73
000436192

000438944
74
000439112

000440612
75
000441990

000444783
76
000444951

000447244


77
000447412

000452124
78
000452875

000453917
79
000454085

000457462
80
000457630

000500048
81
000501718

000503885
82
000504053

000506763


83
000506931

000508974


84
000509142

000510851


85
000511019

000514062


86
000514272

000518525
CRW33815D
87
000519110

000521653
88
000522322

000526533
89
000526701

000528035
90
000528244

000530120
91
000530288

000533248
92
000534709

000537753
93
000542216

000545427


94
000549682

000551558


95
000551726

000554394
96
000554562

000557105


97
000557315

000559107
98
000600026

000602027
99
000602195

000605906
100
000606282

000607783
101
000607950

000610410
102
000610620

000612537
103
000612705

000615207
104
000638106

000639564
105
000639732

000642109
106
000642276

000643944
107
000644153

000646446
108
000646614

000648490
109
000648699

000651076


110
000651702

000653453
111
000653621

000656832
112
000656999

000659167
113
000659335

000702629
114
000702797

000706800
115
000707635

000709511
116
000711514

000713014
117
000713182

000714266


118
000714475

000718186
119
000718354

000721189

120
000721399

000723483

121
000724152

000726862
122
000727071

000729573
123
000729740

000732451
124
000732618

000734661
125
000734871

000737372


126
000737540

000738665
127
000741461

000744212
128
000748634

000752012
129
000752221

000754473
130
000754682

000758226
131
000802982

000804649
132
000804817

000807194
133
000807361

000810822
134
000811199

000812699
135
000812909

000815243
136
000815745

000817662
137
000817830

000820874
138
000821042

000823543
139
000824754

000826546
140
000831552

000833428
141
000833638

000836181
142
000836349

000837807
143
000837975

000840560
144
000841187

000842270
145
000842480

000845732
146
000845942

000848985


147
000849153

000851863


148
000852031

000855033
149
000855201

000858119
150
000858287

000859788
151
000859956

000902165
152
000903084

000904876
153
000905086

000909381
700
200
154
000911133

000915345
155
000916138

000919266
156
000919433

000920559


157
000920726

000922227
158
000924772

000927148
159
000927316

000928692


160
000932029

000933989
161
000935116

000937325


162
000937535

000940662


163
000940871

000944332
164
000944500

000947252
165
000947420

000950297
166
000950464

000954134
167
000954302

000955719


168
000955886

000957387
169
000957597

001000682
170
001000891

001002267
171
001002435

001006605
172
001007857

001009983
173
001012903

001016239
174
001016407

001017866
175
001018034

001019951
176
001020119

001023204
177
001023372

001024956
178
001026792

001029794
179
001029962

001032047
180
001032214

001034299
181
001035468

001038803
182
001038971

001040972
183
001042850

001048438
184
001049398

001051941
185
001053277

001056571


186
001057156

001059574
187
001059742

001102869
188
001103037

001105246
189
001105414

001108708
190
001108876

001110877
191
001113297

001115924
192
001116133

001118885
193
001119053

001121137
194
001121305

001123932
195
001124100

001125975
196
001126143

001129896
197
001130064

001133650
198
001133859

001136152
199
001136320

001139364


200
001139990

001142909
201
001143077

001146746
202
001146914

001148456
203
001148624

001150917


204
001151085

001154337
205
001154505

001157132
206
001157341

001159509
207
001159802

001201553
208
001202346

001204347
209
001204515

001206391
210
001206559

001207851
211
001208060

001209561
212
001209770

001213273


213
001214191

001216776
214
001222908

001226619


215
001226787

001229289
216
001229457

001232083
217
001232251

001233585
218
001233753

001236463
219
001238591

001242051
220
001242219

001244137
221
001244305

001246681
222
001252521

001255732
223
001257902

001301196
224
001302156

001304407
225
001304575

001307452
226
001307620

001310246
227
001312500

001315418
228
001316003

001317504
229
001317671

001321925
230
001322092

001325512
231
001326138

001329098
232
001329308

001333102
233
001334939

001339484
234
001344156

001347242


235
001347409

001351079
236
001351288

001353790
237
001354667

001356709
238
001357253

001358795
239
001359004

001401798
240
001402466

001406052
241
001406220

001412600
242
001413185

001416271
3495
243
001417481

001420316
244
001420484

001423486
245
001423654

001425572
246
001425739

001427824
247
001429451

001431327
248
001431495

001434789
249
001434957

001437709
250
001437918

001439377


251
001439545

001442630
252
001442798

001445633
253
001445801

001447218
254
001447386

001448970
255
001449138

001451639
256
001453517

001455894
257
001456061

001458354
258
001458522

001501399
259
001508657

001510783
260
001512703

001515121
261
001515289

001518791
262
001521420

001523296
263
001524089

001526049
264
001526216

001528468
265
001529887

001532096
266
001537394

001539145
267
001539313

001542607

268
001542775

001546653
269
001546820

001548529


270
001550115

001552492
271
001552701

001555161


272
001555329

001557205
273
001601543

001604379
274
001607883

001608967
275
001609134

001611469
276
001613931

001615598
277
001617810

001620687


278
001623524

001627026
279
001628237

001630113
280
001631824

001634117
281
001635244

001636703
282
001640124

001641791
283
001645546

001647213
284
001647381

001650049
285
001650259

001653594
286
001653804

001655763
287
001655973

001657640
288
001658976

001703354
289
001704940

001706899
290
001707067

001711529
291
001711697

001713239
292
001713449

001715199
293
001715409

001720371
294
001727337

001728796
295
001728964

001733634
296
001733802

001736846


297
001745230

001747690
298
001755741

001758701
299
001758869

001801496
300
001801705

001804457
301
001804666

001806417
302
001808420

001810338


303
001810506

001812632
304
001812841

001817595
305
001818180

001821140
306
001821350

001824852
307
001826480

001828564
308
001828774

001831275


309
001831443

001833319


310
001834404

001836239
311
001837741

001839784
312
001839952

001842745
313
001842913

001845123
314
001847459

001850628
315
001850796

001852255
316
001852464

001854132


317
001854633

001858636
318
001858804

001900263
319
001903142

001904684
320
001905477

001906519
321
001906687

001909730
322
001909898

001914944
323
001925956

001928332
324
001939094

001942138
325
001944641

001946642
326
001956111

001958654
327
002002576

002004744


328
002004912

002008831
329
002009041

002011918
330
002012753

002016172


331
002016381

002018841
332
002019009

002020676
333
002028227

002030228
334
002034274

002037526
335
002041031

002042907
336
002043075

002046202


337
002046370

002049288
338
002049498

002051374


339
002051583

002054919
340
002056672

002059840
341
002100008

002101300
342
002101510

002104595
343
002104763

002107181
344
002107349

002110518
345
002110727

002112728
346
002112896

002116482
347
002117901

002120403
348
002121405

002122989
349
002123156

002125741
350
002125909

002128953

351
002129121

002131247
352
002131456

002134083
353
002134251

002137336
354
002141758

002143509
355
002143677

002145636
356
002145804

002149557
357
002149766

002153811
358
002153979

002157440
359
002157649

002159817
360
002159985

002202486
361
002203071

002207199
362
002207367

002209327
363
002209494

002212079
364
002213165

002214999
365
002215167

002217710
366
002219171

002221464
367
002221631

002224258
368
002224426

002226260
369
002226762

002229013
370
002229181

002233225
371
002233643

002237563
372
002241276

002244779
373
002246073

002247656
374
002248784

002252244
375
002257626

002300002
376
002301088

002304799
377
002305384

002307301
378
002307636

002309762
379
002310097

002312098
380
002313183

002315226
381
002322401

002324193
382
002336039

002338165
383
002353807

002356016
384
002409906

002412533
385
002414911

002416912
386
002417122

002418664
387
002420709

002422251


388
002422461

002424253
389
002426047

002430593
390
002430760

002433804
391
002433972

002436891


392
002438185

002441187