1
000005588

000008048
7
2
000008216

000011385
3
000011553

000014471


4
000014639

000017766
5
000017934

000019852
6
000021187

000023272
7
000023857

000025816
8
000025984

000029737
9
000029946

000033866
50s
10
000035452

000039121
11
000039289

000040414
12
000040582

000042750
$2
13
000042917

000046086
50
14
000047672

000049673
15
000050884

000052676
16
000054054

000056555


17
000056723

000058515

18
000058683

000102561
19
000102771

000103812
20
000103980

000106732

21
000106900

000109651
22
000109819

000113697
23
000113865

000116617


24
000117285

000118494
25
000206376

000209795


26
000209963

000212005
27
000212882

000214466
28
000215969

000218011
29
000218179

000219805
30
000219973

000222933
31
000223101

000224309
32
000224477

000227062
33
000227272

000228313
34
000228481

000230649


35
000230817

000233360
36
000233570

000236572
55
37
000236739

000238824
38
000239826

000241368
39
000243371

000246123


40
000246291

000248458


41
000248626

000251795

42
000253256

000256675
43
000257177

000258218
44
000258386

000300554
45
000300722

000302639
46
000304184

000305642
47
000305810

000309104
48
000309606

000312024
49
000312192

000315652
50
000316196

000317279
51
000317447

000319656
52
000325914

000327456
53
000327624

000330751
54
000331669

000333503
55
000333755

000337049
56
000337967

000339927
57
000340094

000342137
58
000343056

000344306
59
000344474

000347643


60
000347852

000349144
61
000350480

000353440
62
000353608

000356443
63
000356611

000358111
64
000358279

000400530


65
000400698

000403617
66
000405453

000407537
67
000408081

000410374
68
000410541

000411875


69
000412043

000413543
70
000413711

000416004
71
000416172

000417506
72
000417674

000419424
73
000419592

000420676
74
000420885

000423553
75
000423721

000425430


76
000425598

000427099
77
000427267

000429768
78
000429936

000431228
79
000435191

000437192
80
000437360

000441196
81
000441364

000445033
82
000447412

000451039
83
000451207

000458505
84
000458673

000500841


85
000501676

000503176
86
000504470

000508432
87
000509475

000513520
88
000513688

000516481


89
000516733

000518025
90
000518192

000520569
40
91
000521404

000523613
92
000523781

000525574
40
93
000526784

000528952
94
000529120

000532122
40
95
000532332

000534541


96
000534709

000537210
97
000538129

000540630


98
000540798

000544343
99
000547055

000548513


100
000548681

000550682


101
000550850

000552726
102
000552894

000556229
103
000556397

000559066
104
000600651

000601818
105
000601986

000604988
106
000607158

000609159
107
000609327

000611453
108
000611662

000615624


109
000616376

000617834
110
000619670

000621963
111
000622131

000624758
112
000624926

000627886
113
000628054

000631973
114
000632892

000634643
115
000634811

000636103
116
000636270

000639606


117
000640274

000644528
118
000644695

000647072


119
000647240

000649032
120
000649200

000650951
121
000651119

000652285
122
000653204

000655997
123
000656165

000658125
124
000658584

000700335
125
000700503

000701753
126
000701921

000703505
127
000708261

000710804


128
000710972

000714808
129
000714976

000718854
130
000719021

000723233
131
000725611

000728321
132
000728489

000731199


133
000731367

000734703
134
000741210

000744379
135
000744547

000745755
136
000745923

000747716


137
000747925

000750427


138
000750595

000752512
139
000752680

000756475

13
12

140
000756642

000759811
141
000759979

000801104
142
000802023

000803398


143
000803566

000804858
144
000805026

000807152
145
000807320

000810113
146
000810281

000812574
147
000812950

000813992
148
000814160

000816703
149
000816871

000822125
150
000822335

000823376
151
000823544

000825212


152
000825379

000827422

153
000827590

000830008
154
000830176

000831343
155
000831511

000833803


156
000833971

000835430


157
000835598

000836640
158
000836807

000839059
159
000839227

000842687
160
000845107

000846608


161
000846776

000849152


162
000851322

000855742
163
000855910

000857702
164
000858496

000900080
165
000900248

000903667
166
000903834

000906169
167
000906337

000909714
168
000909882

000913510
169
000914804

000918557


170
000918724

000921685
171
000921894

000925480
172
000926107

000929568


173
000929735

000932779

174
000932947

000934447
175
000934615

000938410
176
000938578

000941746
177
000941914

000945458
178
000945626

000948086
179
000948296

000950714
180
000950881

000954593
181
000959807

001002225
182
001007523

001008565
&
183
001008733

001010108
&
184
001010276

001012902
185
001013070

001015238

186
001019702

001020785
187
001023247

001025332
188
001025499

001027917
189
001028085

001031254
190
001031422

001032839

191
001033007

001036509
192
001036677

001040138
193
001040348

001041389
194
001041557

001044601
195
001044769

001046770
196
001046979

001050148
197
001050316

001052609
198
001052777

001055612
199
001055780

001056863
200
001059033

001101242
201
001101410

001103703
202
001105831

001108416
203
001110920

001114381


204
001114548

001118677
205
001118844

001122764
206
001123891

001125517
207
001125685

001127477
&
208
001127687

001132190
209
001132400

001136945
210
001137113

001140281
211
001140449

001142575
212
001142743

001145120
26
213
001145287

001147122
214
001147289

001148623
215
001148791

001150792
216
001151752

001153753
217
001201220

001204347

218
001205683

001207684
219
001211564

001213982
220
001214150

001216109
221
001216277

001220864
222
001221073

001224075
223
001224243

001226035


224
001226203

001228079
225
001228247

001232167
226
001232835

001233877
227
001234044

001238548
228
001239091

001240341
229
001242386

001244012


230
001244180

001248892
231
001249059

001251770
232
001251937

001254189
233
001254356

001256983


234
001257151

001300320
235
001300488

001304949
236
001309622

001311831
237
001313042

001317754


238
001325888

001329390

239
001329600

001331726
240
001331894

001333645
241
001335606

001337899
242
001338067

001343988
243
001345658

001347242
244
001347409

001350954
10
245
001351664

001353915
246
001415980

001417730
247
001420234

001424070
248
001424280

001426948
249
001427116

001430076
250
001430244

001432161
251
001432329

001435665
252
001435833

001439002
253
001439169

001440879
254
001441046

001443631
255
001443799

001446217


256
001446385

001450138
257
001450306

001452599
258
001452766

001455226
259
001458063

001459814
260
001503986

001505570
261
001506280

001509532
262
001509700

001512744
263
001512912

001516664
264
001517791

001521336
265
001521503

001525256
266
001525424

001527842
267
001528010

001530553
268
001533349

001535433
269
001537561

001539020
270
001539229

001542190


271
001542358

001547362
272
001550699

001552575
273
001552785

001554619
274
001554787

001557580
275
001559208

001602210
276
001603754

001606464
277
001606632

001609926


278
001610094

001612220
279
001612805

001615223
280
001617059

001618101
281
001618268

001620228
282
001620396

001621813
283
001621981

001623481
284
001623649

001626359
285
001626527

001628361
286
001628570

001630947


287
001631115

001632198


288
001632366

001634033


289
001634201

001638204

290
001638747

001642583

291
001642793

001644460
292
001644628

001648381
293
001648549

001649882
294
001650050

001653594
295
001654972

001656389
&
296
001656557

001658891
297
001701770

001705231
298
001705983

001708026

299
001708193

001709861
300
001710029

001712822

301
001712990

001714115
302
001714283

001716451
303
001716618

001718411
304
001718662

001720246
305
001720456

001721664
306
001721832

001724917
307
001725085

001729464
308
001729631

001731340

309
001731508

001733676


310
001733886

001737805
311
001737973

001739515
312
001740809

001743227
313
001743395

001746230
314
001746398

001748066
315
001749902

001751319
316
001751487

001754489
317
001755783

001757825
318
001758035

001759952
319
001800120

001802121


320
001802289

001804248
321
001804458

001806959
322
001807127

001810171
323
001810339

001811672
324
001811840

001814759
325
001814968

001818262
326
001818472

001819514
327
001821725

001823726
328
001824478

001826687
329
001827147

001828439
330
001828649

001829690
331
001829858

001831859


332
001832528

001836030
333
001836740

001838032
334
001838659

001840743
335
001840911

001843329
336
001849002

001853673
337
001854508

001856717
338
001857219

001859011
339
001859179

001902557
340
001902724

001903766
341
001903934

001905935


342
001906103

001908187
343
001908355

001911440

344
001911942

001914777
345
001915696

001917029


346
001917197

001919782


347
001921326

001922618
348
001925372

001926873
349
001927040

001928749
350
001928917

001931752
351
001932421

001933921
352
001934631

001935673


353
001935883

001938634


354
001938802

001941637
355
001944099

001945808
356
001945976

001949312
357
001949479

001951981
358
001954568

001955818

359
001955986

001957528
360
001959114

002003034
361
002006038

002010374
362
002010542

002013336
363
002013503

002016255
364
002017925

002019508
365
002021178

002023054
366
002027684

002029268
367
002029436

002032772
368
002032940

002035650
369
002035817

002037401
370
002037569

002039820
371
002039988

002042949
372
002043742

002045576
373
002046662

002050539
374
002050707

002052375
375
002055796

002058464
376
002101009

002102843
377
002103971

002109016
378
002117651

002119610
379
002119778

002122238
380
002122406

002125950
381
002126118

002127785
382
002128287

002131664
383
002132749

002135876
384
002136044

002138921
385
002141091

002143551
386
002143719

002146554
387
002153812

002156981

388
002157524

002159984
389
002208910

002210703
390
002210871

002213789


391
002213957

002216083
392
002227888

002229889
393
002231350

002232558
394
002232726

002235561