1
000004879

000007256


2
000007424

000011343
3
000011511

000013303
4
000017183

000022604
5
000024149

000025774
6
000025942

000027985


7
000030113

000033699


8
000033867

000036910
9
000037078

000038746
10
000038913

000042166
11
000044961

000047212
12
000138056

000141308
13
000141476

000143310


14
000144145

000147606
15
000147774

000152611
16
000152779

000154321
17
000156950

000159159
18
000159327

000201161
19
000201329

000203956
20
000204124

000205290


21
000205458

000206542
22
000210672

000213006


23
000213883

000218011
24
000218179

000219680
25
000220932

000223559
26
000223726

000227855
27
000228940

000233235
28
000234737

000236530
29
000236698

000238866
30
000239033

000241160
31
000241327

000243704
32
000244247

000248625
33
000248793

000250669
34
000252839

000254173
35
000254340

000258594
36
000258761

000300387
37
000300555

000303724
38
000303892

000306852
39
000307020

000309271
40
000309772

000313275
41
000314402

000317613
42
000317780

000321909
50
43
000323536

000328207
44
000328374

000332002


45
000334088

000336715
46
000338343

000339760
47
000346434

000350520
48
000350688

000353398
49
000353566

000355609
50
000355777

000358237
51
000358821

000400948
52
000401115

000406119
53
000406287

000409206
54
000411000

000413126
55
000413294

000415629
56
000415797

000416838
57
000417006

000419216
58
000419842

000423845
59
000424013

000425430
60
000425598

000428183


61
000428351

000431603
62
000432689

000436233


63
000436401

000437985
64
000438987

000441697


65
000441864

000445200
66
000445368

000446410
67
000446577

000448704
68
000450873

000452916


69
000455503

000457254


70
000502343

000505679
71
000507015

000510600
72
000511102

000513562
73
000513730

000515355
74
000515523

000519985
75
000520153

000522779


76
000523573

000525198
77
000525366

000530203
78
000530913

000533040
79
000534876

000536043
80
000536210

000538837
81
000539464

000541882
82
000542050

000543884


83
000544052

000546178
84
000548431

000549848
85
000552352

000553643
86
000553811

000554978
87
000557899

000559775
88
000601903

000603445
89
000604030

000606073
90
000606949

000608033
91
000608201

000610285
92
000610453

000611787
93
000611954

000614623
94
000615333

000619294
95
000624842

000627803
96
000627970

000632307
97
000632475

000633975
98
000634143

000638105
99
000638272

000641650
100
000642485

000646279
101
000646447

000650492
102
000650660

000655163
103
000655331

000659126
104
000659293

000701920
105
000703423

000706383
106
000706551

000712139
107
000713182

000715642
108
000716310

000718854
109
000719021

000722941
110
000723109

000725652


111
000725820

000729531
112
000730658

000732409
113
000732577

000735704
114
000741627

000743628
115
000743796

000746548
116
000746716

000750010
117
000750678

000753054


118
000753222

000757434
119
000757602

000801188
120
000801898

000804316
121
000804484

000807652
122
000807820

000811323
123
000811491

000813700


124
000813868

000816578
125
000817330

000820290


126
000822084

000823543


127
000829842

000830884
128
000831052

000833845
129
000835473

000836515
130
000836682

000839935


131
000840102

000842312
132
000842939

000845357
133
000845525

000848276
134
000848444

000849653
135
000849820

000852113
136
000852281

000854324


137
000900665

000904543
138
000904710

000905752
139
000905920

000909422
140
000910758

000913009
141
000913177

000916304
142
000917557

000921351
143
000921519

000923937
144
000924397

000926815
145
000926983

000930193
146
000930653

000932737
147
000932905

000935865
148
000936033

000938368
149
000938536

000939953
150
000940121

000942914
151
000943082

000944207
152
000945918

000947752
153
000949130

000950171
154
000950339

000953842
155
000955011

000958513
156
001004854

001007814
157
001007982

001010233
158
001011068

001015864
159
001016782

001018992
160
001020703

001022704
161
001023706

001027626
162
001027793

001030253
163
001031213

001033131
164
001033799

001035925
165
001036093

001037927
166
001040014

001042891
167
001043059

001044768
168
001044935

001049022
169
001051776

001053401
170
001053569

001055654
171
001056739

001059157
172
001059325

001102452
173
001104455

001105664
174
001106165

001109584
175
001110878

001114506
176
001117968

001121680
177
001122390

001123807
178
001123974

001126768
179
001127603

001132148
180
001132483

001133525
181
001133693

001138363
182
001138948

001140198
183
001141617

001144244
184
001145579

001146955
185
001147123

001148915
186
001149083

001150917

187
001152211

001154796
188
001154964

001158299


189
001158467

001201386
190
001201554

001202929
191
001203097

001205640
192
001205808

001208810
193
001210229

001212731


194
001213524

001216526
195
001217319

001219904


196
001220448

001222991


197
001225327

001229247
198
001229415

001230999
199
001231167

001234836
200
001235546

001238673
201
001238841

001242177


202
001242344

001244846
203
001245431

001248725
204
001250519

001253021
205
001253189

001256483
206
001256650

001300320
207
001300488

001304741
208
001304909

001306367
209
001307745

001310288
210
001310956

001312749
211
001312917

001315710
212
001315878

001316920
213
001317505

001319881


214
001320049

001323468


215
001323636

001325595
216
001325763

001327222


217
001327389

001328598
218
001329099

001332143
219
001332311

001334103
220
001334271

001336940
221
001337107

001338775


222
001346575

001349661
223
001349829

001351955
224
001352122

001355333
225
001355501

001356543
226
001356710

001400922
227
001401799

001404384
228
001404552

001405593
229
001405761

001407804


230
001407972

001410431


231
001410599

001414978
232
001415145

001418940
233
001419441

001420984


234
001421151

001424028
235
001426657

001430326
236
001430494

001433162
237
001433330

001436291


238
001436458

001439794
239
001439962

001441045
240
001441213

001442672
241
001443632

001447135
242
001449638

001450805
243
001451557

001455727
244
001455895

001458646


245
001458814

001503568
246
001504862

001506195
247
001506822

001509699
248
001510117

001514370


249
001514872

001516915
250
001517708

001520376
251
001520544

001522545
252
001526508

001527508
253
001527676

001531095
254
001531263

001534390


255
001536018

001539437
256
001539605

001541731
257
001544985

001547362
258
001551867

001555411
259
001555579

001557872


260
001601043

001605046
261
001605214

001608216
262
001608384

001611928
263
001613931

001616182
264
001616642

001618226
265
001618394

001619894
266
001620062

001621062
267
001621230

001622271
268
001622439

001624190
269
001626694

001627944
270
001628112

001631280
271
001631448

001633241
272
001633409

001636828
273
001637538

001642667
274
001642835

001645920
275
001646088

001649674
276
001649842

001650925
277
001651093

001653011
278
001653178

001654429
279
001658392

001700768
280
001700936

001702270
281
001703355

001705231
282
001705399

001707734
21
283
001707901

001709402
29
284
001709570

001712113
285
001712281

001714115
286
001714283

001715450


287
001715617

001719287
288
001719455

001720496
289
001720664

001725501
290
001729256

001730798
29
291
001738599

001741684
292
001742102

001744937
293
001745105

001747190
294
001747858

001750026
295
001750486

001755198
296
001755365

001756866
297
001757409

001800620


298
001800788

001802914
299
001804291

001805333
300
001806043

001807919
301
001808087

001810838
302
001811006

001813716
303
001815094

001817929


304
001820390

001822350
305
001822518

001825603
306
001825771

001827313
307
001831360

001832819
308
001833237

001836364


309
001836532

001840326
310
001840494

001843538


311
001843705

001845706


312
001845874

001848918
313
001852965

001854173
314
001856093

001858427
315
001903142

001906018
316
001906645

001909021


317
001909189

001911315
318
001911483

001913734
319
001913902

001915194
320
001915362

001918406
321
001919491

001921159
322
001923662

001927081
323
001936175

001939093
324
001939261

001941971
325
001942139

001943639
326
001943807

001946976
327
001947144

001949812
328
001949980

001952899
329
001953066

001955943
330
001956111

001959363


331
001959531

002004619
332
002005370

002007997
333
002008165

002011751
334
002013420

002019508
335
002019676

002023512
336
002023680

002026641
337
002026808

002029143
338
002029311

002033940
339
002034107

002039070
340
002039238

002041656
341
002042199

002044533
342
002046995

002047995
343
002048163

002051123
344
002051291

002052792
345
002058799

002101842
346
002102010

002105846
347
002106014

002108766
348
002108934

002113104
349
002114690

002117358
350
002117526

002121570
351
002123657

002127410
352
002127577

002130496
353
002130664

002132999
354
002133166

002137295
355
002143468

002148222
356
002148390

002151726
357
002151893

002153853
358
002158317

002159567