1
000004504

000005629
2
000005797

000008048
3
000008216

000009550
4
000009759

000012553
5
000014347

000015764
6
000016558

000018892


7
000019060

000023731
8
000024024

000027151
9
000028528

000029862


10
000030030

000032990
11
000033950

000036118
12
000036911

000039371
13
000039539

000040748
14
000040915

000042916


15
000043918

000045961
16
000048298

000050174
17
000050341

000053343
18
000053511

000056263


19
000057307

000059058
20
000151319

000152528
21
000152695

000154154
22
000154322

000156865
23
000157033

000159701
24
000159869

000201328


25
000201496

000205749
26
000205917

000208335
27
000209254

000211505
28
000213508

000216552


29
000216719

000220806
30
000221057

000222432
31
000224144

000227229
32
000227397

000229731


33
000229899

000230941
34
000231109

000232776
35
000232944

000235529
36
000235905

000238448
37
000238616

000240492
38
000242203

000243662
39
000245081

000246373
40
000248835

000251295
41
000251462

000253130
42
000253798

000256300
43
000256467

000300762
44
000300930

000304641
45
000306311

000308896
46
000310231

000312316
47
000313610

000315736


48
000315904

000317487
49
000317655

000320324
50
000320491

000324036
51
000324204

000326788
52
000327624

000330918
53
000332962

000335088
54
000335256

000337841


55
000339719

000342054
56
000342222

000343764
57
000343932

000346808
58
000346976

000349186
59
000349354

000352522
60
000353691

000355776
61
000355944

000358820
62
000358988

000402282
63
000411042

000413794


64
000413962

000415837
65
000416256

000418799


66
000418967

000422302
67
000422470

000425055
68
000425223

000427349
69
000428434

000429476
70
000429644

000431478
71
000431646

000433897
72
000436276

000437901
73
000438069

000439444
74
000439612

000442072
75
000443032

000446243


76
000447036

000450330
77
000451082

000453750
78
000453918

000457004
79
000458131

000459381
80
000459632

000501925
81
000502093

000504177
82
000504345

000505721
83
000505888

000508932


84
000509809

000511310
85
000511477

000515731
86
000521070

000522654
87
000522822

000525866
88
000526784

000528243


89
000528411

000531496
90
000531664

000533874
91
000534834

000537294
92
000537462

000540630
93
000540798

000545635
94
000546137

000549639
95
000551601

000553560
96
000553728

000555687
97
000555855

000559941
98
000600109

000601735
99
000602945

000605530


100
000606908

000608784
101
000610453

000613038
102
000613206

000616166
103
000617710

000619836
104
000620338

000622297
105
000626594

000627928
106
000634685

000636436
107
000636646

000638105
108
000638272

000641066
109
000641234

000643985
110
000645238

000648073
111
000648241

000650283


112
000651911

000653495
113
000655456

000656540
114
000658543

000700335
115
000701504

000704423
116
000704590

000707592
117
000707760

000708927
118
000713683

000714808


119
000714976

000717310


120
000717478

000721690
121
000734996

000736204
122
000736831

000738248
123
000743212

000745464
124
000745631

000748300
125
000748468

000752095
15
126
000752263

000754473
127
000754932

000757392
128
000758603

000800604
129
000802231

000806485
130
000806652

000810989
131
000813117

000815368
132
000815536

000819247
133
000819415

000821875
134
000825254

000827672
135
000828633

000831927
136
000832094

000835430


137
000836891

000838975
138
000839644

000841561


139
000844440

000846608
140
000849320

000850987
141
000853741

000855116
142
000857912

000901540


143
000901707

000904334


144
000915805

000918014
145
000918182

000920850
146
000921018

000923478
147
000923646

000926898
148
000927817

000928858
149
000929026

000931069


150
000931237

000934823


151
000937368

000939160
152
000941539

000944708
153
000944875

000946418
154
000946586

000949129
155
000952925

000955552
156
000955720

000956803
157
000956971

000958805


11
158
001002727

001005687
159
001005855

001007105
160
001007273

001011109


161
001011277

001014195
162
001014363

001017032
163
001017658

001018742
164
001018909

001021036
165
001021203

001022704
166
001022872

001025624
167
001027209

001028418
168
001029879

001031463
169
001031631

001032922
170
001038137

001040263
171
001042391

001043642
172
001044644

001046019
173
001046979

001048521
174
001048689

001052359
175
001058074

001059783
176
001101369

001103119
177
001105039

001107540
178
001108459

001110752
179
001112088

001114923
180
001116884

001118426
181
001121347

001123682
182
001123849

001125475
183
001129313

001130730
184
001132108

001134943
185
001138781

001143284
186
001152503

001154045
187
001156799

001158591
188
001158759

001202220
189
001203139

001204556
190
001209895

001212355
191
001214150

001215525
192
001215693

001217944
193
001218112

001221030
194
001221490

001223241
195
001223409

001226995
196
001229582

001232000


197
001232168

001233752
198
001233919

001236671
199
001238340

001239382
200
001246182

001247640
201
001247808

001249976
202
001250936

001252979
203
001253147

001257108
204
001258903

001302572
205
001302740

001304949


206
001305117

001308036


207
001308204

001309412
208
001309580

001312957
209
001314627

001316503
210
001316670

001320673
211
001320841

001323343
212
001323886

001326429
213
001326597

001328765
214
001332686

001335980
215
001338108

001340777
216
001341570

001344280
217
001346075

001348201
218
001348369

001351788
219
001351956

001354999
220
001355251

001357460
221
001400005

001401130


222
001401298

001403216
223
001403384

001404676
224
001404844

001409180
225
001409640

001412600
226
001414770

001417063
227
001417231

001418857


228
001419024

001420650


229
001420818

001422443


230
001422611

001423778


231
001423946

001425613


232
001425781

001427615
233
001427783

001430159
234
001430327

001432161
235
001435332

001438376
236
001440504

001442255


237
001442423

001444299
238
001444466

001447218
239
001449305

001451848


240
001453851

001455143
241
001459148

001502317
242
001503027

001504944
243
001505154

001508072
244
001511660

001513328
245
001513495

001514621
246
001516790

001518374
247
001521754

001524380
248
001524548

001526257
249
001531430

001533306
250
001535935

001538269
251
001539897

001541481
252
001542066

001543149
253
001543400

001547695
254
001548197

001550239
255
001550616

001552742
256
001559208

001600583
257
001600751

001602794
258
001604922

001607298
259
001612221

001616724
260
001619061

001622105
261
001622272

001623690
262
001625734

001627610
263
001631907

001635368
264
001636745

001638746
265
001643502

001648297
266
001648465

001651009
267
001652011

001654929
268
001656515

001700518
269
001701437

001703855


270
001704857

001706566
271
001706817

001708109
272
001708277

001713031
273
001713198

001715324
274
001718203

001719662
275
001720039

001724000
276
001724168

001725209
277
001726295

001728046


278
001728213

001732675
279
001733802

001735136
280
001735304

001738139


281
001740309

001744479
282
001744646

001748858
283
001750027

001751778
284
001753947

001757116
285
001801163

001802455
286
001806543

001809337
287
001809505

001812548
288
001812966

001814467
289
001814927

001817512
290
001817679

001821808
291
001822643

001824185
292
001824353

001826604
293
001826772

001828648
294
001830442

001834237
295
001836031

001837073
296
001839243

001842036
297
001842204

001844205
298
001850671

001852713
299
001852881

001853923
300
001854091

001857093
301
001857261

001859720
302
001859888

001902306
303
001903475

001905143
304
001905310

001907728
305
001910107

001911774
306
001913652

001915027
307
001915195

001917780
308
001917948

001919782
309
001921702

001923077
310
001924246

001928916
311
001929084

001931669
312
001931837

001934422
313
001934590

001937675
314
001938468

001939969
315
001941263

001945892
14
316
001946059

001948519
317
001948687

001951898
28yearold
318
001955444

001957778


319
002002659

002004035
320
002008457

002010374
321
002011293

002013920
322
002017299

002019759
323
002019927

002022011
324
002026683

002027767


325
002027935

002031437


326
002032356

002033814
327
002039863

002041197
328
002041365

002043824
329
002044451

002045701
330
002046161

002049288
331
002049623

002052041


332
002052209

002053501
333
002054836

002055878
334
002056046

002057338
335
002059424

002100758
336
002111311

002113646
337
002113814

002115856


338
002122823

002125032
339
002129705

002132707


340
002133333

002134667
341
002136253

002138838


342
002140716

002143718
343
002144845

002147388


344
002149558

002151225
345
002152477

002155021


346
002156565

002158774
347
002158942

002201027
348
002201194

002203279