1
000010135

000013929
2
000014556

000018100
3
000018268

000019852
4
000020020

000023856
5
000026192

000027234
6
000027402

000029278
7
000029446

000031655
8
000032741

000035492
9
000036369

000038412
10
000038580

000041665
11
000041833

000047880
12
000049257

000052801
13
000057807

000101018
14
000102979

000105647
15
000105815

000108692
16
000108860

000112321

17
000114657

000118327
18
000209087

000210754
19
000210922

000212005
20
000212173

000213715
21
000213883

000216552
22
000216719

000218720
23
000218888

000220806
24
000220974

000223058
25
000223226

000227104
26
000228398

000230440
27
000230608

000233360
28
000235446

000237072
29
000237240

000239283
30
000239450

000241660
31
000241828

000245497
32
000246916

000250294
33
000250461

000254923
34
000255091

000256633
35
000257886

000259970
36
000300138

000304641
37
000304809

000307311
38
000307937

000309313
39
000309480

000311899
40
000313401

000314610
41
000314777

000316111
42
000319782

000322075
43
000322243

000323994
44
000326915

000329124
45
000329667

000331877
46
000332045

000335631
47
000335798

000340969
48
000341137

000344556
49
000344724

000346016
50
000346184

000347309
51
000352941

000354733
52
000355318

000357653
53
000357820

000401657

54
000402116

000405160
55
000406037

000408872
56
000409874

000412251
57
000412418

000415170


58
000416673

000419091
59
000419259

000421426
60
000422845

000424846
61
000425014

000428475


62
000432272

000435357


63
000435525

000438360
64
000439362

000440988
65
000441531

000444074
66
000444534

000446535
67
000448121

000450163


68
000450331

000453250
69
000453418

000454876
70
000455878

000457087
71
000459007

000500215
72
000506264

000508140
73
000508308

000510726
74
000521654

000523447
75
000529162

000530829


76
000530997

000532956
77
000533124

000534374
78
000534542

000535959
79
000537295

000539463


80
000539630

000541965
81
000542133

000545427
82
000545595

000548305


83
000548473

000550390
84
000550808

000554061
85
000554228

000557689
86
000559609

000601735
87
000601903

000605072
88
000605239

000606740
89
000608910

000610702


90
000610870

000612996
91
000613456

000615207
92
000617502

000620629


93
000628638

000629846
94
000639982

000642359
95
000643945

000647531
96
000647698

000651785
20th
97
000652620

000654621
98
000655123

000657874
99
000658042

000701711
100
000702672

000705507
101
000705675

000707843
102
000710513

000712097

103
000712265

000713682
104
000713850

000716560
105
000716727

000718311

106
000718479

000720021
107
000721274

000724901
108
000725069

000726653
109
000728197

000729698
110
000729866

000732033
111
000732201

000734411
112
000735413

000736455
113
000736622

000738707
114
000738875

000741543
115
000741711

000745755


116
000746382

000749092
117
000749260

000752220

118
000752388

000755015
119
000755183

000756516
120
000758102

000800562
121
000800730

000803773
122
000803941

000805442
123
000805610

000809696
124
000809864

000812824
125
000812992

000815243
126
000815411

000816870
127
000817747

000821625
128
000821918

000825587
129
000825755

000829090
130
000831093

000832928
131
000833095

000835722
132
000836766

000838308
133
000840102

000843605
134
000843773

000846650
135
000846943

000848068
136
000854158

000855825
137
000856369

000859829
138
000901582

000902624
139
000911926

000914261
140
000914428

000916137
141
000917723

000918974
142
000920476

000922644
143
000922812

000925146
144
000925314

000927148
145
000927316

000928525
146
000928693

000932112


147
000933823

000937367
148
000938536

000940579
149
000951215

000952674
150
000952842

000958138
151
000958723

001002225

152
001004478

001005729
153
001005896

001008315
154
001008482

001012777
155
001012945

001016281
156
001016866

001019618


157
001019785

001022996
158
001023164

001025123
159
001025291

001027083
160
001027251

001031463
161
001032423

001037010
162
001037928

001040221
163
001040389

001044059
164
001044727

001046561
165
001046729

001049397
166
001049565

001051483
167
001054987

001056571
168
001056739

001057864


169
001058032

001101660
170
001101827

001105121
171
001105915

001106956
172
001111379

001115256
173
001115549

001116925
174
001117301

001119969
175
001129814

001133149

176
001135152

001138446
177
001138948

001140782
178
001141450

001143535
179
001144328

001146538
180
001146706

001148790
181
001148958

001150959
182
001151127

001153962


183
001155131

001158842


184
001201053

001203596


185
001203764

001206057
186
001206267

001208768
187
001208978

001211020

188
001212648

001216359
189
001216527

001220864
190
001223075

001227871
191
001228038

001233001
192
001233169

001236004
193
001236213

001238840
194
001239091

001242552
195
001242720

001246306
196
001249101

001251936
197
001252104

001254647
198
001254857

001259861
199
001300905

001303823
200
001303991

001305700
201
001314543

001318713
202
001318881

001322217
203
001322384

001324969
204
001329725

001330767
205
001334146

001335897
206
001339193

001342195
207
001342363

001345406
208
001345574

001348535
209
001348702

001352914
210
001353707

001354999
211
001355167

001358169


212
001358337

001402257
213
001403092

001405343
214
001405511

001407178
215
001407346

001410849
216
001412601

001414978
217
001415980

001418773
218
001418941

001420066


219
001420234

001423194
220
001423362

001426406


221
001431745

001434622
222
001434790

001438626
223
001450180

001451514


224
001451682

001453558
225
001453726

001455059
226
001455227

001458313
227
001500649

001503234
228
001504570

001507739
229
001507907

001510867
230
001512953

001515038
231
001515664

001517332
232
001518792

001521377


233
001522463

001526174
234
001526342

001529177
235
001529345

001531846
236
001535267

001538019
237
001538187

001540188
238
001540356

001541689
239
001541857

001544692
240
001550532

001552867
241
001555412

001556996
242
001557581

001600833
243
001601627

001604420
244
001609051

001610802
245
001610970

001614055
246
001614223

001618434
247
001618602

001621145
248
001621313

001625483
249
001626610

001631406
250
001631573

001633908
251
001634076

001637662
252
001637830

001640873

253
001644253

001648631
254
001648799

001651426
255
001651593

001654971
256
001655139

001657265
257
001657516

001701394
258
001702062

001706607
259
001706775

001711112
260
001711280

001713281
261
001713449

001715742
262
001715909

001717243
263
001724543

001727295
264
001727463

001730715
265
001730883

001733051
266
001733218

001734385
267
001734803

001738389
268
001739058

001741517
269
001741685

001743436
270
001743604

001746230
271
001746398

001749067
272
001749234

001751402
273
001751570

001755573
274
001759995

001801871
275
001803123

001806417
276
001806585

001807752
277
001809588

001815343
278
001815677

001817970
279
001818555

001821641
280
001821809

001824769
281
001824937

001827647
282
001827815

001830066
283
001830234

001834362
284
001835239

001837573
285
001837825

001839867
286
001849044

001851129
287
001851839

001853131
288
001853298

001856050
289
001856218

001859137
290
001859304

001902140
291
001902307

001904642
292
001905602

001906936
293
001907896

001911274


294
001911441

001914819
295
001927291

001928332
296
001929877

001931711
297
001936300

001937758
298
001939428

001943097
299
001944600

001946184
300
001946351

001948936
301
001949104

001952440
302
001955444

001958112


303
001958280

002000448
304
002000616

002004035
305
002004203

002005995
306
002006205

002011375
307
002011793

002013127
308
002014713

002015963
309
002019301

002021636
310
002021803

002024305


311
002024765

002027058
312
002027226

002029894
313
002030562

002034565
314
002034733

002038361
315
002038528

002041697
316
002042991

002045660
317
002045827

002048496
318
002048664

002052458
319
002052626

002054460
320
002054628

002056337
321
002056505

002100007
322
002100175

002105179

323
002105347

002107390
324
002107891

002109392
325
002109559

002113145
326
002113313

002116565
327
002116733

002119485
328
002121989

002124532


329
002124700

002126200
330
002126702

002128786
331
002128954

002132665
332
002132916

002135960
333
002137087

002138254
334
002138422

002139714


335
002139881

002141090
336
002142551

002144343
337
002146471

002148139
338
002148307

002152351
339
002152978

002155062
340
002159693

002201152
341
002202279

002204196

342
002204364

002205698


343
002205866

002208451
344
002210912

002213873
345
002214041

002216709
346
002218712

002219837
347
002220005

002223799
348
002223967

002225885
349
002226053

002228054
350
002229348

002231599
351
002233101

002235603