1
000007132

000008340
2
000008508

000011844


3
000013972

000017641
4
000018643

000020310


5
000020478

000022771
6
000023023

000024565
7
000026484

000028277
8
000028445

000031613
9
000031781

000032990
10
000033158

000037077

11
000038663

000040581
12
000040749

000043125
13
000045003

000046754
14
000047380

000051550
15
000052427

000054178
16
000054387

000056180
17
000056347

000059391
18
000102062

000103145
19
000103313

000105606
20
000106066

000108567
21
000108818

000110235
22
000113823

000116992
23
000207001

000211505
24
000212132

000213799
25
000214801

000216718
26
000217762

000219847
27
000225854

000229398
28
000230483

000232276
29
000232777

000235404
30
000236656

000238740
31
000238992

000242327
32
000242579

000243996
33
000244914

000246206
34
000246457

000249334
35
000249586

000252796
36
000254757

000257551
37
000258261

000300888
38
000301055

000303265
39
000304100

000305976
40
000306895

000310147
41
000313109

000316111
42
000316321

000320032
43
000320241

000321491
44
000321659

000323493
45
000323745

000327748
46
000327916

000329666
47
000329834

000331418
48
000332629

000334838
49
000336299

000338550
50
000338718

000340302
51
000340470

000341887
52
000342889

000344890


53
000345141

000349561
54
000349729

000353315
55
000353524

000355234
56
000357570

000359988

57
000400490

000403075
58
000405370

000407704
59
000407956

000409498
60
000409666

000412626
61
000417382

000418590
62
000418841

000421593
63
000423596

000425264
64
000425431

000428225
65
000428393

000431895
66
000434357

000436275
67
000442740

000444866
68
000445034

000446994


69
000447161

000448829
70
000449038

000451498
71
000451708

000454876
72
000455128

000457087
73
000458589

000500674
74
000500883

000502384
75
000503594

000507264
76
000507473

000510392
77
000510643

000512728
78
000512895

000517316
79
000517567

000520736
80
000520987

000523280
81
000523531

000526158
82
000526326

000528827
83
000529078

000532372

84
000532540

000536376
85
000536627

000540172
86
000540340

000541423
87
000541591

000543008
88
000545887

000548680
89
000548848

000550974
90
000553853

000555395
91
000555646

000558190
92
000558358

000600692
93
000600860

000603153
94
000605990

000608325


95
000608576

000612454
96
000613498

000615332
97
000615500

000618126
98
000619420

000622464
99
000622715

000626468
100
000626719

000629388
101
000629639

000632182
102
000633893

000635852


103
000636020

000638230
104
000638815

000641483
105
000643152

000645278
106
000645947

000649991


107
000650159

000654204
12
15
108
000654372

000655914
109
000656124

000657582
110
000658292

000701586
111
000701754

000703713
112
000703923

000706675
113
000706843

000710804
114
000711013

000712681
115
000713975

000716184


116
000718813

000720021
117
000720189

000721982
118
000722150

000723900


119
000724652

000726111
120
000726279

000728071
121
000728239

000729322
122
000735705

000738165
123
000738374

000740292
124
000740460

000744963
125
000745214

000748383
126
000748551

000752095
127
000752930

000755265

128
000755516

000757309
129
000758186

000759436
130
000759604

000800687


131
000800855

000801938
132
000809071

000811656
133
000813242

000815785
134
000815953

000818914
135
000821167

000823710
136
000823878

000825670
137
000825922

000828048
138
000838601

000840810
139
000842396

000845232
140
000845399

000847150
141
000847401

000848527
142
000848694

000850570
143
000852114

000853865
144
000855576

000858203
145
000858871

000901540
146
000901707

000902791
147
000902959

000904668


148
000904835

000908213
149
000908381

000909589
150
000909840

000912759


151
000912927

000915512
152
000915763

000917013
153
000926065

000928567


154
000928734

000931778
155
000932154

000934114
156
000934615

000936992


157
000937159

000940287
158
000940496

000942080


159
000942248

000944541
160
000944792

000949671
161
000952633

000955385
162
000955595

000958471


163
001004270

001005520
164
001005688

001007647
165
001008983

001011568
166
001012528

001013612
167
001013779

001015572
168
001016198

001018617
169
001018784

001021036
170
001021203

001025582
171
001025791

001027917


172
001028127

001030962


173
001031130

001034049
174
001034216

001035967


175
001036802

001038678
176
001038888

001041598
177
001042642

001046186
178
001047730

001049981
179
001050191

001052233
180
001052485

001055820
181
001058658

001100408
182
001100576

001104663
183
001104830

001106414
184
001106624

001110043
185
001110211

001112671
186
001112838

001117092
187
001117343

001119344
188
001119970

001122055
189
001122640

001124891
190
001125685

001127727

191
001127937

001130605
192
001130773

001132732
193
001133067

001134901
194
001135236

001138154
195
001138322

001139447
196
001139615

001141658
197
001141826

001144285
198
001144537

001146871
199
001147039

001148623
200
001152878

001155088


201
001155256

001159551
202
001201637

001203263

203
001203431

001206099
204
001206600

001209477
205
001209729

001212355
206
001212523

001214065
207
001214316

001215608
208
001215776

001217986
209
001218195

001221281

210
001222950

001224033
211
001224201

001226619

212
001227371

001229873
213
001230040

001232709
214
001232960

001235503
215
001235755

001237422
216
001237590

001240091
217
001240259

001242385
218
001242595

001245722
219
001246474

001251728
220
001253606

001256357
221
001257568

001259235
222
001259403

001302280


223
001302448

001305617
224
001306744

001308745
225
001311123

001313041
226
001313292

001317754
227
001317963

001319464
228
001319632

001321841
229
001322051

001325970
230
001326180

001330225
231
001331435

001333645
232
001334396

001335480
233
001335648

001337941

234
001338108

001340527


235
001340694

001343571


236
001343781

001346658
237
001346909

001351704
24
238
001351872

001353164
239
001353332

001356501
240
001356669

001400630
241
001404260

001405718


242
001405886

001409347
243
001409515

001411474
244
001411642

001415645
245
001415855

001420608
246
001422194

001423528
247
001423696

001425530
248
001425781

001427532
249
001427741

001430493
250
001430703

001433663
251
001433914

001436499
252
001436750

001440545
253
001440713

001444382
20
254
001444550

001446467
255
001446677

001449762
256
001449930

001452098
257
001452266

001454851
258
001456145

001458813
259
001459023

001500481
260
001500649

001504277
261
001504486

001506696
262
001508490

001509574
263
001510826

001512702
264
001513913

001515163
265
001515331

001516497
266
001516749

001518166
267
001518417

001521252
268
001521420

001523046
269
001523297

001525924
270
001526091

001528092
271
001528260

001532305
272
001532473

001534265


273
001534433

001536809


274
001537311

001541356
275
001541565

001543399
276
001543651

001546819
277
001546987

001548988


278
001549156

001550740
279
001550908

001553159


280
001553327

001555828


281
001602044

001603586


282
001603754

001605338
283
001605506

001607423


284
001607591

001611177
285
001611345

001615264
286
001617017

001619978
287
001620145

001622313
288
001622481

001624816
289
001625067

001629362
290
001632116

001633533
291
001633784

001635034
292
001635786

001639706
293
001639873

001640957
294
001641125

001644293
295
001644878

001646504
296
001646672

001648464
297
001648632

001650967
1800s
298
001652761

001655847
299
001700853

001704480
300
001704732

001705815
301
001708902

001710069
302
001711613

001713197


303
001713782

001715908
304
001718287

001720955


305
001721123

001722206
306
001722374

001724709
307
001724877

001726878
308
001727129

001729213
309
001729381

001730631

310
001730799

001734343
311
001737222

001739515
312
001739683

001741893
313
001742936

001745980
314
001746190

001750359
315
001750527

001752320


316
001753614

001754697
317
001756116

001800244
318
001800496

001803831

319
001804666

001806542



320
001806710

001809337
321
001812257

001814092
322
001814468

001817345
323
001817721

001818805
324
001818972

001823309
325
001823560

001825603
326
001825854

001827146
327
001827314

001830233

328
001830400

001832652
329
001838534

001839742
330
001839910

001841911
331
001842079

001843204
332
001843372

001845832
333
001846458

001849168
334
001849753

001850962
335
001851213

001854048
336
001858303

001859762
337
001859930

001902932
338
001903934

001905852
339
001906019

001908271


340
001909189

001910857
341
001911525

001915027
342
001915279

001919365
343
001922995

001924162

344
001924329

001925413
345
001925581

001927206
346
001927374

001930418
347
001931003

001933921
348
001935507

001937884
349
001938385

001939886
350
001940053

001942597
351
001942764

001945808
352
001946185

001947727

353
001952900

001956485
354
001956695

001959530
355
001959698

002001073


356
002001325

002002783
357
002002951

002004785
358
002005913

002008748
359
002008999

002012043
360
002014046

002015880


361
002016131

002019634
362
002019801

002022303
363
002022512

002024347
364
002024514

002026057
365
002027517

002030603


366
002030771

002033022
367
002033190

002035316
368
002035943

002037902


369
002038070

002040780


370
002040948

002042698
371
002042866

002044867
372
002045077

002046869
373
002047037

002049997
374
002050165

002051249
375
002051416

002054085


376
002054253

002055419
377
002055587

002057296

378
002057464

002059382
379
002101551

002103761
380
002103929

002105096
381
002105347

002107306
382
002107557

002109433


383
002109726

002112270
384
002113730

002116315
385
002117276

002118567
386
002118735

002120027

387
002120195

002121320


388
002122447

002125491

389
002125659

002127535
390
002127703

002129078
391
002137170

002140298
392
002140465

002142091
393
002142259

002143342
394
002143552

002148055
395
002148640

002153769
396
002154896

002158524
397
002158734

002200818
398
002201069

002206198
399
002206575

002207742
400
002207951

002209327
401
002209494

002211203
402
002211371

002214999
403
002215167

002217293
404
002217461

002219545

