1
000004921

000008257


2
000009134

000015472
3
000015640

000021603
4
000021771

000022938
5
000023106

000027109


6
000027569

000031363
7
000031531

000034783


8
000036786

000039830


9
000039998

000045586


10
000046171

000052176


11
000052343

000053635
12
000053803

000057473
13
000057640

000100726
14
000100894

000103645
15
000103813

000106899


16
000147565

000150526
17
000150693

000155030
18
000155198

000159201
19
000201371

000205374


20
000207127

000210420
21
000210588

000212548
22
000214968

000217970
23
000218138

000219221


24
000219389

000220472
25
000221558

000223100


26
000223268

000227020
27
000227188

000230357
28
000230525

000233360


29
000233528

000237072
30
000237240

000240409
31
000240577

000244413


32
000244581

000248876
33
000250295

000253255


34
000253423

000258343
35
000258511

000259970


36
000300138

000302181
37
000303433

000306643
38
000306811

000307853
39
000308021

000311315


40
000311482

000313233
41
000313401

000317154
42
000317780

000321909
43
000328833

000331793
7
44
000331961

000336632
45
000336799

000340552
46
000340720

000344223


47
000344390

000349811
48
000349979

000354066
49
000354234

000356944
50
000357111

000359613
51
000359781

000404409
52
000404577

000407246
53
000413878

000415337


54
000415505

000419091
55
000420426

000422928
56
000423096

000427557
57
000427725

000431520
58
000433398

000437567


59
000437735

000439861


60
000440029

000443323
61
000443491

000447035
62
000447203

000451331
63
000451499

000454793


64
000454961

000456044
65
000456212

000501258
66
000503011

000504052


67
000504220

000507431


68
000507598

000509975
69
000511352

000513603
70
000513771

000516606
71
000516774

000518608
72
000518776

000522154
73
000522322

000525324


74
000525491

000528869
75
000529704

000533332
76
000533499

000537252


77
000537420

000540756
78
000541507

000546303

7

7
79
000546471

000548638
80
000550350

000554144


81
000554312

000558106


82
000558274

000601318
83
000603571

000604905
84
000605073

000608325
85
000609869

000610911
86
000611079

000616375
87
000622715

000625717
88
000625885

000629888


89
000630056

000632057


90
000632225

000635519
91
000635686

000637437
92
000637605

000639815
93
000639982

000642692
94
000643903

000646238
95
000646406

000649825
96
000649992

000652619
97
000652787

000656373
98
000656541

000659960
99
000700128

000702504
100
000702672

000704798
101
000707510

000710220
102
000717728

000720564
103
000723484

000726111
104
000732910

000735537


105
000738458

000740959
106
000741127

000743462
107
000743629

000746298
108
000746466

000749718


109
000749886

000753597
110
000754932

000758477


111
000758644

000803148
112
000803316

000806776
113
000807445

000811072
114
000811240

000814826
115
000814994

000816661
116
000816829

000819831
117
000819999

000822751
118
000822919

000825795
119
000825963

000827130


120
000829634

000831510
121
000832053

000834471
122
000834639

000836640
123
000840061

000842687
124
000842855

000846775
125
000846943

000851738
126
000852281

000854115


127
000855326

000858995
128
000901582

000903708


129
000903876

000906169
130
000906379

000910966
131
000911133

000915804
132
000918975

000922686


133
000924063

000930068
134
000931153

000934573


135
000934740

000937033
136
000938119

000941705
137
000941872

000944374
138
000945293

000948545
25
139
000950256

000952424


140
000952633

000953925
141
000955261

000959973
142
001000141

001002809
143
001003978

001007856


144
001008024

001009858
145
001010026

001012611
146
001012778

001016865
147
001019619

001022621


148
001022788

001026166
149
001028002

001031630


150
001045519

001048146
151
001048314

001050523
152
001050691

001053234
153
001053402

001055570
154
001055738

001058948
155
001059116

001102952
156
001103871

001106706
157
001106874

001110877
158
001111045

001113588
159
001114215

001117384
160
001117551

001119928
161
001125226

001128061
162
001128229

001131398
163
001131565

001134401


164
001134568

001138697


165
001139907

001142283
166
001142451

001145120
167
001145287

001149791
168
001149959

001152252


169
001152420

001155588


170
001155756

001159676
171
001159844

001202512
172
001202680

001205682
173
001205850

001208393
174
001209520

001212355
175
001212523

001215775
176
001215943

001220280


177
001220448

001226786
178
001226954

001231791
179
001238090

001241760


180
001241927

001244471
181
001244638

001248808


182
001248976

001251853
15
183
001252021

001257108
184
001257276

001300737


185
001300905

001303990


186
001304158

001306284
187
001306452

001309245
188
001309413

001313333
189
001314502

001317587
190
001317755

001320757
191
001320925

001322884


192
001323052

001325220
193
001327348

001328765
194
001331393

001332644
195
001337817

001342028
196
001346617

001351538
197
001353624

001356793
198
001358003

001400505
199
001400673

001404551
200
001404718

001409222


201
001409390

001413810


202
001413978

001417230
203
001417398

001421067


204
001421235

001423236


205
001423404

001425446


206
001425614

001428533
207
001428701

001430910
208
001431078

001434622
209
001434790

001438710
210
001438878

001441254
211
001441422

001445008
212
001445718

001446926
213
001447094

001451139
214
001451307

001453892
215
001454059

001456102
216
001457229

001500690
217
001501400

001507614


218
001511827

001515496
219
001517791

001522629
220
001527551

001531596
221
001533349

001535600


222
001535809

001538645


223
001538812

001541230
224
001541398

001543191


225
001543359

001545610
226
001545778

001549238


227
001549406

001553117
228
001553285

001556329
229
001556497

001558665
230
001558832

001600792
231
001600960

001604837
800
232
001605005

001607715
233
001607883

001613846
234
001614014

001616891
235
001617059

001618810
236
001618978

001622271
237
001622940

001625942
238
001626110

001629487
239
001629655

001633199
240
001633659

001638037


241
001639081

001643001
242
001643168

001646129
243
001647297

001650383
244
001650551

001654887


245
001655055

001658057
246
001704314

001708693
10
247
001708861

001713823


248
001714992

001718161
249
001718328

001722832
250
001723000

001728004
251
001728589

001732216


252
001732384

001734510
253
001734678

001737388
254
001738348

001741642
255
001741810

001745605
256
001745773

001751903
257
001752071

001754822
258
001754990

001759911


259
001800079

001804665
260
001806627

001808836
261
001809004

001810838
262
001811006

001815968


263
001816136

001819305
264
001819473

001824602
265
001825646

001829232
266
001829399

001833820
267
001833987

001836948
268
001837116

001842120
269
001845749

001846999
270
001848627

001851921
271
001852089

001855967
272
001857427

001901139


273
001901306

001905226
274
001905394

001909313
275
001909481

001913985


276
001914153

001915528
277
001915696

001918406
278
001918574

001923286


279
001924663

001927123
280
001927291

001929876
281
001930043

001932128
282
001933714

001937967
283
001938135

001940803
284
001940971

001943764
285
001943932

001946642
286
001946810

001950771


287
001950939

001955943
288
001959698

002003284
289
002003452

002007455


290
002007623

002009582
291
002009750

002011250
292
002011418

002014670
293
002014838

002020426
294
002021261

002024138
295
002024306

002028809
296
002028977

002031938
297
002032105

002034523
298
002036860

002040655
299
002041281

002047495
300
002047663

002050915


301
002051083

002056712


302
002059466

002104887
303
002108684

002111102
304
002112396

002115106
305
002119945

002124031
306
002124199

002127952
307
002128120

002130121
308
002130289

002133416
309
002133834

002135084
310
002135252

002137378


311
002137546

002139964
50
312
002140132

002143926
313
002144094

002145970


314
002146138

002148097