1
000013555

000016306
2
000019019

000022021
3
000028903

000032281


4
000035243

000037536
5
000042500

000044710
6
000044878

000046253
7
000048715

000049965
8
000050133

000053218
9
000054304

000055804
10
000055972

000059725
11
000103063

000105230
12
000156699

000159368
8
13
000159536

000200744
6
14
000200912

000203872
15
000204707

000207209
16
000207377

000208794
17
000208962

000212297
18
000214384

000218011
19
000218179

000221181
20
000223226

000224852
21
000225019

000228397
22
000228731

000231066
23
000231943

000233318
24
000233903

000235404
25
000236239

000237656


26
000237824

000239867


27
000240034

000243328


28
000243496

000244746
29
000244914

000247249
30
000247417

000250127
31
000252297

000254339
32
000255508

000258594
33
000258761

000259845
34
000300638

000303056
35
000303349

000306476
36
000306644

000308604
37
000309147

000312191
38
000312358

000315235
39
000319324

000321158
40
000322285

000324203
41
000324621

000327664
42
000327832

000328874


43
000329042

000331335
44
000331878

000333212


45
000333379

000338008
46
000338301

000340761


47
000340929

000342554
48
000344599

000347851


49
000348937

000350896
50
000351689

000352731
51
000352899

000355984
52
000358071

000400030
53
000401950

000403075
54
000403243

000405494
55
000405828

000407204


56
000407830

000409957
57
000411834

000414169


58
000414337

000415712


59
000415880

000417589
60
000418633

000420717
61
000421511

000423553
62
000423721

000425806
63
000427725

000430560
64
000433731

000436775
65
000436943

000438443
66
000442991

000445450
67
000445618

000447828
68
000450290

000451498
69
000451666

000454543
70
000454711

000457879
71
000458256

000459756
72
000500633

000503385
73
000503553

000507055
74
000507223

000509558
100
75
000510059

000511685
76
000511853

000513645
77
000515023

000516523
78
000517817

000519901
79
000520069

000521570
80
000521738

000524239
81
000524407

000528327
82
000528494

000530370
83
000530538

000531830
84
000537378

000540422
85
000540590

000543300
86
000543468

000545886


87
000546054

000548513
88
000548681

000552434
89
000552602

000556229


90
000556564

000558690
91
000558858

000600859
92
000601027

000604613
25percent
93
000604781

000606531
94
000606699

000608617
95
000608785

000612537
75percent
96
000612705

000614748
97
000614916

000617709
200
98
000619295

000620879
99
000621047

000622923
100
000626469

000628178
101
000628346

000631348
102
000631516

000635727
103
000635895

000639314
$16000
104
000640650

000645070
105
000645488

000646905
106
000647073

000651535
107
000652495

000653787
108
000653955

000658083
109
000658251

000659668
110
000659836

000702587
111
000703923

000705590
112
000705758

000708677
113
000713516

000717060
114
000717228

000718687
115
000718855

000719855
116
000720022

000724359


117
000725778

000727237
118
000730867

000734661
10
119
000734829

000738457
120
000738624

000742169
121
000742336

000744337
122
000744505

000746006
123
000746174

000748425
124
000750094

000755307
125
000802190

000803690
126
000803858

000806735


127
000807737

000808820
128
000809405

000811406


129
000812742

000814993
130
000815161

000817078
131
000818039

000821166
132
000821501

000823293


133
000826380

000828465


134
000828633

000829925
135
000830343

000834846
136
000836307

000838975
137
000840353

000841478
138
000844190

000846525
139
000846734

000850862
140
000852448

000853823
141
000853991

000855408
142
000856327

000858912
143
000859080

000901206
144
000901749

000902916
145
000906337

000909464


146
000910091

000911174


147
000911342

000912676


148
000912843

000913885
149
000914053

000916596


150
000920226

000921476
151
000922144

000926773
152
000926983

000930068
153
000930236

000932529
154
000932697

000933738
155
000933906

000938076
156
000941163

000942622
157
000942832

000944791
158
000946335

000948962
159
000956679

000958888
160
001000516

001002851
161
001004353

001008273
162
001009191

001011735
163
001011902

001014154
164
001015281

001016698
165
001017283

001019242
166
001019410

001022871
167
001023497

001027042
168
001027209

001030545
169
001031839

001033173
170
001033716

001034799
171
001035384

001038970
172
001039180

001041556
173
001043392

001045268


174
001046020

001047562
175
001049440

001052901
176
001053069

001056655
177
001056822

001058740
178
001100284

001103411


179
001105706

001110210
180
001110378

001113213
181
001113964

001116633
182
001118552

001120679
183
001120846

001122514
184
001122682

001125350
185
001125518

001129688
186
001131023

001133692


187
001135820

001139489
188
001139657

001141533
189
001141701

001144160
190
001145955

001148665
191
001148833

001151209


192
001151794

001155088
193
001156507

001159801
150
194
001159969

001202679
195
001204098

001206015
200
196
001206183

001208810
197
001208978

001210478
198
001210646

001212313
199
001212857

001215316

$200

200
001215484

001216693


201
001217987

001220238


202
001220406

001223992
203
001225327

001226578
204
001226746

001230081
205
001230291

001232083
206
001232418

001234335
207
001234503

001236796


208
001236964

001240008


209
001240593

001243303


210
001245181

001246723
211
001246891

001248933

212
001251604

001253354
213
001253647

001255690
214
001255858

001257776
215
001258736

001259778
216
001304533

001307494
217
001307661

001310246
218
001310414

001311664
219
001311832

001313041
220
001313209

001315251
221
001316629

001319839
222
001321050

001323676


223
001324303

001326054
224
001326222

001327263
225
001327431

001329724
30
226
001330684

001333061
227
001333229

001334687
228
001336524

001339651
229
001339819

001341778


230
001344365

001346783
231
001346951

001348368


232
001348536

001351204


233
001353249

001357627
14
234
001357795

001359087
235
001401549

001402924
236
001405219

001406344
237
001409598

001413726
238
001413894

001415270


239
001415437

001416855


240
001417022

001418982


241
001420109

001422360
242
001422528

001423778
243
001426365

001427407
244
001427575

001429868
245
001430035

001431828
246
001435749

001437876
247
001438043

001440545
248
001440963

001444382
249
001444550

001446009


250
001446176

001448720
251
001448888

001450221


19
252
001450389

001451764
253
001452391

001454601
254
001454768

001456394


255
001456562

001458146


256
001458314

001459606
257
001500900

001503151
258
001505321

001506738
259
001507239

001509657
260
001509825

001511868


261
001512036

001514454
262
001514663

001516539
263
001516707

001519792
264
001521670

001523546
265
001525132

001527717
266
001529261

001530762
267
001530930

001532138
268
001544485

001548029


269
001548197

001551950
270
001554495

001555703
271
001557081

001558957
272
001559124

001601042


273
001601210

001604087
274
001604254

001606839
275
001609218

001611636


276
001611804

001613638
277
001614181

001617392


278
001617935

001621354
279
001621522

001624232
280
001624400

001627819
281
001629822

001631155
282
001631532

001633574
283
001635411

001638162
284
001638330

001640248
285
001640416

001642542
286
001642710

001647005
287
001650884

001654345
288
001654513

001656931
289
001658183

001659726
290
001659893

001701185
291
001701895

001705398
292
001705566

001707942
293
001708110

001710653
294
001711530

001713281
295
001713449

001715867
296
001717411

001718995
297
001720706

001724917
298
001725085

001727211
299
001728964

001731090


300
001731258

001733384
301
001733552

001735470
302
001736555

001738848
303
001739016

001741267
304
001744980

001746439
305
001746607

001748858
306
001749234

001751527
307
001751695

001754989
308
001755157

001759160
309
001759828

001800995
310
001801163

001803956
311
001809254

001811422
312
001811590

001815134
313
001816345

001819347
314
001819515

001821682
315
001821850

001826270
316
001826438

001829357
317
001829525

001831734
318
001831902

001835530
319
001835697

001838699
320
001839618

001841494


321
001841662

001843579
322
001855801

001857969


323
001903392

001905351
324
001905519

001907979
325
001909439

001912942
326
001916321

001917572


327
001917739

001919699
328
001919867

001924495
329
001924997

001928916
330
001929877

001933337
331
001936341

001941554
332
001944349

001946559
333
001946727

001949395
334
001949563

001951731
335
001951899

001954358
336
001954526

001957445
337
001957613

002000948
338
002001116

002002158
339
002004828

002006454
340
002014213

002017965
341
002018133

002021469
342
002021637

002024222
343
002024389

002026933
344
002027100

002029435
345
002029603

002031270
346
002031438

002033689
347
002033857

002035858
348
002036026

002038653


349
002041323

002043324
350
002043492

002045076
351
002051500

002054919
352
002103428

002106430
353
002118443

002120528
354
002120696

002122863
355
002127911

002129370
356
002129913

002134375
357
002135335

002138254
358
002144011

002145177
359
002145345

002147054
360
002148932

002152143