1
000003420

000005462
2
000005714

000008465
3
000008717

000011051


4
000011261

000012469
5
000013555

000015097
6
000015849

000017599


7
000017767

000019351
8
000023231

000025899
9
000026151

000030279
10
000031239

000033115
11
000033366

000036577
12
000036786

000037828
13
000038079

000042958
14
000043543

000045169
15
000046087

000048255


16
000049716

000052426


17
000053928

000055387
18
000055638

000057514
19
000059934

000102311
&
20
000104314

000107566


21
000158034

000200119
22
000200370

000201912
23
000202122

000205165
24
000205834

000207334
25
000208336

000210254
26
000210505

000213048
27
000214175

000215259


28
000215510

000218137
29
000218805

000220097
30
000221266

000222599


31
000223643

000225269
32
000225478

000227813
33
000227981

000232192


34
000232443

000235904
35
000236114

000237990
36
000238241

000240450
37
000240994

000244246
38
000244414

000245497
39
000250211

000251253
40
000252255

000256008
41
000256676

000258135


42
000259095

000300304


43
000300555

000301889
44
000302140

000303307
45
000304142

000306143

46
000319657

000321909


47
000322076

000323452
48
000327498

000328582
49
000328833

000330584
50
000330835

000333128
51
000333713

000335881


52
000338134

000339676
53
000339886

000341511
54
000341763

000343222
55
000344307

000346225
56
000347936

000349645
57
000349896

000353190
58
000353441

000357236
59
000401950

000406411
60
000407747

000408956
61
000409207

000410415
62
000410667

000411875
63
000415880

000418173
64
000424222

000426765
65
000427016

000431645
66
000431854

000434064


67
000434315

000437109
68
000437277

000438694
69
000439612

000443156
70
000446536

000448745
71
000449330

000451456
72
000455295

000458547
73
000500258

000503969
74
000504220

000506096


75
000506347

000510017
76
000510518

000513020
77
000515148

000519401
78
000519610

000521695
79
000523114

000526491
80
000527118

000530495
81
000530747

000533582
82
000533833

000537336
83
000540340

000542215
84
000544302

000547471
85
000549057

000551767
86
000552018

000554311
87
000557023

000600650
88
000602070

000603528
89
000604113

000606740
90
000606991

000608825
91
000609327

000611453
92
000611704

000615749
93
000616834

000618293
94
000618544

000623340
95
000626427

000627677


96
000627929

000629471
97
000630098

000632391
98
000638022

000639564
99
000639732

000644194
100
000644445

000647072
101
000649325

000653120
102
000658626

000702421
103
000702672

000706133
104
000707885

000709177
105
000709971

000713598
106
000713850

000717352
107
000720148

000721606
108
000722733

000724860
109
000727155

000730323
110
000736289

000739583
111
000740751

000742377
112
000743880

000747883
113
000748134

000750802
114
000751387

000753930
115
000755391

000758018
116
000759437

000801730
117
000801939

000806234
118
000807028

000808403
119
000810364

000813533
120
000814118

000816369
121
000818831

000819873
122
000822168

000824961


123
000825379

000827631
124
000827965

000832093
125
000832345

000835222
126
000835389

000837140
127
000840436

000841478
128
000844982

000846274
129
000851531

000855116
130
000855368

000857702
131
000859664

000902958
132
000904669

000908088
133
000908422

000909923
134
000910174

000911716
135
000917181

000919641
136
000919850

000921518


137
000921686

000923687
138
000924814

000926523
139
000944750

000948503
140
000956053

000958888
141
001000266

001001975
142
001002226

001003685
143
001005062

001006605
144
001007523

001009774


145
001012653

001017532
146
001019660

001021870


147
001022079

001024998
148
001026208

001029127
149
001029629

001032505
150
001032715

001034883
151
001035384

001038053
152
001039972

001041056
153
001041474

001045268
154
001045853

001047103
155
001049440

001050982
156
001051233

001053568
157
001053819

001056154
158
001056322

001058198
159
001058949

001102035
160
001104413

001105747
161
001105998

001109417
162
001109585

001110960
163
001116592

001120303
164
001120554

001124849
165
001125101

001128395
166
001128604

001132774
167
001133401

001135110
168
001136153

001138780


169
001150501

001151710
170
001155131

001156256
171
001156590

001158758
172
001159009

001202053
173
001202471

001204472
174
001207059

001208768
175
001209019

001211104
176
001212356

001214399
177
001214567

001217485


178
001219029

001221364
179
001225327

001227412
180
001229582

001230623
181
001237173

001242093
182
001244180

001246473
183
001246891

001248516
184
001251061

001252979

185
001253647

001256941
186
001302740

001304783
187
001304950

001307160
188
001308871

001312332


189
001312500

001315210
190
001316003

001317587
191
001319006

001321633
192
001321884

001324135
193
001324303

001325929
194
001330059

001333353


195
001333729

001335188
196
001335397

001337398

&
197
001341111

001344906
198
001345157

001346658
199
001346826

001348201
200
001351956

001354707
201
001355835

001357919
202
001400089

001403967
203
001405803

001408304
204
001409265

001411057
205
001412059

001414519
206
001414770

001417605
207
001417773

001421901
208
001423529

001425321
209
001438168

001441379
210
001441589

001442922
211
001443090

001444257
212
001444508

001447176
213
001447386

001448428
214
001448596

001451931

215
001452182

001455393
216
001455644

001458938
217
001459189

001502942
218
001508616

001510325
219
001515164

001516956
220
001520377

001521502
221
001521921

001525715
222
001525966

001528051
223
001528594

001530386
224
001531639

001533014


225
001533265

001534682
226
001535601

001537185
227
001537394

001538645
228
001538896

001541981
229
001542358

001545401
230
001545736

001548655
231
001548864

001550990
232
001553118

001556204
233
001556455

001558915


234
001559083

001601417
235
001601835

001604170
236
001607508

001609842
237
001611387

001613096
238
001614932

001616391
239
001620729

001622188
1
240
001623357

001625441
241
001626068

001627694
242
001628362

001631364
243
001632032

001634534
244
001638163

001641499
245
001641750

001643501
246
001643711

001646838
247
001649550

001651843


248
001652094

001655179
249
001658684

001700226
250
001700436

001701936
251
001706066

001708234
252
001709653

001712280
253
001712698

001714824
254
001718620

001719871
255
001720956

001721998
256
001723625

001724751
257
001728005

001730214
258
001730466

001733009
259
001736138

001738931
260
001741643

001742852
261
001746774

001748357


262
001748609

001752195
263
001754281

001756741
264
001756992

001759827
265
001800079

001801537
266
001801789

001804957
267
001809171

001810755
268
001811507

001814258
269
001814510

001816344
270
001816595

001819472
271
001819723

001822141


272
001822392

001827522
273
001827856

001831651
274
001831944

001834237
275
001834530

001837698
276
001838033

001839575
277
001839952

001843830
278
001848252

001849335
279
001856301

001857510
280
001906103

001910106
281
001910315

001912859
282
001916780

001919157
283
001919366

001923244
284
001923579

001925580
285
001928000

001931169
286
001931420

001933921


287
001935215

001937633
288
001942389

001943472
289
001944933

001946017
290
001947060

001950980
291
001951815

001954483


292
001955235

001958738
293
001958989

002001032
294
002001491

002006329
295
002006580

002008623
296
002008874

002010750
297
002012044

002013169
298
002014213

002019133
299
002019384

002021844
300
002022262

002023846


301
002027976

002031145
302
002031313

002035107


303
002035275

002037568
304
002039780

002044575
305
002044826

002047328
306
002047579

002050456
307
002050707

002052750
308
002053794

002056170
309
002056421

002059173


310
002059424

002102343
311
002102511

002103552
312
002111853

002113604
313
002115232

002116941


314
002118944

002122113
315
002125033

002127618
316
002132416

002133457
317
002134084

002138004
318
002138255

002141090
319
002143593

002146470
320
002150726

002151934
321
002203155

002205489
322
002205657

002207366
323
002208076

002210703
324
002213206

002215708


325
002215876

002218836
1
2
326
002219046

002220755
327
002221006

002222256
328
002223383

002225092
329
002225344

002227720

330
002227971

002229430
331
002229848

002232058
332
002233685

002236020
1
2
333
002236188

002238439