1
000003253

000004378
2
000004546

000007214


3
000007382

000011176


4
000012137

000013929


5
000014097

000016807
6
000016975

000021061


7
000021896

000023814
8
000023982

000028152
9
000029696

000033157
10
000035368

000038078
11
000038246

000039788
12
000039998

000044418


13
000044586

000048088
14
000048256

000051550
15
000054304

000057473
16
000059559

000102394


17
000102562

000105314
18
000143812

000146021
19
000146231

000148482


20
000148650

000152611
21
000156449

000200202
22
000200370

000205290
23
000205500

000208877
24
000209963

000213423
25
000214884

000218053


26
000218221

000220013
27
000222892

000224518
28
000225353

000229022
29
000229190

000231066
30
000231234

000233694
31
000235196

000239032


32
000239200

000243287
33
000243788

000247040
34
000248793

000251420
35
000251588

000254506


36
000254674

000257676
37
000257844

000259720
38
000259888

000304141
39
000304767

000308020
40
000308188

000310397
41
000310565

000315277
42
000316404

000319072
43
000319240

000321742
44
000321910

000325412


45
000325580

000326914
46
000332879

000335589
47
000336007

000339426


10
48
000340637

000342012
49
000342222

000345515
50
000345683

000349061


51
000349229

000351146
4
52
000351314

000353148


53
000404994

000406161
54
000409791

000411250
55
000413878

000416797


56
000416965

000421051
57
000421261

000423512
58
000423680

000426598
59
000426766

000429184


60
000429352

000431311


61
000431479

000434731

62
000434899

000437526
63
000438403

000440570
64
000440738

000444783
65
000444951

000448870
66
000450957

000456336
67
000456504

000458839


68
000459757

000501758
69
000502343

000504761
70
000505972

000509099
71
000509267

000511101
72
000517817

000521570
73
000521946

000524448
74
000524615

000525949
75
000529620

000533040


76
000533207

000536877
77
000537045

000539171


78
000541132

000545135
79
000545303

000547888


80
000554312

000555854
81
000600902

000603362
82
000603529

000607240
83
000608701

000612496


84
000614415

000615582
85
000615833

000617209
86
000618086

000620587
87
000622507

000624174
88
000626386

000627886
89
000628054

000631431


90
000631641

000634059
91
000634227

000635769


92
000635937

000640190
93
000641692

000644611
94
000644779

000647739
95
000648741

000652536
96
000652787

000655747
97
000656290

000658166


98
000658418

000700836


99
000709303

000712097
100
000712348

000714683
101
000714976

000720397
102
000726195

000729364
103
000729532

000732534
104
000732743

000735829
105
000736414

000738623


106
000738791

000741209
107
000741377

000744588


108
000750428

000751511
109
000751721

000755515
110
000758019

000759478
111
000800021

000803148
112
000803316

000804357
113
000804525

000807944
114
000808654

000810906
115
000812033

000814659
116
000819290

000821374


117
000821542

000823960
118
000824128

000825545
119
000825838

000828173
120
000828633

000830509
121
000830718

000833803
122
000834305

000835680
123
000835932

000840143
124
000840311

000844356
125
000844524

000847192
126
000847401

000850028


127
000850196

000851780
128
000851948

000854950
129
000855117

000856743
130
000857828

000859162


131
000859330

000902958
132
000903125

000906878
133
000907046

000909130
134
000910216

000914344
135
000914512

000917847
136
000919767

000922143
137
000922812

000926147


138
000938119

000939494
139
000940204

000942038
140
000942206

000943873
141
000944041

000946710


142
000946877

000949045
143
000950006

000952090
144
000952258

000955427
145
000955595

000958597
146
000958764

001000056


147
001000224

001003268


148
001003811

001006605


149
001008316

001012444
150
001013529

001016740
151
001016907

001019451
152
001020578

001023246


153
001025041

001028710
154
001028878

001030462


155
001030630

001033798
156
001035176

001039137
157
001039305

001041848


158
001042016

001044768
159
001044935

001049606
160
001051317

001052817
161
001052985

001056154
162
001056322

001057781
163
001057948

001102786
164
001104163

001106706


165
001106957

001109376
166
001109669

001112629
167
001112880

001116800
168
001116967

001119260
169
001120304

001123598
170
001125351

001128353
171
001132483

001134401


172
001134568

001137362
173
001137530

001139197
174
001139365

001141116
175
001141283

001144828
176
001147790

001151126
177
001152044

001154087
30
178
001159927

001201970


179
001202138

001203888
180
001204056

001207225
20
181
001208227

001210812
182
001210980

001214482
183
001214650

001216818


184
001217361

001219112
185
001226871

001231458
186
001231625

001233543
187
001235504

001238047


188
001238299

001241718
189
001241969

001243887
190
001245097

001249768
191
001250019

001254522
192
001254732

001256191
193
001258986

001300570
194
001300738

001304032
195
001304200

001306284
196
001307119

001308536


197
001310623

001312123


198
001312333

001315502
199
001315711

001317045
200
001317213

001321299
201
001322301

001324469


202
001324637

001327388
203
001327556

001330183
204
001335689

001337899
205
001339568

001342487
206
001342696

001346032
207
001346242

001348660
208
001348911

001350703
209
001350871

001353540
210
001353749

001357502
211
001401757

001403967
212
001404718

001406427
213
001406595

001411140
214
001412101

001413351
215
001414812

001418189
216
001418357

001419691
217
001419859

001422861
218
001423028

001426948
219
001427116

001428992
220
001430661

001432954
221
001435916

001437208
222
001441171

001443590
223
001446844

001448219
224
001448429

001452265


10
225
001452474

001453850
226
001454018

001456728
10
10
227
001504820

001506362
228
001506530

001508907
229
001509074

001510658
230
001513996

001516748
231
001516999

001519250
232
001519919

001522170


233
001528135

001530386


234
001530679

001534140


235
001534391

001536142
236
001536852

001537936


237
001538103

001540813
238
001540981

001543399
239
001544526

001545777
240
001545986

001549656
241
001550616

001553785
242
001554036

001558122
243
001603837

001605630


244
001611428

001613763


245
001613973

001617976
246
001618936

001622313
247
001622481

001626234
30
248
001626402

001627986
249
001629488

001634283
250
001634702

001637787
251
001638038

001640331
252
001640874

001643543
253
001643711

001647505
254
001648465

001650299
255
001650467

001652552
256
001653470

001654721
257
001654888

001657348
258
001657516

001700893
259
001701061

001705273
1997
260
001706066

001709444
261
001709737

001713531
262
001713741

001716117
263
001716410

001718911
264
001719079

001721956
265
001726712

001728838
266
001732634

001734552


267
001734720

001736971
268
001737139

001738931


269
001739099

001742810
270
001743479

001747482


271
001747649

001750068
272
001750235

001753237
273
001753906

001755740
274
001755908

001758409
275
001758660

001800078
276
001800245

001802747


277
001804458

001807376
278
001807544

001809128
279
001809296

001811547


280
001811715

001814050
281
001814218

001816677


282
001818514

001820848


283
001821058

001823935
284
001824728

001826604
285
001827606

001830650
286
001830818

001832443
287
001833070

001834987


288
001835155

001838449


289
001838992

001840159
290
001844456

001846040
291
001847000

001850169
292
001851046

001852964
293
001853507

001854966
294
001906520

001908062
295
001909731

001911691
296
001911859

001914819
297
001916613

001919115
298
001919283

001922493
299
001923078

001925454
300
001925622

001927290
301
001929459

001932044
302
001932462

001934172
303
001934381

001936674


304
001936842

001940928
305
001941096

001944056
306
001944224

001945892
307
001946059

001949020
308
001949188

001952732
309
001954151

001955443
310
001958030

001959697
311
002002910

002004785
312
002004953

002008581
313
002008749

002009957
314
002010125

002012418
315
002013921

002016088
316
002018050

002022386


317
002023388

002025348
318
002026183

002030019
319
002030187

002033397
320
002034900

002036734
321
002040906

002042531
322
002042699

002043866
323
002044034

002047203
324
002048622

002051123
325
002051291

002053417
326
002055879

002058965
327
002101093

002104470


328
002104846

002109141
329
002109309

002112603


330
002118777

002119902
331
002120070

002123948


332
002124783

002129161


333
002132165

002135751


334
002136253

002137712
335
002138338

002140464
336
002140632

002142258
337
002144469

002146012
338
002146179

002147888