1
000005755

000008882
2
000010301

000011593
3
000011761

000014638

4
000014806

000018183
5
000018351

000021645
6
000021855

000023772
7
000024441

000026108
8
000026359

000030029


9
000030196

000033449


10
000033658

000037369
11
000037537

000040497
12
000040665

000042916
2000
13
000043084

000044501
14
000045128

000047796


15
000049549

000054053
16
000054929

000058015


17
000058183

000100601
18
000100769

000102019
19
000153780

000156240
20
000156407

000158992
21
000202539

000203580
22
000203748

000208085
23
000209879

000210879


24
000211047

000213924


25
000214175

000217886
26
000218054

000221932
27
000222100

000224518
28
000225061

000226812
29
000226980

000228939
30
000230900

000232234
31
000234404

000237739


32
000237991

000240993
10
33
000241161

000243162
34
000244497

000248959
35
000249419

000251253

36
000251546

000254423
37
000254591

000257509
38
000258595

000302097
39
000302348

000306393
40
000306561

000307811
41
000307979

000310647
42
000310857

000313775
43
000313985

000317279


44
000318781

000320782
45
000320950

000324578


46
000325079

000328332
47
000328499

000332252
48
000332420

000334755
49
000334923

000336882
50
000338384

000341970
51
000342222

000345682
52
000345975

000348268
53
000348436

000352648
54
000353816

000355400
55
000356986

000400906
56
000401908

000404576
57
000404744

000406870
58
000412669

000416588
59
000416756

000419424
60
000422762

000424054


61
000424222

000426223
62
000426391

000428517
63
000428685

000432479
64
000436567

000439778
65
000440863

000443532
66
000443700

000446368
67
000446536

000449579
68
000450498

000452207
69
000452375

000455377
70
000455586

000458547
71
000459382

000502926
72
000503094

000504720
73
000505388

000509057
74
000511102

000516064
75
000516232

000519526
76
000519736

000522070
77
000524157

000525407
78
000525575

000528327
79
000534083

000535500
80
000535668

000539129
81
000545428

000547095
82
000548765

000550474
83
000552477

000554102
84
000558274

000600275
85
000601069

000603153
86
000606282

000608533
87
000608701

000612287
88
000613790

000615457
89
000615625

000617626
90
000620296

000622672
91
000622840

000625133
92
000625301

000627552
93
000627720

000632474
94
000634394

000636520
95
000636687

000638980
96
000639649

000640816
97
000640983

000645362
98
000645530

000647489
99
000647698

000650325
100
000650493

000652661
101
000653663

000655914
102
000656165

000657707
103
000658000

000700919
104
000701421

000703338
105
000704674

000709136
106
000709345

000712180
107
000712348

000714558
108
000714725

000715934
109
000717854

000719521
110
000719689

000722023
111
000722191

000725694
112
000726696

000729948


113
000730116

000732075
114
000736372

000737914
115
000738458

000740500
116
000740668

000743336
117
000743504

000744629
118
000746883

000751178
119
000751387

000754389
120
000754557

000756558
121
000757185

000758435
122
000759645

000801062
123
000801230

000802981
124
000803232

000807694
125
000807862

000810113
126
000810990

000814075


127
000814243

000815410
128
000815578

000819247
129
000821000

000823460
130
000823628

000826713
131
000831969

000833595
132
000833763

000834804
133
000834972

000836014
134
000836182

000839809
135
000841812

000843813
136
000845441

000848443
137
000848611

000852197
138
000852365

000854032
139
000855451

000856660
140
000858246

000900372


141
000900540

000902332
142
000902500

000903833
143
000904001

000906336


144
000906796

000909297
145
000909465

000910674
146
000910841

000913468

147
000914178

000916555
148
000916764

000919140
149
000919308

000922143
150
000922311

000924396
151
000924564

000925689
152
000925856

000927899

153
000928067

000932696
154
000932863

000936116
155
000936284

000939786
156
000939996

000942497
157
000942665

000945166
158
000945334

000946835
159
000947003

000948169


160
000948337

000949879
161
000950339

000954092
162
000954844

000956761
163
000956929

000958221
164
001002685

001004853
165
001005605

001007731
166
001007898

001009524
167
001009692

001014446
168
001018200

001019576
169
001021037

001024039
170
001024206

001025957
171
001026709

001030920
172
001031088

001033965
173
001036052

001038386
174
001038596

001042098
175
001042600

001043767
176
001043934

001046478
177
001046646

001050065
178
001050691

001054069
179
001055738

001059449
180
001059617

001101785
181
001101994

001105080
182
001106457

001108458
183
001109460

001113463
184
001114757

001116424
185
001117093

001118093
186
001118260

001121096
187
001121764

001123807
188
001123974

001126810
189
001130940

001136319
190
001136487

001138738


191
001138906

001141324
192
001141534

001144786
193
001145037

001147747
194
001147915

001151793
195
001152294

001154629
196
001156006

001159050


197
001159218

001203138
198
001203305

001206307
199
001206475

001208560
200
001208728

001212689
201
001212857

001215859
202
001216026

001219070
203
001226203

001227996
204
001228164

001229330
205
001229498

001233418
206
001233586

001235378
207
001240342

001242635
208
001243471

001245472
209
001245639

001248099
210
001248267

001251019


211
001251228

001252979
212
001253522

001255690
213
001255858

001259611
214
001259779

001300820
215
001304158

001305241
216
001305409

001308745
217
001309538

001311831
218
001312041

001315627
219
001315795

001318755
220
001319548

001323176
221
001323344

001325261
222
001325429

001327680
223
001327848

001332101
224
001332269

001334145
225
001334313

001336064
226
001337066

001340735
227
001340903

001343404
228
001343572

001347158
229
001347409

001349410
230
001349578

001351371
231
001351539

001354499
232
001354667

001356501
233
001358170

001400755
234
001400923

001403508
235
001407096

001409264
236
001410933

001412058
237
001417106

001418189
238
001418440

001421401
239
001421610

001425655
240
001425823

001428324
241
001428534

001432120
242
001433372

001436749
243
001438460

001442255
244
001442423

001444507
245
001445676

001446968
246
001447136

001449387


247
001449555

001452307
248
001452474

001455602
249
001455769

001457353
250
001459231

001501649
251
001501901

001503610
252
001503777

001505528
253
001506906

001510617
254
001510784

001513286
255
001513454

001516289
256
001516498

001518625
257
001519877

001523421
258
001523631

001526424
259
001527259

001529844
260
001530387

001532639
261
001532806

001536476
262
001536685

001540188
263
001540439

001545026
264
001545611

001547153
265
001547363

001551324
266
001551492

001553743
267
001553911

001555119
268
001555329

001558289

269
001558540

001600333
270
001600542

001603378
271
001604380

001607507
272
001607716

001611135
273
001624191

001626025
274
001628070

001629821
275
001630239

001632323
276
001634576

001636869
277
001637037

001638830
278
001638998

001640873
279
001641917

001644419
280
001644920

001646087
281
001646255

001648256
282
001648716

001652051
283
001652219

001654262
284
001655889

001657181
285
001658392

001700059
286
001700227

001702687
287
001704606

001706399
288
001706567

001708693
289
001708861

001711988
290
001713574

001715950


291
001716493

001717910
292
001718120

001720455


293
001721957

001723708
294
001725085

001728421
295
001728589

001731257
296
001731425

001733676
297
001733844

001737513
298
001737681

001741267
299
001742311

001744479
300
001746648

001750902
301
001751070

001753237
302
001753405

001756115
303
001756325

001757533


304
001757701

001801662

305
001802623

001805583
306
001805751

001807543
307
001807711

001811672

308
001811840

001814175



309
001814343

001818012
310
001818180

001819514
311
001819681

001822308
312
001822476

001824894
313
001825062

001826104
314
001826271

001828689
315
001828857

001832735
316
001833987

001835947
317
001836115

001837824


318
001837991

001839617
319
001842830

001844038

320
001844206

001845456
321
001845666

001849085
322
001849253

001851629
323
001853048

001854215
324
001855926

001858594
325
001901723

001904058
326
001904476

001908229
327
001908397

001912733
328
001913819

001917238
329
001918198

001920324
330
001920993

001922827


331
001922995

001926205
332
001929418

001930459
333
001931378

001933045
334
001933213

001934922
335
001935090

001936757
336
001936925

001938050
337
001938218

001940178
338
001940429

001943055
339
001943223

001944265
340
001944433

001947435
341
001947644

001949770


342
001950022

001952648
343
001955569

001957778
344
001957946

002000573
345
002001783

002006204
346
002007539

002010583
347
002013253

002017423
348
002017591

002019550
349
002020844

002021886
350
002023388

002024931
351
002025766

002028434
352
002028602

002030937
353
002031104

002033940
354
002035234

002036525
355
002036693

002038402
356
002046495

002048788
357
002048956

002052792
358
002052960

002055503
359
002055754

002058130
360
002058298

002101717
361
002103679

002107640
362
002107849

002109934
363
002116024

002117775
364
002117943

002120278
365
002120487

002122363
366
002122614

002125533
367
002125826

002128369
368
002128870

002130871
369
002131039

002132748
370
002139381

002141173
371
002141717

002145261
372
002145429

002147555
373
002147764

002150182
374
002150350

002152560
375
002152728

002154145
376
002154646

002156397


377
002156565

002157982
378
002158150

002159191
379
002159359

002200776
380
002201486

002202778
381
002204406

002206866


382
002213206

002216000
383
002216168

002218878
384
002219046

002223632
385
002233685

002235603