1
000015098

000017182
2
000017475

000019560
3
000019769

000022021
4
000022230

000024106
5
000024315

000025899


6
000026109

000028610


7
000028778

000032072
8
000032782

000035242

9
000128922

000131507
10
000131674

000133467
11
000133635

000135260
12
000135595

000138514
13
000140308

000142017
14
000143520

000145813
15
000146064

000148190
16
000148358

000150984
17
000151486

000152903
18
000155031

000156115
19
000156282

000158617
20
000158827

000159868
21
000200036

000202996
22
000203248

000206625
23
000206793

000208752
24
000209003

000211755
25
000212006

000213382
26
000216553

000219346


27
000219597

000221098


28
000221307

000222599


29
000223643

000225394
30
000225603

000228814
31
000229607

000232568
32
000232819

000233861
33
000234028

000236864
34
000237031

000238323
35
000238491

000240492
36
000240994

000244872
37
000246416

000249501
38
000250461

000254089
39
000255383

000256550
40
000256968

000258051
41
000258303

000301054
42
000302891

000305517
43
000305727

000307144
44
000308313

000310355
45
000312442

000313483
46
000314903

000316778
47
000317155

000320908
48
000321659

000323118
49
000325413

000326663
50
000327582

000330792
51
000331002

000334838
52
000335965

000337132
53
000337383

000340219
54
000341971

000343138
55
000344599

000346850
56
000349229

000350562
57
000351272

000352397
58
000355652

000356693
59
000356945

000358487
60
000359197

000401406


61
000401616

000402699
62
000402951

000404785
63
000404953

000407663
64
000407914

000409039
65
000409207

000411375


66
000411584

000413210

67
000413461

000416255
68
000416464

000418715


69
000418883

000419967
70
000420176

000421843
71
000422011

000423720
72
000424639

000426431
73
000426599

000429142
74
000438403

000441029
75
000441281

000443365
76
000443616

000445242
77
000445493

000449162
78
000450248

000451456
79
000454961

000456503
80
000505680

000506722
81
000508433

000509891
82
000514147

000515230
83
000516441

000518358
84
000520486

000523363
85
000523531

000524990
86
000525158

000528994


87
000529203

000530871
88
000531122

000534333
89
000537003

000539338
90
000541049

000542090
91
000542842

000544217
92
000544844

000547804


93
000550433

000552351
94
000552560

000555354
95
000555605

000558648
96
000558900

000601818
97
000610370

000613121
98
000613331

000615457
99
000615666

000619669
100
000620296

000621588
101
000622423

000623840
102
000625927

000628970
103
000629222

000631139
104
000631391

000633308
105
000633893

000635811
106
000637063

000640357
107
000641776

000646363
108
000647240

000649950
109
000650201

000651576
110
000651786

000654579
111
000654789

000656331
112
000656541

000659084
113
000708553

000710971
114
000712181

000714516
115
000719397

000721898
116
000722984

000724025
117
000724986

000726027
118
000726195

000728488
119
000729866

000730907
120
000731117

000734119
121
000735371

000738540


122
000738791

000740584
123
000741252

000744880
124
000745131

000747007
125
000747216

000750010
126
000750219

000753054
127
000754056

000755390
128
000755641

000757350
129
000802190

000804441


130
000804609

000806485
131
000806736

000810655
132
000810865

000814868
133
000815036

000817913
134
000818164

000820832
135
000821042

000824211
136
000824462

000828089
137
000828257

000829883
138
000831844

000835722
139
000838643

000841186


140
000841395

000844689
141
000844899

000846942
142
000847193

000849528
143
000849737

000850862
144
000851072

000853490
145
000858454

000859621
146
000859872

000901289
147
000901499

000905293
148
000908047

000910257
149
000910508

000914427
150
000915638

000917472
151
000917848

000921101
152
000921269

000922978
153
000923187

000925063

154
000925273

000928108


155
000928484

000930235
156
000930403

000931861
157
000932947

000935824
158
000936075

000938201
159
000938452

000939828
160
000944333

000945917
161
000949630

000950880
162
000953926

000956553
163
001000766

001002976
164
001003352

001006479
165
001007982

001009399
166
001009775

001013236
167
001013446

001014487
168
001014697

001017365
169
001019869

001021536
170
001024665

001025790
171
001027877

001030337
172
001030963

001032213
173
001039430

001042015
174
001042183

001044893
175
001045102

001048271
176
001048564

001051232
177
001051942

001055236
178
001056447

001058948
179
001059116

001100950
180
001101702

001103203


181
001103496

001104954
182
001105206

001106456


183
001106707

001107916

184
001108167

001109626
185
001110503

001112796
186
001113005

001115757
187
001116008

001118385
188
001121222

001122263
189
001124392

001126851
190
001131315

001132440
191
001132817

001134317
192
001134568

001136986
193
001137196

001139280
194
001139490

001141866


195
001143327

001146913
196
001148457

001150458


197
001150751

001153586
198
001153796

001156756
199
001156966

001158633
200
001158843

001159884
201
001200052

001202595
202
001202847

001205265
203
001208811

001211771
204
001212440

001215066
205
001215568

001216776
206
001217027

001220029
207
001220322

001222657
208
001222867

001224909
209
001226579

001230498
210
001234712

001238131
211
001238382

001240884


212
001241135

001243094


213
001243345

001245972
214
001246599

001249225
215
001303324

001304908
216
001307620

001310121


217
001310372

001313249


218
001320090

001321382
219
001321634

001324928
220
001327890

001331184
221
001331769

001334771
222
001335022

001337857
223
001338067

001341402
224
001341612

001344030
225
001344240

001346658
226
001347535

001351412
227
001351664

001352705


228
001352873

001355250
229
001357211

001359587
230
001400256

001403216
231
001403425

001405343
232
001405553

001406970
233
001413769

001414978
234
001415479

001417313
235
001417565

001419148


236
001426574

001427949
237
001431912

001433329


238
001433497

001434581
239
001434748

001438501
240
001439336

001441254
241
001441589

001444799


242
001445134

001446968
243
001448679

001450889


244
001451098

001453057
245
001453267

001454309
246
001454476

001456686
247
001456896

001458688
248
001459899

001501065
249
001503277

001504861
250
001505070

001506696
251
001512703

001513995
252
001514163

001515914
253
001517750

001521711
254
001528594

001530219
255
001533599

001536893


256
001537186

001540813
257
001542441

001545276
258
001552368

001554035
259
001554244

001556621

260
001556789

001559540
261
001559708

001600792
262
001604254

001606547


263
001607216

001608424
264
001609426

001610510
265
001610928

001613513
266
001614223

001615974
267
001616225

001617266
268
001617559

001618726
269
001619103

001620478
270
001620688

001621980
271
001622231

001625566
272
001625818

001627443
273
001627653

001629445


274
001629655

001630822
275
001637121

001638663
276
001644128

001645795
277
001646005

001648047
278
001648298

001649549

279
001649883

001651259
280
001651593

001654554
281
001654805

001657432
282
001657683

001659934
283
001700185

001702854
284
001703147

001705982
285
001708360

001709986
286
001710195

001712572
287
001712823

001715199
288
001715451

001717285
289
001717536

001719787
290
001720039

001722290
291
001722541

001724375
292
001724585

001727086
293
001727337

001731549
294
001731800

001735511
295
001735763

001737263
296
001737514

001740099
297
001742686

001746022
298
001746440

001747940
299
001749735

001752612


300
001753363

001754614
301
001754990

001757075
302
001757367

001800536
303
001802915

001804582
304
001804792

001808169
305
001808420

001812715
306
001812925

001814801
307
001815302

001817553
308
001818180

001820181
309
001820390

001821599
310
001822643

001824519
311
001826021

001830274
312
001830526

001833402
313
001833654

001837115
314
001837366

001841285
315
001844248

001845665
316
001847042

001848167
317
001849711

001850795
318
001851797

001854340
10
319
001854550

001855883
320
001857719

001858970
321
001900764

001902974
322
001907146

001909397
323
001909731

001912150
324
001912359

001913776
325
001917030

001918781
326
001918991

001920950
327
001921201

001923870
328
001924121

001925329
329
001925581

001926956
330
001929376

001931752
331
001932796

001934046
332
001934298

001937091
333
001937342

001940845
334
001941096

001942638
335
001943515

001946100


336
001948687

001949854
337
001950022

001952648
338
001954860

001957111
339
001957321

001959739
340
002000115

002002241
341
002002492

002006662
342
002006872

002009498
343
002009750

002011375
344
002011668

002016797
345
002017049

002020384
346
002021845

002026307
347
002026516

002029310
348
002030812

002032438
349
002032648

002035691
350
002035984

002038527
351
002038779

002041530
352
002041782

002043824
353
002044660

002048079
354
002048247

002049288
355
002049456

002052083
356
002054253

002055419
357
002056046

002057171
358
002057422

002059674
359
002059925

002102885
360
002103387

002104762
361
002104972

002107473
362
002107683

002108724
363
002108934

002111060
364
002111311

002112687
365
002112938

002115523
366
002115691

002118776
20yearold
367
002119027

002120820
368
002125075

002126867

369
002127244

002128536
370
002129663

002132039
371
002132291

002133791
372
002134042

002135126
373
002135294

002137920
374
002139214

002142925


375
002143135

002144635
376
002144886

002146762
377
002147389

002150266
378
002150517

002152935
379
002200652

002203112
380
002203363

002205990
381
002206241

002208034
382
002211538

002212997
&
383
002214374

002216751
384
002217252

002219545
385
002232768

002233893
386
002235437

002236645