1
000002627

000005838
2
000006006

000007423
3
000007590

000009466
4
000011094

000012344
5
000012512

000013679
6
000013847

000014930
7
000015849

000017933
8
000025525

000028193
9
000029029

000031363
10
000034034

000037870
11
000038038

000040164
12
000040331

000042458
13
000044044

000046211
14
000046379

000048839
15
000049007

000052551
16
000052719

000055054
17
000055221

000057389
18
000057557

000101518
19
000101686

000104480
20
000104647

000109193

21
000110904

000113989
22
000117577

000119078
23
000124292

000125709
24
000126461

000127711
25
000127879

000130380
26
000130548

000131799
27
000131966

000135260
28
000135428

000137054


29
000137222

000138222


30
000138431

000142101
31
000236656

000239324
32
000239492

000242828
33
000242996

000247124
34
000248126

000249835
35
000250003

000253338

36
000303808

000305225
37
000305393

000307936
38
000308104

000311190
39
000311357

000313317
40
000314235

000318405

41
000319240

000320991
42
000322118

000325078
43
000327457

000329583
44
000330376

000333503
45
000333796

000336131
46
000336424

000338050
47
000338218

000341303
48
000342931

000344932
49
000345433

000349228
50
000349395

000351480
51
000351648

000354608


52
000354776

000356610
53
000357195

000359321
54
000359489

000401782
55
000401950

000405452
56
000409290

000411208
57
000413461

000416546
58
000417215

000418757
59
000420134

000422302
60
000422470

000425889
61
000430019

000432229
62
000432397

000435148
63
000435316

000437317
64
000437485

000438902
65
000439070

000442864
66
000443032

000446535
67
000447870

000450205
68
000450373

000452374
69
000452542

000453625

70
000453793

000456086
71
000456754

000457879
72
000459215

000500465
73
000501718

000505595
74
000507015

000510225


75
000510476

000513937
76
000514105

000516940
77
000517108

000519651
78
000519819

000521403
79
000521571

000524072
80
000527827

000530037
81
000535209

000538837
82
000539464

000541548
83
000541716

000543216
84
000546346

000549556
85
000551684

000553310
86
000553478

000555020
87
000555188

000556897
88
000557065

000600484
89
000613081

000614623
90
000615458

000617000
91
000617168

000619378
92
000621923

000623006
93
000623174

000627594
94
000630348

000632265
95
000632850

000636269
96
000637855

000641358


97
000641734

000643944
98
000644112

000647072
99
000647240

000650158


100
000651744

000655247
7
101
000655415

000656998
102
000657166

000700252
103
000700420

000703880
104
000704382

000705674
105
000705842

000708718
106
000708886

000711138
107
000712598

000714141
108
000716227

000718061
109
000718229

000720897
110
000721065

000723150
111
000728156

000729698
112
000730116

000731366
113
000731534

000732784
114
000732952

000735162
115
000736247

000738206
116
000738374

000739583
117
000740126

000743336
118
000743504

000746923
119
000748843

000752429
120
000754182

000756641
121
000756934

000759436
122
000759604

000801855
123
000809155

000812782
124
000818789

000820707


125
000820875

000822209
126
000822376

000825420
127
000825588

000826671
128
000826839

000828298
129
000828466

000831426
130
000831844

000834596
131
000834764

000838225
132
000841229

000843355
133
000844357

000846024
134
000846859

000849653


135
000851822

000855116
136
000856244

000859287
137
000859455

000901873
138
000903000

000906169
139
000907630

000909965
140
000914637

000918974
141
000919809

000924854
142
000925022

000926815
143
000927191

000928984
144
000929902

000933780
145
000944083

000946001
146
000946419

000949296
147
000950214

000953091


148
000953259

000954384
149
000954552

000956845
150
000957013

000959472
151
001000391

001001391
152
001001559

001004936
153
001005438

001007564
154
001007732

001010609
155
001011694

001013153
156
001013321

001014779


157
001014947

001017282


158
001017450

001018950
159
001020536

001022787
160
001023164

001027250
161
001027418

001030545
162
001030713

001032297


163
001032465

001033757
164
001033966

001036843
165
001037011

001039220
166
001039388

001041056
167
001041724

001043183


168
001043351

001045644


169
001045811

001048063


170
001048230

001051066
171
001051233

001052275
172
001052443

001053526


173
001053694

001055028


174
001058991

001102327
175
001102495

001104621
176
001104789

001106706
177
001111253

001113672
178
001113839

001116716
179
001116884

001119719
180
001119887

001122639
181
001122807

001124557
182
001124725

001126768

183
001127395

001129145
184
001131941

001135443
185
001137113

001138738


186
001138906

001140532
187
001140700

001143410
188
001143577

001146246
189
001146414

001149249
190
001149417

001151668
191
001156590

001159759
192
001159927

001202762
193
001202930

001205265
194
001206100

001210228
195
001210771

001213690
196
001213858

001216067
197
001216736

001218820
198
001220072

001222532
199
001223659

001228204
200
001228372

001231541
201
001232752

001234085
202
001235921

001239466
203
001239633

001241760
204
001242136

001243845
205
001244305

001246389
206
001251395

001253062
207
001253606

001255523
208
001257026

001300862
209
001302072

001303490
210
001303657

001305700
211
001305868

001310622
212
001310790

001314959
213
001316420

001318421
214
001318589

001322884
215
001323427

001324594


216
001324762

001327931
217
001328098

001331309
218
001332228

001333561


219
001333729

001336231
220
001337191

001339025
221
001339360

001340735
222
001343322

001344572
223
001344740

001346866
224
001347743

001352038
225
001352206

001353206
226
001353374

001357836
227
001358003

001400797


228
001400965

001402715


229
001402883

001405009
230
001405219

001407095
231
001407263

001408429


232
001408597

001410098
233
001410266

001411850
234
001415229

001416396
235
001416564

001421025
236
001421193

001423903
237
001426031

001428157


238
001428325

001430660
239
001431203

001432495
240
001434665

001436374
241
001436542

001439961
242
001440129

001442338
243
001442506

001445049
244
001445217

001448469
245
001454894

001456227
246
001457730

001502525


247
001503235

001506779
248
001507615

001510241
249
001511327

001513786
250
001513954

001517415
251
001519460

001522879


252
001523047

001524547
253
001524715

001527508
254
001527676

001530011
255
001530179

001531971
256
001532139

001533806
257
001535851

001537936
258
001538103

001540146
259
001540898

001543650
260
001544860

001546110
261
001546278

001548029
262
001548197

001549405
263
001554536

001558331
264
001558499

001600124
265
001603587

001605672


266
001605839

001610009
267
001610177

001611970
268
001614723

001616474
269
001616642

001617976
270
001618143

001619477
271
001620479

001621980
272
001622815

001626359
273
001626527

001628444
274
001628612

001632115
275
001632282

001634701


276
001634868

001637912
277
001638080

001642250
278
001643293

001644585
279
001646463

001649924
280
001650634

001653052
281
001653220

001654804
282
001656015

001657598
283
001659393

001702020
284
001702187

001704522
285
001706400

001708484
286
001709903

001712071
287
001712489

001714949
288
001715117

001719203
289
001720789

001722665
290
001722875

001724751

291
001724918

001726794
292
001728630

001730965
293
001731133

001732300
294
001736472

001738931


295
001747775

001750902


296
001802581

001804499
297
001805334

001806667
298
001808087

001809545
299
001812174

001813216
300
001813383

001814675
301
001830400

001832735
302
001839368

001840910
303
001841078

001843788


304
001843956

001845373
305
001850671

001852004
306
001901890

001904142
307
001904309

001906602


308
001906770

001908146
309
001912609

001914819


310
001914987

001919866
311
001921285

001924495
312
001924663

001927456
313
001929334

001932044
314
001933505

001939218
315
001939386

001942638
316
001942806

001945600


317
001945767

001948311
318
001948478

001951522
319
001951690

001953524
320
001953692

001956986
321
002001742

002005786


322
002006246

002008164
323
002012211

002015254


324
002015422

002017673
325
002018342

002019592
326
002019760

002022553
327
002022721

002024722
328
002024890

002027850
329
002028435

002030478
330
002030646

002031854
331
002032022

002034565

332
002039696

002044492
333
002045452

002047245
334
002047412

002049372


335
002049539

002050831
336
002052626

002055127
337
002055295

002057171
338
002057339

002102009
339
002102177

002103719
340
002113063

002114647
341
002120487

002121529
342
002135043

002136460
343
002139965

002141173
344
002141383

002142967
345
002143552

002145428
346
002151518

002153853
347
002154021

002156063
348
002157566

002159525
349
002201945

002204780
350
002213498

002215333
351
002217502

002220087
352
002225927

002228429
353
002228597

002230806
354
002235812

002237188