1
000002335

000004003
2
000004379

000006505
3
000006673

000008966
4
000009134

000011677
5
000011845

000015055


6
000015765

000017141


7
000017308

000020185


8
000023898

000025065

9
000025233

000026817
10
000026985

000028318
11
000028486

000030070
12
000030739

000032781
13
000032949

000034616
14
000035910

000038287
15
000038455

000042791
16
000043668

000046336
17
000049424

000050716


18
000050884

000051925
19
000053386

000055137
20
000055346

000058849


21
000059017

000101435


22
000101644

000103437
23
000103605

000106523
24
000106691

000108150
25
000108318

000111153
26
000111654

000114490
27
000114657

000115949
28
000119329

000120788
29
000126294

000128629


30
000130215

000132883


31
000133051

000134343
32
000215218

000218220
33
000218388

000220013
34
000221057

000222558
35
000223935

000224977
36
000226271

000227729
37
000229524

000230899
38
000231067

000232818
39
000232986

000234236
40
000234404

000237239
41
000237407

000238782
42
000238950

000240659
43
000240827

000242744
44
000244330

000248500


45
000248668

000251378


46
000251546

000253881
47
000254048

000256717
48
000256885

000259219
49
000259429

000301180
50
000301764

000304099
51
000304309

000307019
52
000307187

000310355
53
000311649

000314151
54
000314319

000315861
55
000316029

000318530
56
000318698

000319823
57
000320033

000321325
58
000323077

000326246
59
000326456

000328749
60
000328917

000332711
61
000332879

000336340
62
000336507

000339134
63
000339302

000341845
64
000343848

000347017
65
000352273

000353774
66
000353942

000355651
67
000404661

000407537


68
000413920

000416171
69
000418549

000422219
70
000422428

000424888
71
000425056

000428475
45
72
000428643

000431645
8
73
000431813

000434648
74
000434857

000437109
75
000439612

000442948


76
000443866

000446785
77
000446953

000450455


78
000452250

000455711


79
000455878

000458130
80
000502385

000505387
81
000505555

000507306
82
000507473

000509725


83
000511686

000514646


84
000521946

000522988
85
000523156

000524823

86
000524991

000527617
87
000528369

000531330
88
000531497

000533999
89
000534167

000535208
90
000535376

000538587
91
000538755

000540130
92
000541341

000544092
93
000545470

000547054
94
000548723

000552059
95
000552226

000554936
96
000555104

000556563
97
000556773

000559191
98
000559359

000603070
99
000603237

000604654
100
000604864

000606615
101
000606824

000609534
102
000609702

000612579
103
000612872

000615415
104
000615583

000618251
105
000618419

000620128
106
000621297

000624883
107
000625093

000627803
108
000627970

000629888
109
000630056

000631681
110
000631849

000635936
111
000636104

000639481


112
000639649

000642067
113
000642276

000644444
114
000644612

000646113
115
000648324

000649908
116
000650243

000651785
117
000656499

000658875
118
000659043

000702587
119
000702755

000705882


120
000706426

000708718
121
000709345

000711930
122
000712473

000715392
123
000716686

000720313
124
000720898

000721940
125
000729115

000731408
126
000731576

000733410
127
000747508

000748633
128
000750094

000752179
129
000752388

000754306
130
000756017

000758185
131
000758352

000800687
132
000800855

000804941
133
000805401

000807360
134
000807570

000810864
135
000812658

000814534
136
000816871

000818622
137
000825338

000826505
138
000826672

000829132
139
000831677

000834429
140
000835515

000837098
141
000839769

000841061


142
000841229

000844481
$4950
143
000845775

000847108


144
000847318

000851112
145
000851322

000853406
146
000853616

000854866
147
000855034

000858578
148
000858788

000901706
149
000901916

000903750
150
000903918

000907379
151
000907588

000910173


152
000910383

000914970
153
000915888

000919015
154
000919183

000921643
155
000922103

000923937
156
000932280

000935657
157
000935825

000937867
158
000939495

000942914
159
000944250

000946668
160
000950339

000951798
161
000951966

000953133
162
000953342

000954593
163
000957638

000959014
164
001000266

001003977
165
001004145

001007314
166
001007523

001011234
167
001011736

001014487
168
001016365

001020535
169
001020703

001023371
170
001023956

001025665
171
001025833

001028585
172
001031464

001033089
173
001033299

001036551


174
001036719

001038011
175
001038220

001039554
176
001039722

001042390
177
001042558

001044059
178
001044226

001045268
179
001045936

001047604
180
001048272

001052359
181
001052526

001055153
182
001055321

001058031


183
001058240

001100575
184
001100785

001105497
185
001107917

001109751
186
001109919

001112253
187
001113964

001115924
188
001116092

001118385
189
001119512

001121221
190
001122139

001125350
191
001125559

001127435
192
001127603

001129896
193
001130106

001132857
194
001133025

001135193
195
001135361

001138154


196
001139281

001141491
197
001141659

001143785


198
001143953

001146955


199
001147123

001149916
200
001150918

001153712
201
001155297

001156673
202
001202722

001203763
203
001203931

001206266
204
001212606

001214816
205
001215234

001216443
206
001216610

001218153
207
001218654

001222407


208
001222575

001224784
209
001225119

001228955
210
001229123

001232000
211
001232168

001236337
212
001236589

001239507
213
001241761

001243636
214
001243804

001246639
215
001246807

001250059
216
001250811

001254397
217
001255524

001257984
218
001258152

001301112
219
001302114

001303656
220
001303824

001307786
221
001310873

001313208


222
001313375

001315168
223
001315377

001319255
224
001319423

001322759
225
001324136

001325720
226
001325930

001329557
227
001329767

001333269
228
001348494

001349702
229
001349912

001351329
230
001351497

001354415
231
001354625

001358211
232
001359338

001402674
233
001402842

001406177
234
001406887

001410974
235
001412893

001415228
236
001416981

001419107
237
001419275

001421484
238
001421694

001425280
239
001425447

001426531
240
001426699

001428283
241
001431495

001433955
242
001434164

001436416
243
001436625

001438084
244
001438252

001441796
245
001443591

001444632
246
001444800

001446217
247
001447177

001450054
248
001452141

001454809
249
001455477

001457186
250
001457396

001501190
251
001503068

001505945
252
001506155

001509532
253
001510993

001514787
254
001514955

001516873
255
001518208

001519250
256
001522296

001524464
257
001524632

001526341
258
001526508

001528551
259
001532890

001537936
260
001540356

001543274
261
001543484

001545109
262
001545277

001548196
263
001548822

001551491
264
001553327

001554702
265
001554870

001558122
266
001558290

001600792
267
001601043

001603586
268
001603754

001605254


269
001605422

001608132
270
001608300

001609842
271
001610010

001614138
272
001617226

001621104
273
001622022

001625358
274
001625859

001629529
275
001631865

001633741
276
001634368

001635743
277
001636370

001639580
278
001640791

001644127


279
001645295

001647588
280
001647756

001649340
281
001649508

001652176
282
001652344

001656639
283
001657016

001658808
284
001700894

001703312
285
001703522

001706649
286
001708235

001710611
287
001712031

001715908
288
001718245

001719996
289
001720205

001722749
290
001724668

001725710
291
001725919

001729464
292
001730299

001732800
293
001732968

001735219
294
001735387

001737513
295
001738474

001740058


296
001740267

001742351
297
001742561

001745855
298
001746440

001748149
299
001748317

001752195
300
001752654

001754864
301
001804208

001808169
302
001810380

001812548
303
001812716

001814217
304
001814384

001817762
305
001818305

001820473
306
001821433

001823184


307
001823852

001827480
308
001827689

001829941

309
001830109

001832401
310
001832611

001834737

311
001835572

001838032
312
001839076

001840827
313
001841036

001843079
314
001845290

001847041
315
001848335

001849544
316
001849711

001852421
317
001852589

001856634


318
001857386

001858761
319
001859513

001903099
320
001906436

001907937
321
001908105

001912191
322
001913694

001914902
323
001915112

001918072
324
001918699

001920992


325
001922119

001925872
326
001926039

001928291
327
001929918

001931878
328
001932045

001934255
329
001934423

001936883


330
001937050

001938593
331
001938760

001941053
332
001941722

001945433
333
001945601

001947935


334
001949813

001951689
335
001951857

001954066
336
001954234

001957570
337
001957738

002001282
338
002003577

002005953
339
002007372

002010625
340
002010792

002014670
341
002014838

002016797


342
002016965

002020843
343
002021011

002023054


344
002023430

002024472
345
002024681

002029268
346
002033023

002037944
347
002038362

002041072
348
002041240

002044408
349
002044576

002046202
350
002053210

002054252
351
002054419

002055795


352
002055963

002058422
353
002101551

002103886
354
002104054

002105638
355
002109184

002110935
356
002111103

002114939
357
002123156

002125658


358
002125826

002127702
359
002128787

002130913
360
002131081

002132957
361
002134668

002137920