1
000002420

000003671
2
000003838

000006882


3
000007049

000010302
4
000012638

000014849
5
000020646

000023190
6
000023774

000027319
7
000027486

000030364
8
000031824

000037288
9
000037455

000039957
10
000040166

000042752
11
000042918

000046005
12
000046213

000047256
13
000047423

000051052
14
000051218

000054263
15
000100603

000103856


16
000104023

000105066
17
000106817

000110905


18
000114575

000118913


19
000119080

000121207


20
000121373

000123292


21
000123459

000129381
22
000129548

000132259
23
000132426

000136722
24
000136889

000141769


25
000143229

000145731
26
000145898

000148400
27
000148567

000152113


28
000152363

000153739


29
000153906

000158077
30
000158244

000159662


31
000159829

000202957
32
000203124

000204375
33
000204917

000208129


34
000208295

000210464


35
000212466

000216053
36
000216220

000218556


37
000218722

000221183
38
000221350

000225604
39
000225771

000227106
40
000227273

000228274
41
000228440

000232027
42
000232194

000235239
43
000235406

000238826
44
000238993

000242621


45
000322286

000324955
46
000325122

000328751
47
000328918

000331212
48
000331378

000332546
49
000332713

000335758
50
000335925

000337384
51
000338802

000341555
52
000341722

000343098
53
000343265

000347436
54
000351232

000353067
55
000354860

000358239


56
000358405

000400032


57
000400199

000402660


58
000402826

000407414
59
000410084

000413587


60
000413963

000418092


61
000418259

000422680
62
000424139

000425766
63
000425933

000428560
64
000428727

000430521
65
000430688

000433315


66
000433482

000436485
67
000436652

000438028
68
000438195

000441824
69
000448289

000451750


70
000451917

000455129
71
000455296

000458590


72
000501135

000503095
73
000503262

000507975
74
000508434

000511228
75
000511395

000513105
76
000513272

000516066
77
000516984

000518986
78
000519653

000524408
79
000524575

000527036
80
000527536

000531248


81
000531707

000534126
82
000534418

000538047
83
000539089

000540716
84
000541467

000543802


85
000548140

000550934


86
000555606

000600736


87
000602363

000606367
88
000606533

000609328
89
000610037

000614875
90
000615042

000618754
91
000618921

000621715
92
000627179

000630557
93
000630724

000633060
94
000633227

000639149
95
000642361

000646949


96
000647116

000650869
97
000651036

000653789
98
000653956

000656542
99
000656708

000658710
100
000658877

000702339
101
000702506

000703632
102
000706427

000708637


103
000708804

000711682


104
000711849

000713475
105
000713642

000716812
106
000716979

000720149
107
000721942

000723861
108
000724027

000727739
109
000727906

000730868
110
000731034

000735456
111
000735622

000737374
112
000737541

000743422
113
000747342

000750053
114
000757769

000801398


115
000802232

000804693
116
000804943

000808572
117
000810324

000813535
118
000813702

000815996
119
000816163

000817456
120
000817623

000821793
121
000822044

000826423
122
000826590

000829635
123
000829801

000835098
124
000836892

000839353
125
000839520

000842523
126
000842689

000843815
127
000843982

000847819
128
000847986

000849696
129
000852616

000854785
130
000858372

000900207


131
000900374

000902834
132
000903001

000907798


133
000907965

000911218


134
000911426

000913971
135
000914221

000917266
136
000917432

000921562


137
000921728

000924815
138
000924982

000927901
139
000928110

000931488


140
000935742

000937411
141
000937578

000940581
142
000940747

000944334
143
000944501

000947004
144
000947588

000949673
145
000956013

000958140
146
000958307

001000517
147
001000684

001003520
148
001003687

001004730
149
001004896

001007232
150
001007733

001010569
151
001010736

001013322
152
001015449

001018201
153
001018368

001022247
154
001022414

001023707
155
001023915

001027669


156
001027919

001031673
157
001031840

001033800
158
001033967

001037054
159
001037304

001042934


160
001052653

001054237
161
001059868

001102120
162
001102704

001103955
163
001104122

001107292
164
001107459

001109878
165
001112839

001115217
166
001115384

001117761
167
001118095

001121807
168
001121973

001124101
169
001124267

001126478
170
001127771

001131400
10
171
001133068

001136780


172
001136947

001140659


173
001141076

001145706
174
001147082

001150627
175
001152879

001155465
176
001155632

001158593
177
001158760

001159970


178
001200137

001204391
179
001207811

001210480
180
001210647

001213734
181
001215527

001216903
182
001217070

001220365
183
001220532

001223201
184
001225787

001228957
185
001229124

001232794
186
001232961

001234796
187
001234963

001237424
188
001238258

001239926
189
001242596

001244639
190
001244806

001248310
191
001248477

001251104
192
001251271

001253482
193
001253648

001255776
194
001300697

001302908
195
001303074

001305535
196
001305702

001310373
197
001310540

001315003
198
001317756

001320675
199
001320842

001324054


200
001324221

001326640
201
001326807

001329059
202
001330435

001332479


203
001332646

001336066
204
001336233

001338443


205
001338610

001340612
206
001340779

001342864
207
001343031

001346493
208
001347285

001351039
209
001351206

001354292
210
001354459

001356962
211
001357128

001400215
212
001405887

001409224
213
001413687

001415939
214
001422988

001424239
215
001424406

001426032
216
001427617

001430453
217
001430620

001434541
218
001434708

001440964
219
001441339

001442841
220
001443008

001447304
221
001451683

001453560
222
001454561

001456897
223
001457063

001459733
224
001459900

001505697
225
001512412

001514998
226
001515206

001518668
227
001519294

001522464


228
001522631

001525759


229
001525926

001528219
230
001532766

001535018
231
001535560

001537604
232
001545779

001548740
233
001548907

001551076
234
001551534

001554537
235
001554704

001557332
236
001557499

001601044
10
237
001601211

001603046
238
001604005

001606007
239
001614182

001617769


240
001623233

001624776
241
001624943

001630323
242
001634202

001639040
243
001639207

001641209
244
001641376

001644254
245
001644421

001645714
246
001645880

001650176
247
001650343

001652929
248
001653763

001655223
249
001656516

001657976
250
001659144

001701146
251
001701312

001704566
252
001704733

001708361
253
001710488

001713533
254
001717579

001721249
255
001721416

001724044
256
001724210

001726171
257
001726337

001729174
258
001730258

001734679
259
001734846

001737557
260
001738016

001739601
261
001740393

001744773
262
001744939

001747067
263
001747233

001748985
264
001749152

001751029
265
001751237

001754491
266
001757952

001801289


267
001801456

001804292


268
001806753

001809005
269
001809172

001810882
270
001811049

001816054
271
001818848

001822393
272
001823311

001826397
273
001826564

001829067
274
001829234

001831694
275
001832070

001838618
276
001843581

001845500
277
001846251

001848837
278
001849003

001851381
279
001851548

001854342
280
001854509

001857679
281
001859013

001902433
282
001902851

001904811
283
001906396

001908064
284
001908690

001911985
285
001924873

001927750
286
001932088

001934924
287
001938428

001939512


288
001939679

001943349
289
001943516

001944559
290
001944726

001948438
291
001948605

001953151


292
001953318

001957030
293
001957197

001959741
294
001959908

002002327
295
002003828

002006998


296
002007165

002009500
297
002014797

002017467


298
002017634

002019636
299
002019802

002023097


300
002023264

002027685
301
002027852

002031773
302
002031940

002033483
303
002034192

002036361
304
002038112

002040531
305
002040698

002045495
306
002045662

002049165
307
002051459

002054754
308
002056547

002101678
309
002101844

002104847
310
002105014

002107809
311
002107976

002110770
312
002110937

002114941
313
002118403

002122115
314
002128371

002130206
315
002131291

002132834
316
002134711

002137505
317
002138339

002140174
318
002141259

002143052
319
002144595

002147015
320
002147890

002150101
321
002155815

002201070
322
002202238

002203823


323
002203990

002206367
324
002206534

002209162


325
002209746

002211789
326
002212457

002214834
327
002216127

002218171
328
002229432

002231559
329
002231726

002235563
330
002235730

002237774
331
002239025

002240777
332
002243237

002248284
333
002250286

002251996
334
002257210

002300046