1
000006089

000007881
2
000008049

000009591

3
000009759

000012177
4
000012887

000017599
20
5
000019060

000021061
6
000021229

000024398
7
000025066

000028777


8
000029404

000032614


9
000032782

000035367
10
000035535

000037494
11
000037662

000039621
12
000040290

000043542
13
000043710

000045878
14
000046087

000049298
15
000049466

000052551
16
000052719

000055888
17
000057682

000101310
18
000101478

000103979


19
000104439

000107858
20
000108068

000109109
21
000111196

000112446
22
000112614

000115449
23
000116576

000119036
24
000119621

000122831
25
000122999

000127336
26
000127504

000130422
27
000130590

000134676
28
000134886

000136220


29
000136387

000139598
30
000139766

000141183
31
000142060

000144561
10
32
000144729

000147397
33
000149859

000151235
34
000231985

000233026


35
000233194

000236238


36
000236406

000237447
37
000237615

000241535
38
000241703

000243996
39
000245290

000247624


40
000247792

000250043
41
000250503

000252921
42
000253089

000255424
43
000255592

000257342
44
000258094

000301930
45
000302098

000303932
46
000304100

000307394
47
000308938

000311690
48
000311858

000316236
49
000318072

000319990
50
000321242

000325329


51
000325830

000327456
52
000327624

000330751
53
000332045

000335172
54
000335340

000339092
55
000341387

000346391
56
000346559

000349186
57
000349354

000353941
58
000354484

000357402
59
000357570

000358612
60
000403243

000405702
61
000405870

000407871
62
000408039

000410874
63
000411042

000412834
64
000420635

000426265
65
000429185

000432771
66
000432939

000434523
67
000436317

000438443


68
000438611

000442197
69
000442365

000447119
70
000447328

000451456
71
000451708

000455877
72
000456045

000458463
73
000458631

000501717
74
000504095

000507014
75
000507181

000509182
76
000512520

000515522
77
000515690

000517024


78
000517191

000519526
79
000521154

000524698


80
000525408

000527576
81
000527744

000531038
82
000531622

000533957
83
000534125

000535167
84
000537587

000539087


85
000539297

000540464
86
000541507

000542799
87
000542967

000545802
88
000545970

000549556
89
000549724

000551933
90
000553603

000555979
91
000557899

000559524
92
000610036

000611745
93
000616376

000617501
94
000621172

000622464


95
000622632

000625258
96
000625468

000627969


97
000628513

000630806
98
000632225

000633767
99
000635603

000638772
100
000638940

000639981


101
000640149

000642401
102
000645488

000648782
103
000649575

000653286


104
000657792

000659418
105
000701546

000703964
106
000704132

000706967
107
000708845

000711263
108
000711431

000713473
109
000713641

000716226
110
000720064

000723191
111
000723401

000725444
112
000725611

000727195
113
000727697

000729239
114
000729407

000732409
115
000732577

000735245


$2000
116
000735955

000738248


117
000739709

000741084
118
000741252

000746673
119
000747592

000751386
120
000755433

000757350


121
000757518

000800770


122
000804233

000806443
123
000806611

000810697
124
000813284

000814993
125
000816120

000817245
126
000819040

000820081
127
000820249

000825629
128
000827757

000830550
129
000832011

000835430
130
000835598

000837766
131
000837934

000839309
132
000839477

000841645
133
000845274

000848985
134
000855243

000857827
135
000857995

000900413
136
000900581

000903041
137
000903209

000906962
138
000926732

000927816
139
000927984

000929776
140
000931070

000933655
141
000935491

000936992
142
000937660

000939160
143
000939954

000941705
144
000941872

000944833
145
000946711

000949462


146
000949630

000952048
147
000952216

000953550
148
000953718

000956219
149
000957096

000959723
150
000959890

001003310
8
151
001004645

001008273
152
001008441

001011651
8
153
001011819

001012986
154
001013154

001018199
155
001019577

001021036
156
001021245

001024205


157
001026083

001028960


158
001033049

001035884


159
001040890

001045018
160
001049065

001051316
161
001105831

001107707
162
001121764

001124099
163
001126936

001130772
164
001132400

001133566


165
001133734

001136653


166
001136821

001138405


167
001138572

001141700
168
001141867

001143159
169
001143327

001146913
170
001148582

001150250
171
001151127

001152585
172
001152753

001155338
173
001158008

001200051
174
001200928

001204305


175
001204473

001206224
176
001206392

001208393


177
001219822

001221239
178
001221449

001224159
179
001225035

001226786
180
001227997

001231124
181
001232793

001234461


182
001235045

001237130
183
001237298

001238339
184
001238507

001241009
185
001241177

001243720
186
001243888

001247307
187
001247475

001249768
188
001249935

001252896


189
001253063

001254564
190
001254732

001258777
191
001259612

001303239
192
001303407

001307577
193
001307745

001312332
194
001314335

001317545
195
001327056

001328473
196
001331894

001336439


197
001336607

001338483
198
001338651

001340985
199
001342404

001346199
100
200
001347618

001348993


201
001352498

001355708
202
001355876

001359337

203
001359588

001402090
204
001402258

001404425
205
001406887

001409347


206
001412685

001415311
207
001419525

001422443
208
001427533

001429242
209
001429994

001431786
210
001432371

001434539
211
001436333

001439002
212
001439169

001440753
213
001442506

001445091
214
001451599

001456477


215
001457062

001458271
216
001459523

001505153
217
001507907

001511618
218
001511785

001514370
219
001514538

001516998
220
001517166

001519417
221
001520169

001523963
222
001524131

001527050
223
001527217

001529844
224
001530054

001533014
225
001541148

001543274


226
001543442

001545318


227
001545486

001547195


228
001547363

001551407
229
001551575

001553242
230
001602628

001605046


231
001606632

001609717
232
001610761

001611803
233
001611971

001613638
234
001613806

001617767
235
001630406

001634701
236
001634868

001637787


237
001637955

001639372
238
001639540

001643292


239
001647548

001649549
240
001649717

001651134
241
001651301

001653344
242
001653512

001654887
243
001655055

001658516
244
001658684

001702103
245
001702730

001704605
246
001707401

001709110
247
001715534

001718036
248
001718871

001723791
249
001723959

001726753
250
001727296

001730798
251
001732551

001736012
252
001736180

001738056
253
001738223

001742560
254
001742728

001744520


255
001748275

001750735
256
001751945

001755907
257
001756075

001757325
258
001757534

001800578
259
001800746

001805708
260
001807878

001812590
261
001816136

001819055
262
001821225

001826854
263
001831235

001833361
264
001833529

001837907
265
001843455

001845206
266
001851797

001856050
267
001902933

001905017


268
001905185

001907061
269
001910065

001912400
270
001912568

001915153
271
001915320

001918406
272
001918574

001920074
273
001920242

001922785
274
001922953

001925997
275
001926165

001929083


276
001930252

001931294
277
001931461

001935047
278
001935632

001937341


279
001937509

001942305
280
001942472

001944849
281
001945559

001947768
282
001947936

001949896
283
001951773

001954567
284
001955027

001957695
285
001959823

002001908
286
002003118

002006996
287
002007915

002009165
288
002011043

002014670
289
002014838

002018633
290
002019885

002023095
291
002025515

002028476
292
002028644

002030811
293
002033106

002036025


294
002039821

002045243
295
002045410

002049956
296
002050123

002053668


297
002056797

002059966
298
002107057

002108474
299
002108850

002111811
300
002113605

002116315
301
002116483

002118150
302
002127452

002129704


303
002129871

002134709
304
002136003

002138170
305
002138338

002140548