1
000002919

000004336


2
000004504

000006964
3
000007132

000010509
4
000010677

000015723
5
000015890

000019393
6
000019561

000022229
7
000022772

000023814
8
000023982

000026942
9
000028778

000030195


10
000030363

000034825
11
000038121

000042541


12
000042709

000045794
13
000048173

000052301
14
000053428

000055512
15
000055680

000100642
16
000102937

000107483
17
000107692

000110319
18
000112072

000116825
19
000116993

000118494
20
000158993

000200702
21
000203081

000205791


22
000207502

000212214
23
000212382

000216468
24
000216636

000220222
25
000224352

000227813
26
000228148

000230774
27
000230942

000234153


28
000235238

000237406


29
000237574

000239158


30
000239367

000241201
31
000241369

000245455
32
000302348

000303473
33
000307687

000310981
34
000311232

000315777
35
000317155

000320032
36
000320200

000324203
37
000324370

000326914
38
000327081

000329374
39
000329542

000332669
40
000332837

000335547
41
000335965

000338342
42
000339260

000342179
43
000342430

000345724
44
000345892

000347059
45
000347227

000350646
46
000350813

000353273
47
000357779

000359905
48
000400448

000402866
49
000405078

000406536
50
000407872

000411959


51
000416798

000419841
52
000420009

000422844


53
000423012

000424096
54
000424264

000426640
55
000429894

000432688
20
56
000432855

000436358
57
000438361

000439653
58
000439821

000442406
59
000442573

000444283
60
000444450

000445701
61
000445868

000447953
62
000451791

000455669


63
000502343

000504136


64
000504304

000507639


65
000507807

000509099


66
000509267

000510726
67
000511853

000512894
68
000514689

000515814
69
000515982

000518108
70
000523114

000525073
71
000525241

000527242


72
000527410

000530829
73
000530997

000534583


74
000535335

000537210
75
000539589

000541840


76
000542008

000544551


77
000544719

000548388
78
000548556

000552309
79
000600318

000602027
80
000602195

000605739


81
000605907

000608992
82
000609160

000613580
83
000613790

000617626
84
000618711

000620587
85
000620755

000623298
86
000623466

000625509
87
000625676

000628637
88
000628805

000631640
89
000633184

000636978
90
000637522

000639856
91
000640024

000642567
92
000642735

000646071
93
000646781

000649199
94
000649367

000652577
95
000653037

000654121
14
96
000654288

000658417
97
000701087

000704047
98
000704215

000708135
99
000708302

000712848
100
000713850

000718270
101
000718438

000720397
102
000720565

000722524
103
000722692

000725986


104
000727738

000729072
105
000729240

000734077
14
106
000735163

000740542
107
000742837

000745714
108
000745882

000747299
109
000748259

000752262


110
000756309

000757976


111
000758144

000801938
112
000802106

000803565
113
000803733

000805233
114
000805860

000808111


115
000808279

000811823
116
000811991

000813742
117
000814619

000815660
118
000817246

000819664
119
000820249

000823668
120
000824212

000825253
121
000825421

000829257


122
000829967

000835472
123
000840561

000842395
124
000843856

000848109
125
000848361

000851279
126
000851447

000855700
127
000856202

000859412
128
000859664

000901331
129
000901499

000905377
130
000906462

000910674
131
000910841

000914135
132
000914303

000918348


133
000918516

000921101
134
000927441

000930235
135
000932530

000935490
136
000935658

000938368
137
000941414

000945375
138
000945585

000948628
139
000948796

000953925
140
000954093

000957971
141
000958139

001000390
142
001000558

001003852
143
001008733

001010775
144
001010943

001016072
145
001016240

001017657
146
001017825

001020619
147
001100618

001104245
148
001104413

001106164
149
001106332

001111878
150
001112922

001113963
151
001114131

001117342


152
001120137

001122389
153
001122640

001126434
154
001126686

001129437
155
001129605

001130980
156
001131857

001135610
157
001135778

001138822

158
001138989

001142117
159
001142284

001145912
160
001146080

001148748
161
001152336

001153628
162
001153796

001155714
163
001155881

001200218
164
001203973

001205724
165
001205891

001208184
166
001214066

001218319
167
001218487

001221322


168
001221490

001223074
169
001224493

001226870
170
001228873

001230290
171
001233627

001237464
172
001237673

001239257
173
001240092

001243136


174
001243345

001247849
175
001249226

001250268
176
001250519

001254147
177
001255024

001259778


178
001259987

001301446
179
001302239

001305408


180
001305868

001307577
181
001309079

001311039


182
001311540

001312874
183
001313042

001314375
184
001314543

001318087
185
001318255

001319923
186
001320090

001323009
10
187
001326347

001328473
188
001328682

001330642
189
001330893

001334020
190
001335773

001338066


191
001338317

001339567


192
001339735

001341569


193
001342071

001343780


194
001343948

001346407
195
001346575

001349577


196
001349745

001352539


197
001352706

001354666
198
001354834

001357252


199
001357419

001400922


200
001404969

001406469
201
001406637

001408304
202
001408472

001411015
203
001411183

001412517
204
001415729

001420233


205
001420401

001422527


206
001422695

001425238
207
001427366

001429117
208
001429285

001434247
209
001439253

001441963
210
001442131

001446009
211
001446260

001449512
212
001451223

001455268


213
001455895

001459022
214
001459690

001502483


215
001502651

001504694


216
001504862

001507906
217
001509325

001511618
218
001513162

001517373
219
001517625

001521544
220
001529720

001533932
221
001545527

001547654


222
001549865

001551449
223
001552284

001553826
224
001556914

001558998
225
001559208

001603836
226
001604964

001608174
227
001608342

001610843


228
001611595

001616474
229
001616642

001617850
230
001618018

001620770
231
001620938

001626359
232
001626527

001630196
233
001630406

001634534
234
001637705

001640957


235
001641125

001642333
236
001644211

001645461
237
001648007

001649507
238
001650968

001652051
239
001652219

001654512
240
001654680

001658057
241
001658225

001700184
242
001702312

001704063
243
001704606

001707108
244
001707276

001710945


245
001711655

001714032
246
001714199

001716784
247
001718287

001720371
248
001720539

001724292
249
001725961

001728755
250
001729965

001731716
251
001732259

001734135
252
001734970

001736679
253
001738599

001740433
254
001741602

001743061
255
001744521

001749192
256
001749985

001752320
257
001752488

001754155
258
001756742

001759285
259
001801580

001803039
260
001804917

001807126
261
001808337

001809837
262
001812424

001815009
263
001816470

001819013
264
001819389

001822225
265
001826897

001829690


266
001829858

001832151
267
001833112

001837240
268
001837407

001840326
269
001841328

001844080
270
001844248

001845623
271
001845791

001847792
272
001851421

001853422
273
001853632

001855258
274
001855425

001858845


275
001902558

001906018
276
001908605

001911774
277
001917447

001919448
278
001919616

001921159


279
001924997

001926038
280
001926206

001928457
281
001928625

001933337
10
200
282
001935632

001940052
283
001942973

001944265
284
001947394

001951105


285
001951315

001955109
60
286
001955277

001957069
37
287
002002034

002005286
288
002005495

002007205
289
002015881

002017632
290
002019134

002021552
291
002021720

002023971
292
002024640

002026015
293
002027684

002031020
294
002031230

002032772
295
002032940

002034357
296
002037903

002039528
297
002041114

002043574
298
002046161

002049205


299
002055254

002058422


300
002058590

002100258
301
002100425

002105763
302
002105931

002108683
303
002109142

002112019


304
002116608

002118651


305
002118819

002121404
306
002121571

002122905
307
002123073

002125491
308
002127619

002131497


309
002131707

002134500


310
002145470

002146721