1
000004046

000006549
2
000006716

000010469
3
000010636

000014390
4
000015391

000019270


5
000019437

000022064
6
000023482

000025651
7
000025818

000028362
8
000028696

000032408
9
000032575

000035286
10
000035453

000037830
11
000037997

000041667
12
000043294

000045838
13
000046005

000047923
14
000048090

000050134
15
000050301

000054305
16
000054722

000058809
17
000059060

000102063
18
000102229

000103981
19
000104148

000107109


20
000109153

000111781
21
000111947

000115743
22
000116952

000118913
23
000119080

000121832
24
000121999

000123918
25
000124085

000125878
26
000126045

000128130
27
000209797

000211882


28
000212091

000214969
29
000215136

000217972
30
000219098

000222309
31
000223435

000226105


32
000226272

000228858
33
000229275

000231235


34
000232945

000236031


35
000236240

000238117
36
000242454

000246041
37
000246250

000250546


38
000250713

000253507


39
000253674

000256510
40
000258095

000301348
41
000303601

000304768
42
000305895

000307479
43
000309398

000311859
44
000312026

000315237
45
000315863

000319450


46
000321452

000323662
47
000323829

000324872
48
000325039

000327541
49
000328834

000331253
50
000331420

000334548
51
000335549

000337635
52
000339887

000342473


53
000342640

000346894
54
000347061

000349271
55
000353108

000356195
56
000359073

000402618
57
000403327

000406413
58
000407665

000411168
59
000411335

000414713
60
000414880

000418133
61
000418300

000420302
62
000420469

000424014


63
000424932

000428602
64
000428769

000431397
65
000432022

000435025


66
000435192

000437611
67
000438821

000441573


68
000444201

000446412


69
000446578

000450165


70
000450332

000454253
71
000454420

000458257
72
000458424

000500467
73
000500634

000504221
74
000504388

000506807
75
000506974

000511895
76
000512813

000516692
77
000516859

000520487


78
000522656

000525659


79
000525826

000530497


80
000531665

000535836
81
000536003

000539715


82
000539882

000543427
83
000543594

000545429
84
000545596

000548474
85
000551685

000555064
86
000555230

000558567


87
000558734

000602321
88
000602488

000606408
89
000606575

000609995
90
000610913

000613415
91
000614041

000617294


92
000617503

000619505
93
000620464

000623884


94
000626261

000629515
95
000629681

000631683
96
000633060

000636397
97
000636563

000639733


98
000639900

000642486
99
000642653

000644780
100
000644947

000648283
101
000648450

000650744
102
000650911

000655541
103
000657459

000700462
104
000700629

000704508
105
000705467

000707219
106
000707845

000710639
107
000710806

000712474
108
000712641

000716186
109
000718564

000720941


110
000721150

000723902
111
000726029

000727865


112
000728031

000729825
113
000729992

000732244
114
000740294

000742421
115
000745716

000749678
116
000753974

000756477
117
000802483

000803650


118
000803984

000808113
119
000808280

000812743


120
000815787

000818999
121
000819333

000821919


122
000822586

000824213
123
000824463

000826381
124
000826548

000830219
125
000831470

000832763
126
000832930

000836266
127
000837768

000839561
128
000841021

000843190
129
000843357

000846151
130
000848529

000851365
$2000
131
000853575

000857079
132
000857246

000859248
133
000900082

000902167
134
000902334

000904711
135
000905754

000908382
136
000910300

000913345
$2000
137
000913554

000915222
138
000915556

000919935


139
000920102

000922104
140
000922312

000925232
141
000925399

000928443
142
000928652

000930320
143
000930487

000931655
144
000931863

000934825
$2000
145
000934992

000936201
146
000939162

000941123
147
000941873

000944501
148
000944668

000947629
149
000947796

000950382
150
000952884

000957264
151
000957431

001001310
152
001001518

001003061
153
001004104

001008817
154
001008984

001012362
155
001012988

001015490
156
001015657

001019995
157
001020203

001022998


158
001023206

001026627
159
001027210

001031214
160
001032132

001035594


161
001035761

001040140
162
001040724

001042267
163
001042809

001046730


164
001046897

001050484
165
001050651

001053695


166
001053862

001057699


167
001059618

001103872
168
001104039

001106667
169
001108960

001112422
170
001112839

001115217
171
001115384

001118929
172
001119137

001121807


173
001121973

001124267
174
001125977

001128980


175
001129606

001134069
176
001134653

001137739
177
001137906

001141785
178
001143078

001145914
179
001146081

001148041
180
001148792

001151670


181
001200053

001202973
182
001203181

001207477
183
001208145

001210689


184
001210897

001213191
185
001213358

001215777
186
001215944

001217529
187
001220073

001224786
188
001226580

001229666
189
001230751

001232961


190
001233128

001237090
191
001237299

001240552
192
001240719

001243096
193
001243805

001246391
194
001246558

001248477
195
001248643

001252314
196
001252481

001254274
197
001256818

001300155
198
001300322

001301448
199
001301865

001305035
200
001305202

001307788
201
001308330

001311333
202
001311500

001315253
203
001316713

001317964


204
001318131

001321259
205
001324304

001326056
206
001329893

001332896
207
001333939

001336817
208
001336983

001339110
209
001340403

001343281
210
001343448

001346785
211
001346952

001349412


212
001349621

001352541
213
001352707

001355544
214
001359548

001402676


215
001402843

001406596
216
001406763

001409099
217
001409266

001412185
218
001415689

001418191
219
001424656

001425699


220
001425866

001428034
221
001428243

001430120
222
001430287

001434249
223
001434457

001436877
224
001437043

001440714


225
001441464

001443425


226
001443592

001446887
227
001447262

001451808
228
001451975

001456396
229
001457480

001500150
230
001501026

001505405
231
001505572

001507365
232
001508450

001511578


233
001512746

001515749
234
001515916

001517334
235
001517500

001519753
Divorce0
236
001520795

001525800
237
001527093

001531056
238
001531222

001534392
239
001534601

001538521
240
001538688

001541274
241
001541524

001543860
242
001544027

001546446
243
001547906

001550617
244
001550784

001553620
245
001554245

001556498


246
001556706

001600001
247
001600168

001602671
248
001603964

001606424
249
001606591

001608760
250
001608969

001611471
251
001612263

001614099


252
001621564

001623149
253
001628738

001630115
254
001638581

001640500
255
001653513

001656141
256
001657475

001658852
257
001659019

001703773
258
001703940

001704983


259
001705150

001706776
260
001706943

001712824


261
001713033

001715118
262
001715326

001716703
263
001716870

001719873
264
001720081

001722751
265
001723334

001726379
266
001726546

001730050
267
001730216

001731885
268
001733011

001736181
269
001738016

001741478


270
001742896

001746191
271
001746399

001749110
272
001749611

001753281
273
001753448

001755575
274
001758161

001759871
275
001800038

001803124
276
001803291

001807504
277
001810381

001811758
278
001818932

001822644
279
001823019

001825522
280
001825688

001829526


281
001830068

001831528


282
001831736

001835406
$4000
283
001841162

001845834
284
001847043

001848878


285
001849212

001851089
286
001852715

001856553
287
001856719

001859764


288
001859931

001901724


289
001901933

001905270
290
001905436

001909107
291
001909399

001910525
292
001910692

001912777
293
001912944

001916072
294
001916239

001920451
295
001921578

001924372
296
001924539

001930420
297
001931337

001933715
298
001933882

001935466
299
001935633

001939220
300
001939387

001943725
301
001946060

001949314
302
001951274

001953776
303
001953943

001956571
304
001956738

002001159
305
002003036

002008875
306
002009751

002012170
307
002012378

002013588
308
002013755

002016132
309
002016341

002019469
310
002020678

002022347
311
002022931

002024182
312
002024390

002027685
313
002029187

002035109
314
002035276

002039697
315
002040615

002043284
316
002043493

002045411
317
002045578

002048581
318
002048748

002050708
319
002050917

002053002
320
002053169

002057090
321
002057257

002100802
322
002101010

002104722
323
002105723

002107267
324
002109310

002110311
325
002111562

002113189
326
002116859

002122115
327
002125493

002127120
328
002127412

002129706
329
002133334

002135712
330
002139007

002141342
331
002142260

002144262
332
002147598

002150059
333
002203823

002205408
334
002207160

002210705


335
002214917

002216461
336
002216627

002218796
337
002222050

002223760
338
002223926

002227347
339
002228056

002230433
340
002231142

002232852
341
002245573

002248117
342
002248284

002250244
343
002255375

002257877
344
002259379

002302298