1
000002919

000004169


2
000004337

000006630
3
000006798

000009299
4
000009467

000010801


5
000012429

000015222


6
000015390

000017599


7
000020311

000021895
8
000022063

000023397
9
000025066

000027151
10
000028903

000031113


11
000032490

000034533
12
000038038

000041665


13
000041833

000045878
14
000046046

000047880
15
000048048

000050507
16
000050675

000052176
17
000052343

000055012
18
000055764

000058474
19
000058641

000100059
20
000102353

000104104
21
000104314

000107441


22
000107609

000110944
23
000111154

000113697
24
000115116

000119661
25
000119871

000123415
26
000123583

000126418
27
000127504

000131799
28
000132383

000135886
29
000136096

000139973
30
000140225

000142017
31
000143436

000147064
32
000147315

000152861


33
000153154

000157366
34
000200328

000202830
35
000202997

000204373
36
000205583

000207126
37
000207335

000208961
38
000210088

000211338
39
000212132

000213966
40
000214217

000216385
41
000216553

000218011
42
000259637

000302264
43
000302432

000305392
44
000305560

000308812
45
000309814

000311940
46
000312192

000315485
47
000315737

000319656
48
000320283

000321825
49
000322660

000326163
50
000326414

000329666
51
000329876

000333045
52
000333880

000335714


53
000336841

000339009
54
000343306

000344473
55
000344891

000346600
56
000347644

000348894
57
000349145

000350854
58
000352523

000354608
59
000354776

000356443


60
000357862

000400155
61
000401783

000405577
62
000406454

000408455
63
000412210

000413502
64
000413670

000415587
65
000415797

000419967
66
000420176

000422094


67
000422303

000424763
68
000426933

000428183
69
000430061

000431228
70
000431729

000434356
71
000434565

000438110
72
000439654

000441863
73
000442031

000445325
74
000445493

000447619
75
000447829

000449538
76
000450707

000453166
77
000453918

000455919
78
000501551

000504011


79
000504220

000506430


80
000506973

000508140
81
000509475

000511018
82
000512103

000513937
83
000514147

000515689
84
000515940

000519568
85
000521362

000523155


86
000523531

000525407


87
000526784

000529202
88
000529454

000531580
89
000531914

000535459
90
000535668

000537294
91
000539005

000541840
92
000542008

000545052


93
000546137

000550682
94
000553853

000555729
95
000555980

000600275
96
000600735

000602152
97
000603154

000606073
98
000607658

000610285
99
000611537

000613830
100
000614082

000618627
101
000619504

000622923
102
000623174

000625217
103
000625426

000629596
104
000629847

000632265
105
000632433

000634893
106
000635103

000636311
107
000638189

000642192
108
000642443

000645612
109
000645822

000648824
110
000649033

000653370
60
111
000655164

000657624
112
000657834

000701169
113
000701754

000704506


114
000704757

000708885
115
000709095

000710554
116
000711889

000714891
117
000718729

000720939


118
000721441

000724192


119
000724360

000727571
120
000727738

000730407
121
000730658

000731783
122
000731951

000733994
123
000735204

000736246
124
000736456

000739332
125
000741461

000743253


126
000743421

000744588
127
000744839

000749426
128
000750636

000752888
129
000801105

000803106


130
000804650

000808528
131
000808738

000810447
132
000810698

000814409
133
000816037

000819581
134
000820583

000821625
135
000823294

000824836
136
000825588

000827130
137
000827840

000828882
138
000829592

000830759
139
000830927

000833303
140
000834013

000835847
141
000836224

000837265
142
000840603

000841770
143
000843272

000844814
144
000846526

000848944
145
000849153

000850237
146
000850488

000852822
147
000853032

000856910
148
000858746

000859829
149
000900957

000904125
150
000904377

000907295
151
000908464

000910382


152
000910550

000913802
153
000914136

000916012
154
000917390

000919266
155
000921561

000923687
156
000927942

000930944
157
000931153

000934656
158
000935825

000938827
159
000939078

000940787
160
000942039

000945125
161
000945376

000947794
162
000948004

000949546
163
000951048

000955051
164
000955386

000957762
165
000957930

000959472
166
000959640

001001725
167
001001892

001003977
168
001004145

001006563
169
001006731

001008440
170
001008608

001010066
171
001011402

001012569
172
001012737

001015488
173
001015698

001017824
174
001018951

001022746
175
001022913

001024164
176
001024332

001027667
177
001030588

001033923
178
001034175

001036801
179
001037053

001039346
180
001041349

001043767
181
001043976

001047020
182
001047271

001051691
183
001051901

001055362
184
001057907

001059741
185
001059950

001103203
186
001103412

001105872
187
001106040

001109209
188
001109460

001111878
189
001113589

001115632
190
001115800

001118134
191
001118302

001122597
192
001122765

001124724
193
001124892

001127268
194
001128688

001132482
195
001132942

001135110
196
001140491

001143201
197
001143369

001144452
198
001144620

001147497
199
001147748

001150083
200
001150292

001151793
201
001152545

001154587
202
001155840

001157257
203
001157425

001158717
204
001158884

001201052
205
001202012

001203304
206
001203931

001206683


207
001208394

001209853


208
001210020

001211563
209
001211731

001214524


210
001217403

001218862
211
001219280

001220947
212
001224493

001225660
213
001225953

001229581
214
001229790

001231082
215
001232293

001234169
216
001236005

001238339
217
001238507

001239632


218
001239800

001244804
219
001245306

001248266
220
001252313

001255482
221
001255733

001258401
222
001258652

001300278
223
001300488

001302530
224
001303240

001306659
225
001306911

001308620
226
001309914

001315710
227
001318088

001319672
228
001320591

001321758
229
001324261

001325428
230
001325596

001326930
231
001327097

001328640
232
001331018

001333561


233
001333771

001336481
234
001339985

001343488
235
001343781

001345532
236
001345783

001347951
237
001348327

001351579
238
001352581

001355959
239
001356210

001358962
240
001359129

001401214
241
001402299

001403842
242
001406053

001407512


243
001408305

001411432
244
001411684

001413977
245
001414520

001416354
246
001416564

001418106
247
001418357

001421568
248
001424488

001427949
249
001428701

001431035
250
001431287

001433413
251
001433664

001436416
252
001436625

001440753
253
001442172

001444173
254
001444341

001448177
255
001448721

001450847
256
001451098

001452974
257
001454977

001457312
258
001503861

001506154
259
001507156

001508197
260
001509116

001512702
261
001512870

001515163
262
001515414

001517749
263
001518500

001521252
23
264
001521503

001524589
265
001526508

001529344
266
001530262

001534057
267
001534266

001537602
268
001537853

001539729
269
001539939

001541773
270
001541941

001543942
271
001544151

001545234
272
001545444

001547070
273
001548530

001551991
274
001552201

001553326
275
001553827

001556412
276
001558332

001602126
277
001602419

001604712


278
001604964

001609384
279
001609593

001611469
280
001611720

001614889
281
001615474

001616766
282
001618519

001620853
283
001621105

001624983
284
001625192

001627193
285
001629071

001633449
286
001633659

001634826
287
001635244

001638413
288
001639999

001641958
289
001647715

001648798


290
001649633

001654012
291
001654722

001656097
292
001656682

001658558
293
001659101

001702228
294
001702479

001704605
295
001704940

001706107
296
001709987

001711446


297
001711655

001714240
298
001714450

001718202
299
001719872

001721414


300
001723542

001724584
301
001724918

001727795
302
001728839

001732091
303
001732426

001735219
304
001736513

001739140
305
001740100

001742602
306
001742895

001745772
307
001746023

001749150
308
001752071

001753946
309
001755157

001759327
310
001759787

001801370
311
001803248

001807418
312
001807669

001810546
313
001810798

001814175
314
001814384

001817804


315
001819223

001820807
316
001821058

001824102
317
001824353

001826312
318
001826647

001829482
319
001831193

001833820
320
001834571

001836072
321
001836240

001840368
322
001840619

001844705
323
001844957

001849377
324
001852923

001854423
325
001855509

001857468
326
001857845

001859303
327
001859513

001902390


328
001903308

001907103
329
001907354

001909856
330
001911525

001914068
331
001914862

001916237
332
001918407

001919699
333
001920159

001921826
334
001923620

001927540
335
001928792

001929876
336
001931253

001932295
337
001933213

001935965
338
001936175

001937967
339
001939094

001940928
340
001941138

001942638
341
001946018

001948519


342
001949229

001951522
343
001951732

001954859


344
001955652

001958571
345
001958822

002001073
346
002001533

002004118
347
002004369

002006287
348
002006538

002009373
349
002009541

002011959
350
002012169

002015129
351
002015547

002019634
352
002022804

002025181
353
002026308

002028392
354
002028644

002031395
355
002031605

002034815
356
002034983

002037360
357
002037527

002038653
358
002038820

002040905
359
002051250

002054752
360
002054920

002057546
361
002057923

002059632
362
002101718

002102969
363
002103136

002104679
364
002106056

002108140
365
002109184

002110643
366
002110811

002114272
367
002114439

002116607
368
002116817

002118818


369
002118986

002120152
370
002121655

002124198
371
002124366

002127785
372
002127953

002129328
373
002130080

002132498
374
002133166

002135710
375
002135961

002139964
376
002140549

002142341
377
002142551

002144885
378
002145053

002147638