1
000002460

000007339
2
000007549

000010092
3
000013680

000014722
4
000016933

000019351


5
000021229

000022563


6
000022731

000027234
7
000027485

000030320
8
000032240

000035242
9
000035410

000036952
10
000037203

000039413
11
000041458

000043125
12
000043418

000045335
13
000135970

000138430
14
000139724

000142976
15
000143478

000146855
16
000147941

000150651
17
000150902

000153654
18
000153905

000157032
19
000159202

000200702
20
000200954

000202579
21
000203373

000204414
22
000205375

000207376
23
000215718

000219138
24
000220014

000221181
25
000221349

000222808
26
000223059

000227020
27
000227272

000229106
28
000229357

000233902
29
000234154

000235904
30
000237157

000240367
31
000242036

000243245
32
000244497

000248750
33
000249002

000250419


34
000250712

000252171
35
000255633

000257426
36
000257594

000301680
37
000302307

000303724
38
000303975

000306935
39
000308605

000310647


40
000310899

000312858
41
000313109

000316153
42
000318781

000321408
43
000321618

000326538
44
000326789

000330250
45
000333129

000335672
46
000336883

000339134
47
000339636

000342721
48
000343056

000345807
49
000347518

000349770
50
000351648

000354358
51
000354609

000355692
52
000355944

000400614
53
000401866

000403158
54
000403409

000405327
55
000405578

000410457
56
000411084

000412167
57
000412543

000415003
58
000422679

000425597
59
000425848

000427933
60
000429060

000431895
61
000433523

000435649
62
000436234

000439069
63
000443366

000445033
64
000445285

000448161
65
000448871

000450872


66
000451582

000455669
67
000455920

000458547
68
000459465

000502134
69
000509517

000514646
70
000516107

000518150
71
000518401

000521528
72
000523072

000526616
73
000528328

000530704
74
000539339

000540964


75
000541215

000542632
76
000543468

000545302
77
000546095

000547304
78
000548181

000552851
79
000553853

000555395
80
000556606

000558065
81
000558232

000603153


82
000603863

000606448
83
000606741

000609076
84
000609911

000612788
85
000612997

000615707
86
000616000

000617459
87
000617710

000619252
88
000619504

000620670
89
000623257

000625300
90
000625843

000627010
91
000629138

000632349
92
000634018

000635811
93
000636062

000639564
94
000641192

000645570


95
000649117

000650158


96
000657333

000700210
97
000701629

000704423
98
000706092

000709386
99
000709804

000711638
100
000711806

000715016


101
000717270

000719855
102
000720106

000722649
103
000723276

000726069
104
000726320

000729114
105
000729365

000732617

$350

106
000733161

000736163
107
000737081

000738123
108
000738458

000743587
109
000743838

000746465
110
000746966

000749301
111
000750094

000751887
112
000758978

000801980
113
000802273

000804274
3D
114
000806986

000809613
115
000813284

000814576
116
000814827

000816828


117
000817205

000819623
118
000821459

000824878
119
000825796

000827005
120
000827256

000828757
121
000829008

000831927
122
000835014

000837224
123
000837475

000839017
124
000839393

000840894
3D
125
000841395

000842771
126
000844607

000846775
127
000847026

000849611
128
000849904

000854616
129
000854867

000855992
130
000856244

000857953
131
000900706

000904334
132
000904794

000907295
133
000907588

000910966


134
000912301

000913343
135
000913594

000916388
136
000918140

000919224
137
000920434

000921726
138
000921978

000923103
139
000923479

000924688
140
000924897

000927482


141
000928526

000930527
142
000939036

000941288


143
000941539

000944708
144
000946002

000948128
145
000948379

000949462
146
000949714

000951172
147
000951382

000954175
148
000954427

000956136
149
000956387

001000599
150
001000850

001003685
151
001003894

001005604
152
001006022

001008481
153
001008899

001011776


154
001011986

001013278
155
001026500

001028960
156
001030338

001032922
157
001033174

001034758
158
001036719

001040847
159
001041098

001043725
160
001044018

001048146
161
001048606

001051524
162
001052276

001054027
163
001055905

001057906
164
001058240

001059908
165
001100159

001102744
166
001102995

001104871
167
001105122

001107082
168
001107291

001111586
169
001111837

001116549
170
001116801

001120011
171
001121097

001122764
172
001123974

001126059
173
001127937

001129854
174
001130064

001134192
175
001135027

001137320
176
001137822

001141491
177
001142034

001143868
178
001144036

001147038
179
001147832

001149040
180
001149291

001152085
181
001152420

001155755
182
001156799

001158508
183
001201137

001203805
184
001206475

001209227
185
001211021

001213356
186
001213607

001216317


187
001216736

001220280


188
001224827

001226119
189
001226495

001228079
190
001228330

001230331
191
001230583

001233835
192
001237173

001238214
193
001238841

001240550
194
001243387

001245847
195
001246015

001248475
196
001248726

001251019
197
001251270

001253521
198
001255566

001257192
199
001300279

001304783
200
001305326

001308036


201
001308329

001310872
202
001311624

001312707
203
001312875

001313917
204
001314168

001316628
205
001316879

001318797
206
001319673

001322258
207
001323344

001325970
208
001326555

001327722
209
001328641

001330683
210
001330935

001333812
211
001334063

001335396
212
001338025

001340777
213
001342321

001343696
214
001344198

001345740
215
001345991

001348117
216
001349954

001351454
217
001351705

001353498
218
001356043

001358253


219
001358671

001403424
220
001404134

001406177
221
001406929

001408930
222
001410266

001412183
223
001412560

001416104
224
001420776

001423319
225
001425406

001427866
226
001429034

001430869
227
001431078

001435248
228
001436458

001439586
229
001440379

001442797
230
001443048

001446676
231
001448429

001449721
232
001449972

001452473
233
001452766

001454767
234
001455436

001456686
235
001456896

001500231
236
001501150

001504193
237
001504445

001506696
238
001506906

001508406
239
001511744

001513369
240
001514580

001517790
241
001518000

001522587
242
001522838

001524464
243
001524673

001527842
244
001529011

001531429
245
001533641

001534807
246
001535601

001537018
247
001538145

001539646
248
001546570

001548196
249
001548447

001549822
250
001550491

001551950
251
001554203

001555495
252
001555913

001557372
253
001558832

001602210
254
001602461

001606631
255
001606882

001608841
256
001610219

001613513


257
001613722

001616557


258
001616767

001618101
259
001618310

001621145
260
001622690

001624524
261
001625442

001627318
262
001629697

001631572
263
001633158

001635326
264
001638080

001643167
265
001646672

001648589
266
001649299

001653136
267
001653387

001655388
268
001655556

001658933
269
001659184

001700768
270
001701061

001703312
271
001703564

001706733
272
001706984

001709027
273
001709903

001711112
274
001711363

001712447
275
001714491

001716826
276
001718495

001720121
277
001721665

001723416
278
001723584

001727003
279
001727546

001728713
280
001728964

001732258
281
001732509

001734886
282
001735471

001737889
283
001739641

001742935
284
001743187

001744896
285
001745856

001747774

286
001747983

001750193
287
001750402

001752862
288
001753363

001758117
289
001758827

001801329
290
001801580

001804165
291
001805209

001806250
292
001807336

001809170
293
001810714

001811839
294
001812216

001813257
295
001813884

001814967
296
001815135

001818262
297
001819681

001822517
298
001822810

001825520
299
001826313

001827355
300
001827689

001829190
301
001829358

001830942
302
001831985

001833945
303
001836865

001840701
304
001842621

001844413
305
001846166

001847959
306
001855634

001859387
307
001900681

001903474
308
001903642

001905143
309
001906103

001909272
310
001910649

001915403
311
001916822

001919448
312
001921743

001924537
313
001924788

001928374
314
001930752

001933963
315
001934214

001935673
316
001937509

001942471
317
001942890

001945433


318
001945684

001949687
319
001949938

001954483
320
001955402

001956569
321
001956820

001959906
322
002000157

002002950
323
002004369

002007371
324
002007998

002010791
325
002011376

002014086
326
002014338

002016464
327
002035525

002037443
328
002040614

002042031
329
002047663

002048704
330
002054378

002055419
331
002055629

002057421
332
002057839

002059257
333
002059508

002102718
334
002103011

002104345
335
002104596

002107223
336
002107474

002108641
337
002108976

002111560
338
002111812

002114021

339
002115565

002118109
340
002119069

002120820
341
002121280

002123614
342
002124116

002126617
343
002130038

002132456
344
002132749

002137169
345
002139339

002144051
346
002146555

002148139
347
002148390

002151559
348
002152811

002156981
349
002157774

002159275
350
002200319

002202987