1
000002836

000003961
2
000004129

000007923
3
000010552

000011969


4
000012137

000014847
5
000015015

000017099
6
000017267

000018809
7
000019686

000022688
8
000022856

000024356
9
000024524

000028193
10
000028361

000031822
11
000031990

000035325
12
000035493

000037619
13
000039164

000043167
14
000043334

000046462
15
000046629

000049214
16
000049424

000051633
17
000053136

000057598
18
000057766

000100768
19
000102062

000104271
20
000104439

000106815
21
000107484

000109610
22
000110111

000112696
23
000112864

000117618


24
000117786

000121371
25
000122707

000125709
26
000125877

000130130
30s
27
000130298

000133050
28
000134010

000136762
29
000136930

000138680
30
000138848

000144269
31
000144437

000146772
32
000146940

000149233
33
000149400

000151777
34
000151945

000153695
35
000154239

000156198
36
000156366

000159868
37
000202789

000204748
38
000205041

000207960


39
000209462

000213048
40
000216136

000218303


41
000218471

000220055


42
000220223

000224476


43
000224644

000226353
44
000228022

000231525


45
000231693

000233527
46
000315862

000318697


47
000318865

000321408
48
000322577

000326622
49
000326956

000328916
50
000329083

000331835


51
000332003

000335380


52
000335548

000337716


53
000337884

000340677
54
000341763

000343764
55
000343932

000346308
56
000346476

000348018
57
000349812

000352731
58
000352899

000355275
59
000355693

000400656
60
000400823

000402366
61
000402533

000405953
62
000409415

000412334


63
000415463

000418298
64
000419300

000420342
65
000421928

000423595
66
000424430

000428725
67
000428893

000432145
68
000432313

000434481
69
000435191

000437234
70
000437402

000440612
71
000440780

000441989
72
000442156

000446451
73
000446619

000448412
74
000451874

000453458
75
000459173

000501383


76
000501551

000504386
77
000504929

000507389
78
000507557

000510767
79
000510935

000514062
80
000514230

000516273
81
000518401

000520861
82
000521029

000522738
83
000527452

000530245


84
000530413

000533040
85
000533207

000536001


86
000536169

000539421
87
000540340

000542799
88
000542967

000545552
89
000545720

000547846
90
000548014

000550515
91
000550683

000553101
92
000553519

000555729
93
000600693

000602402
94
000602570

000604029
95
000604197

000606740
96
000606949

000611119
97
000611287

000613914


98
000620046

000622214
99
000622382

000625634
100
000625802

000627844
101
000628012

000629805
102
000632016

000634893
103
000635728

000637104
104
000637271

000639773
105
000642360

000644861
106
000645029

000647155
107
000647323

000650158
108
000650326

000653662
109
000653830

000656790
110
000656958

000659334
111
000659502

000702212
112
000702380

000704339
113
000704507

000708301
114
000708469

000710178
115
000718104

000722482
116
000722650

000724109
117
000724694

000726403
118
000726904

000729406
119
000729574

000730574
120
000730741

000732784
121
000732952

000735245
122
000735413

000738582
123
000739834

000741209


124
000741377

000744588
125
000745131

000747257
126
000749886

000753305


127
000753473

000756725
128
000756893

000758894
129
000759061

000803607
130
000803774

000805984
131
000806152

000808945
132
000809113

000811573
133
000811741

000815785
134
000815953

000820123


135
000820291

000823251
136
000823419

000828131
137
000829133

000831426
138
000831594

000836264
139
000838935

000842562
140
000842730

000844940
141
000846651

000848443
142
000848653

000851154
143
000851322

000853615
144
000853783

000858203
145
000859372

000903166


146
000904877

000907337
147
000907505

000909839
148
000910758

000912842
149
000913010

000914761
150
000916722

000921560
151
000922603

000924312
152
000924480

000928984
153
000929151

000930402
154
000930570

000932153
155
000933573

000936408


156
000940496

000943456
157
000943624

000945417
158
000945585

000947544
159
000947712

000950255
160
000951299

000952632
161
000953593

000955552
162
001001475

001004728
163
001018701

001020535


164
001023789

001026458


165
001026626

001028793
166
001028961

001031630
167
001032214

001035050
168
001042516

001045852


169
001050524

001052901
170
001056405

001057864


171
001058032

001102327
172
001102495

001104579
173
001105206

001108458
174
001108626

001110752
175
001110920

001112420
176
001112588

001116049
177
001116509

001120970


178
001127395

001129479


179
001129647

001131981
180
001132149

001135068
181
001135236

001137320
182
001138322

001140782
183
001140950

001143243
184
001145037

001146830
185
001146997

001151167
186
001151669

001155130


187
001156340

001158425
188
001158592

001201177
189
001201345

001203680
190
001203848

001207016
191
001207184

001211938
192
001213441

001215859
193
001216026

001218236
194
001221115

001222157


195
001222324

001224534
196
001224702

001226661
197
001226829

001228246
198
001230207

001232167
199
001232334

001234669
200
001234879

001236337
201
001236505

001238715
202
001238883

001240675
203
001240843

001244012
204
001245723

001247640


205
001247808

001250185


206
001252354

001254689
207
001254857

001257776


208
001300654

001303239
209
001303407

001306785
210
001306952

001309037
211
001310539

001313666
212
001313834

001316669
213
001316837

001318546
214
001320382

001322342
215
001323636

001327013
216
001327181

001329557
217
001330017

001331476


218
001331644

001333728
219
001333896

001335355
220
001335815

001338650
221
001343489

001344572
222
001345115

001348117


223
001348285

001350203


224
001352706

001355083


225
001355251

001356459
226
001356836

001359212
227
001359380

001401798
228
001403092

001406010
229
001406178

001409806
230
001409974

001412642
231
001414979

001418731


232
001418899

001423194
233
001423362

001425280
234
001426907

001428950
235
001429118

001431744
236
001431912

001436791
237
001441171

001444007
238
001444174

001447552
239
001447720

001451806
240
001453392

001456311
241
001456478

001458855
242
001459398

001501399
243
001501567

001504861
244
001506697

001510158
245
001511660

001515496
246
001515664

001518082


247
001518250

001519584
248
001519752

001522253


249
001522421

001524756
250
001524924

001526883
251
001527051

001529510
252
001529678

001534307
253
001534475

001538102
254
001538270

001541022
255
001541190

001544817
256
001547237

001549197


257
001552034

001556204
258
001559291

001601960
259
001602795

001607006
260
001607883

001609634
261
001612554

001614347
262
001616892

001619811
25
263
001619979

001622897
264
001623065

001625525

265
001625693

001628194
266
001628988

001630071
267
001630239

001632198
268
001632366

001635326


269
001635911

001639205
270
001639373

001642792
271
001642960

001646587
272
001646755

001649215
273
001649383

001651300
274
001651468

001654595


275
001654763

001656931
276
001657099

001659976
277
001700144

001703271
278
001705024

001706149
279
001706775

001708401
280
001710738

001712780
281
001714533

001718369
282
001718537

001719787
283
001721373

001723291
284
001725335

001728337
285
001728505

001730673
286
001730841

001731924


287
001732092

001735553
288
001736722

001739098
289
001739266

001741559
290
001741727

001743227
291
001743562

001746647
292
001746815

001749776
293
001751028

001754947
294
001755115

001758034
295
001758202

001803414
296
001804792

001807960
297
001808128

001811589
298
001812800

001815176
299
001816553

001817595
300
001817805

001820723
301
001820891

001824102
302
001825813

001828689
303
001829066

001831442
304
001834947

001837365


305
001837533

001841577
306
001841745

001843204
307
001843372

001846290
308
001846458

001851003
309
001851338

001852713
310
001854258

001857176
311
001857344

001859512
312
001859680

001903099
313
001910524

001912567
314
001913694

001915027
315
001915195

001918406


316
001918574

001920283
317
001921160

001922618
318
001922786

001925830
319
001925998

001928666
320
001929251

001930835
321
001931211

001933671
322
001933839

001936424
323
001938135

001942305
324
001942472

001943764
325
001950939

001953357
326
002001575

002004076
327
002004745

002005995
328
002006163

002009749


329
002010000

002011876
330
002012044

002013502
331
002013670

002016339
332
002016506

002018758
333
002019843

002022470
5
334
002022638

002026390
335
002028227

002032396
336
002033607

002035733
337
002041406

002042990
338
002043200

002046619
339
002047788

002049789
340
002050249

002054669
341
002055087

002059090
342
002059299

002102802
343
002102970

002106097
344
002106265

002109058
345
002111186

002113229
346
002113397

002115606
347
002115774

002119902
348
002121697

002125074


349
002125242

002127076
350
002127244

002131247


351
002132624

002134834
352
002135002

002137753
353
002139131

002140715
354
002141300

002145553
355
002146096

002149390
356
002149558

002152226
357
002153353

002154478
358
002154646

002158983
359
002200944

002204405


360
002205657

002208617
361
002208785

002212163
362
002212331

002215791
363
002217878

002219670
364
002228180

002231724
365
002231892

002234477
366
002234811

002236937
367
002237105

002240232
368
002240400

002243986
30s
369
002245739

002247656
370
002247824

002250201
371
002250369

002253746
372
002253914

002255915
373
002301421

002303881