1
000002961

000007172
2
000007340

000010801
3
000011052

000014763
4
000016599

000017641


5
000017809

000021478


6
000029029

000032614
7
000033908

000038954


8
000039164

000043208
9
000044961

000047087
10
000048923

000052051
11
000052218

000053886
12
000054137

000056972


13
000057140

000059767


14
000059976

000105773


15
000106316

000110027
16
000113364

000118577


17
000119412

000122331
18
000122540

000125667
19
000125877

000130172

11

20
000130381

000133550
21
000133718

000135469
22
000135637

000140057
23
000140558

000143852
24
000145480

000148816
25
000151528

000154363
32
26
000156908

000159284


27
000159744

000202704
28
000203498

000208544
29
000210463

000212464
30
000212632

000214383
31
000256176

000257384


32
000258553

000302139
33
000302348

000307853


34
000308104

000311106


35
000312442

000314109
36
000315236

000318488


37
000318656

000320699
38
000320909

000325037


39
000325246

000327956
40
000328124

000331001
41
000331252

000334963
42
000338927

000343388


43
000343598

000345307


44
000345475

000348810


45
000348978

000350437
46
000350647

000352981


47
000408748

000410415


48
000411501

000413752
49
000414003

000415337
50
000418341

000420467
51
000420635

000423637
52
000423888

000426682
53
000426849

000427975
54
000428810

000434189
55
000437151

000439361
56
000439570

000443407
57
000443616

000446368
58
000446536

000447577
59
000447745

000450539
60
000450707

000452499


61
000452834

000458588
62
000458798

000502009
63
000502218

000506596
64
000506806

000508682
65
000510893

000511977
66
000512186

000516356


67
000516566

000520152
68
000520320

000523363
69
000523781

000527534
70
000527744

000530287
71
000532665

000535292
72
000535501

000539254
73
000539422

000541089
74
000541257

000544301
75
000544510

000548180


76
000548389

000551683


77
000552894

000556438
78
000556606

000559107
79
000559317

000604112
80
000604322

000607783
81
000608326

000610660
82
000612622

000617459


83
000617668

000621004
84
000621255

000623799
85
000624801

000628011
86
000628221

000632349
87
000632558

000635602
88
000635853

000638772
89
000638981

000643610


90
000646364

000647656


91
000647824

000652452
92
000658668

000700001
93
000702088

000706425
94
000706634

000708844
95
000709011

000712848
96
000714142

000717769
97
000720731

000722232
98
000724193

000725986
99
000727905

000731366
100
000731576

000733201
101
000733619

000736246
102
000737498

000741042


103
000741294

000745046
104
000748342

000753472
105
000754182

000756057


106
000756225

000759227
107
000800646

000804441


108
000810072

000813241


109
000813451

000814659
110
000814827

000818288
111
000819248

000821208
112
000821375

000823627
113
000823794

000828632
114
000828841

000831593
115
000831802

000835347
116
000836807

000840352


117
000842522

000846566
118
000846817

000850278
119
000850488

000853615
120
000853824

000859871
121
000900081

000902749
122
000902959

000904626
123
000904835

000907212
124
000907380

000910757
125
000910967

000914135
126
000916138

000918682
127
000918891

000922310


128
000922520

000924813


129
000925022

000926773


130
000926983

000930026


131
000930236

000932195


132
000936450

000937576
133
000937827

000941121


134
000941330

000945041
135
000945209

000947419


136
000949046

000953383


137
000954969

001000599
138
001000850

001002726


139
001002893

001008023
140
001008899

001010483
141
001011485

001016865
142
001017116

001019117


143
001019368

001022203
144
001022371

001025040
145
001025249

001027584
146
001027752

001030003
147
001030171

001034257
148
001034425

001036551
149
001038638

001040597
150
001045770

001050982


151
001051484

001053735
152
001054862

001056196
153
001056364

001101117
154
001101285

001103286


155
001105206

001107415


156
001109627

001114422


157
001114757

001118426


158
001122014

001123431
159
001125184

001129270
160
001129438

001134693
161
001138030

001141282
162
001144995

001147288
163
001148499

001151418


164
001153337

001157841


165
001158634

001200593


166
001200761

001203346
167
001204348

001208643
168
001208853

001211312


169
001211564

001214232
170
001214483

001216818
171
001217486

001218862
172
001221407

001223867
173
001224034

001225869


174
001226120

001227996
175
001230249

001233001


176
001233169

001235044


177
001235212

001241217
178
001246849

001248641
179
001252438

001254773
180
001254940

001259194
181
001303449

001306367
182
001313125

001316753


183
001320341

001326221


184
001326722

001328264
185
001329141

001331893


186
001332144

001335563


187
001335731

001338316
188
001340152

001345406


189
001349662

001353748
190
001353916

001356960
191
001357169

001401172
192
001401382

001404759
193
001404969

001409430
194
001411100

001414602
195
001414770

001416563
196
001417940

001419816


197
001420109

001424529
198
001424697

001425947
199
001427992

001429617


200
001429785

001432161


201
001434999

001436624
202
001443966

001446551
203
001446719

001448052
204
001505654

001509741
1995
205
001509909

001512493
206
001514872

001517582
207
001518375

001521252

95

208
001521754

001524213


209
001526967

001530803


210
001534433

001536643
211
001538103

001540688


212
001540856

001542106
213
001547905

001550406
214
001557122

001558790
215
001558999

001601626
216
001601794

001605922
217
001606090

001610218
218
001612513

001614305
219
001616725

001619560
220
001620813

001623940
221
001625359

001627235
222
001627403

001631489
223
001631907

001636494
224
001637663

001640331
225
001645838

001648756
226
001648924

001652468
227
001652761

001654804
228
001655014

001657640


229
001657808

001659809


230
001700019

001702311
231
001703397

001706024


232
001713949

001716451


233
001721373

001723833
234
001725627

001729547


235
001729715

001732675
236
001733052

001737221


237
001737431

001740475
238
001743145

001746230


239
001746440

001749650
240
001749902

001753905
241
001756575

001800119
242
001802498

001805166
243
001805334

001808086
244
001808253

001812131
245
001812382

001813716


246
001814009

001816719
247
001818597

001822683
248
001822851

001823893
249
001824103

001828064
250
001829608

001832110


251
001832361

001833903


252
001835405

001838032


253
001838700

001842495
254
001842663

001844789
255
001848669

001850419
256
001851421

001855716
257
001901056

001903349
258
001905269

001909939


259
001910149

001913359


260
001914736

001916404


261
001916613

001920032
262
001921201

001924537


263
001924913

001926581
264
001927708

001929375
265
001930002

001933129
266
001934256

001938509
267
001938719

001941554
268
001941763

001946100
269
001949730

001952273
270
001952524

001955568
271
001955777

001959822
272
002001491

002006829
273
002008123

002010249
274
002010417

002012543


275
002016798

002020593
276
002020844

002023012
277
002024598

002026307


278
002032522

002037318


279
002037611

002041989
280
002042157

002045743
281
002049081

002051123
282
002054002

002057004
283
002101843

002103719
284
002110811

002112395
285
002119611

002123447


286
002124283

002127827


287
002130706

002135418


288
002136128

002141173


289
002142551

002146053
290
002146221

002148931

