1
000002752

000004378
2
000004587

000005629


3
000005797

000008173
4
000008341

000010426
5
000012429

000014638


6
000015598

000018350
7
000018518

000019893
8
000021062

000024523
9
000025442

000027818
10
000027986

000030070
11
000031448

000032448
12
000033366

000036493
13
000036661

000038704
14
000038872

000041957


15
000043877

000046336
16
000046504

000048297
17
000048465

000051258
18
000051426

000053052
19
000053219

000057431
20
000057599

000100017
21
000101394

000102728
22
000102896

000105230
23
000106524

000108442
24
000149567

000151860
25
000152195

000154196
26
000154656

000158325
27
000159327

000200452
28
000200620

000202204
29
000202372

000204832
30
000206543

000207835
31
000208002

000210629


8
32
000210797

000212172
8
33
000212340

000213924
34
000214092

000217177
35
000218805

000220764
36
000220932

000223475
37
000223643

000225227
38
000225937

000227563
39
000227730

000230190
40
000230775

000231859
41
000232235

000234027
42
000234821

000237489
43
000238575

000240534
44
000240702

000242786
45
000242954

000245289
46
000245456

000249710
7
9
47
000249878

000253714
9
48
000255049

000258760
49
000258928

000302097
50
000302265

000305475
51
000305643

000309021
52
000309189

000312566
53
000313234

000315861
54
000316279

000319072
55
000326247

000330375
56
000330543

000332586
57
000332754

000334379
58
000335381

000338342
59
000339093

000342262
60
000342430

000344139
61
000345266

000348060


62
000348228

000352522
63
000355401

000358195


64
000358363

000401907
65
000402075

000403408
66
000403576

000405953
67
000406120

000410332
68
000410500

000412292
69
000412460

000413752
70
000413920

000416338
71
000416506

000419758
72
000419926

000424638
73
000424889

000428976
74
000429143

000430519
75
000430687

000433230
76
000433398

000434648
77
000434816

000438443
78
000440947

000442948
79
000444659

000448787
80
000450081

000451957
81
000457297

000459715


82
000459882

000502134
83
000503136

000505971
84
000506139

000508598
85
000508766

000512019
86
000512186

000513228
87
000513396

000516106
88
000516274

000519234
89
000519402

000523530
90
000523698

000526074
91
000526242

000530370
92
000532665

000535876
93
000536044

000539129
94
000539297

000541840
95
000542008

000545594
96
000545762

000547888
97
000548056

000549473
98
000549640

000551308
99
000555188

000556646
100
000556814

000559191
101
000559359

000601818
102
000601986

000605447
103
000607450

000608575


104
000608743

000611745
105
000611913

000614331
106
000614499

000616541
107
000616709

000621588
108
000622256

000624383
109
000624550

000627219
110
000627387

000631264
111
000633184

000636478
112
000636646

000638730
113
000638898

000642984
114
000643152

000645195
115
000645363

000647322
116
000647490

000650826
117
000651494

000653578


118
000653746

000656289
119
000656457

000657791
120
000657959

000702337
121
000703297

000706675
122
000706843

000708969
123
000709178

000712806
124
000712974

000714850
125
000715017

000716977
126
000717145

000718395
127
000719981

000722524
128
000722692

000724359
129
000724527

000726778


130
000726946

000730615
131
000730783

000732701
132
000733411

000736788


133
000736956

000738665
134
000738833

000741835
135
000742003

000745547
136
000746257

000749342
137
000749510

000750719
138
000751971

000753680
139
000753848

000755682
140
000756058

000758101
141
000758269

000759895
142
000804901

000806902
143
000807069

000809070
144
000809238

000811907
145
000814911

000817829


146
000818789

000821082
147
000824754

000827797
148
000827965

000829841
149
000830009

000831927
150
000832094

000833762


151
000833930

000835013
152
000835181

000836681


153
000836849

000838767


154
000838935

000840310
155
000845608

000847234
156
000847610

000849402


157
000849570

000851071
158
000851239

000854324
159
000854617

000855700
160
000855868

000858078
161
000901082

000903708


162
000906337

000909464
163
000909632

000912008
164
000912176

000915303
165
000915471

000916972
166
000917139

000918473
167
000919016

000922018
168
000922311

000924771
30
169
000924939

000926273
170
000926440

000928692


171
000928859

000931236
172
000931404

000934948
173
000935116

000937867
174
000938035

000940036
175
000940204

000943081
176
000943958

000948920
177
000949088

000951339
178
000951507

000953675


179
000953843

000955885
180
000956053

000958346
181
000959348

001002142


182
001003144

001005312
183
001005479

001007063
184
001007231

001009858


185
001010026

001011318


186
001011485

001014779
187
001014947

001019367
188
001019869

001022662
189
001022830

001026583


190
001026751

001027792
191
001027960

001031630


192
001031797

001034132
193
001034300

001039596
194
001040264

001044059
195
001044226

001049105
196
001049273

001051274
197
001051901

001056488
198
001056656

001057989
199
001058157

001102035
9
200
001109251

001111503
201
001111754

001115256
202
001115424

001117258
203
001118886

001120804
204
001121222

001122597
205
001122765

001125558


206
001129188

001131064


207
001131232

001133525


208
001134735

001138071
209
001138239

001141157
9
210
001141325

001144035


211
001144203

001145912
212
001146080

001149165
213
001149333

001151835
214
001158217

001201469
215
001201637

001204139
216
001204306

001206683
217
001206851

001209602
218
001209770

001212272


219
001212440

001214983
220
001215151

001217402
221
001217570

001219946
222
001221699

001224492
223
001225327

001228246
224
001228414

001231291
225
001232752

001234127
226
001239049

001241134


227
001241302

001245138
228
001245306

001247390


229
001247558

001250393
230
001250561

001251978
231
001253105

001255273
232
001255441

001259319
233
001259487

001302322
234
001302490

001306409
235
001306577

001311331


236
001313375

001314584


237
001314752

001317962
238
001318130

001320632
239
001320800

001322342
240
001322510

001325720


241
001325888

001329891
242
001331018

001332602


243
001333479

001335605
244
001336607

001338900
245
001339235

001340735


246
001340903

001343655
247
001343864

001345740
248
001345908

001347075
249
001348077

001349786
250
001349954

001350995
251
001351163

001354874
252
001355042

001356751
253
001356919

001358670
254
001358838

001400713
255
001400881

001402423
256
001403968

001406261
257
001406428

001407762
258
001407930

001411724
259
001411892

001414602
260
001414770

001417856
261
001418023

001419566
262
001419733

001421901
263
001422069

001423319
264
001423737

001426364


265
001427366

001428908
266
001429076

001430410
267
001430578

001432787
268
001432955

001435748


269
001437001

001440753
270
001443465

001444465


271
001444633

001447594
272
001447761

001450263
273
001450431

001452390
274
001452683

001455226
275
001455394

001457520
276
001504653

001506654
277
001506822

001508489
278
001509825

001512952
$100
279
001517833

001519584
280
001519752

001520793
281
001520961

001524714
282
001524882

001528635
283
001529345

001531304
284
001531472

001534098


285
001534266

001537352


286
001537519

001539854
287
001540022

001541981
288
001542149

001543650
289
001543817

001546778
290
001546946

001549864
291
001550032

001552659


292
001554954

001557747


293
001557915

001601042


294
001601210

001604963
295
001605130

001607382
296
001607549

001608841
297
001609051

001613012


298
001613639

001615598
299
001615766

001618935
300
001619103

001622730
301
001622898

001624774
302
001632324

001633908
303
001636120

001639038


304
001639498

001642750
305
001642918

001646838
306
001647006

001650216
307
001658892

001702145
308
001702312

001704188
309
001704356

001706065
310
001706233

001710319


311
001714742

001716743
312
001716910

001718995
313
001722374

001724959
314
001725127

001727128
315
001727296

001729547
316
001729715

001732925
317
001733093

001734302
318
001739850

001742101
319
001742269

001744979
320
001745147

001747482
321
001747649

001749984
322
001751862

001755156
323
001755324

001757075
324
001757242

001758743
325
001800662

001802246
326
001803165

001805166
327
001806585

001810755
328
001819681

001821808


329
001821975

001824602
330
001824770

001827021
331
001827189

001828397
332
001838492

001840910
333
001841078

001843704
334
001844790

001846207
335
001849378

001851712
336
001851880

001856050
337
001856218

001857385
338
001857553

001900012
339
001900180

001903558
340
001903725

001906936
341
001908272

001910398
342
001912359

001914068
343
001922578

001924245
344
001935757

001939302
345
001939469

001942221
346
001943098

001945266
347
001945434

001949437
348
001951773

001953983
349
001954985

001958237


350
001958697

002002158
351
002002326

002005328
352
002005662

002007330
353
002007497

002010082
354
002011543

002014253
355
002016298

002018299
356
002018467

002023054
357
002023222

002024597
358
002031396

002033773
359
002039488

002042365
360
002042532

002045826


361
002056505

002059090
362
002106807

002108683
363
002108976

002111310
364
002128495

002131038
365
002131206

002134542


366
002143302

002146387