1
000002711

000005796

2
000005964

000009049
3
000009217

000011176


4
000011344

000013679


5
000013847

000016056
6
000016224

000018517
7
000018685

000020853
8
000021021

000023939

9
000025066

000026900
10
000029195

000032740
11
000032907

000034700
12
000034868

000036035
13
000036202

000037911
14
000038079

000039163
15
000039622

000041165
16
000042125

000043584
17
000044127

000046295


18
000046463

000048338
19
000049299

000051216
20
000051384

000054261


21
000109277

000110402


22
000110570

000112821
23
000112989

000116033
24
000116201

000117951
25
000120038

000121830
26
000121998

000123665
27
000126586

000128670
28
000128838

000129922
29
000130090

000132257
30
000132675

000134009
31
000135762

000136845
32
000137013

000140224
33
000140391

000143811


34
000143978

000145437
35
000145605

000149858
36
000150360

000153570
37
000211005

000212047
38
000308354

000310022
39
000310190

000312608
40
000312775

000315861
41
000316029

000318530
42
000321117

000323869
43
000324037

000326622
44
000326789

000327956
45
000328124

000329666
46
000329834

000330876
47
000331044

000334296
48
000334464

000339343
830
49
000342513

000343931
50
000344098

000346558
51
000346726

000348644
52
000349020

000351521


53
000351689

000354191


54
000354359

000355442
55
000358905

000402741


56
000402909

000405994
57
000406162

000407204
58
000407372

000409456
59
000409624

000411124
60
000411292

000414253
61
000416506

000419967


62
000423680

000425347
63
000428476

000431520


64
000431688

000434189
65
000434357

000435941
66
000436859

000438360
67
000442198

000444324


68
000444492

000448036


69
000449080

000452666
70
000453918

000454960
71
000458298

000500549
72
000500717

000503885


73
000504429

000507180
74
000507348

000510809
75
000510977

000513228
76
000513396

000515230
77
000515940

000518358
78
000518526

000521236


79
000521404

000524031
80
000524198

000525449
81
000526826

000530287
82
000530455

000533874
83
000534417

000536793
84
000538129

000542299
85
000543217

000547304
86
000547472

000549681
87
000551267

000552768
88
000553770

000557230
89
000557398

000601568
90
000601736

000604571
91
000604739

000608575
92
000608743

000610160
93
000612330

000616249
94
000616417

000619044
95
000619212

000622547
96
000622715

000626301
97
000626594

000629930
98
000630098

000632891
99
000633059

000634101
100
000634268

000637813
101
000637980

000640023
102
000642985

000644986


103
000645321

000650325
104
000651577

000653829
105
000655873

000657416
106
000659252

000700961
107
000701129

000704423
108
000705133

000707092
109
000708886

000711346
110
000711889

000712973
111
000713141

000715475
112
000715643

000719896
113
000720064

000723066
114
000725945

000728905

115
000729073

000730532


116
000731367

000733869
117
000734036

000735412
118
000735580

000737706


119
000738207

000739374
120
000741544

000743044
121
000744380

000746214
122
000746382

000750010

123
000751637

000755515
124
000755683

000758852
125
000800605

000804858
126
000806777

000808987
127
000809572

000812616
128
000818414

000819581
129
000820625

000822709
130
000823753

000826880


131
000827757

000831259
132
000831427

000834596
133
000834764

000837974
134
000838142

000841895


135
000844106

000847317
136
000847485

000849110
137
000851948

000856409
138
000856577

000858828
139
000858996

000901873
140
000902041

000904834
141
000905002

000907546
142
000909465

000913885
143
000914053

000916638
144
000916806

000918557
145
000921727

000924271
146
000924438

000925855
147
000926524

000928233
148
000928401

000929734
149
000931070

000932112
150
000932280

000934781


151
000934949

000936324
152
000938661

000942080
153
000942873

000945166
154
000949380

000950422


155
000950590

000953425
156
000954176

000955927
157
000957346

000958847


158
000959015

001000890


159
001001976

001003268
160
001003436

001005937
161
001006105

001008607


162
001008774

001011276
163
001011444

001015864
164
001017867

001018908
165
001019577

001021202
166
001021370

001025290
167
001025875

001027000
168
001027168

001029044
169
001030087

001034924
170
001035551

001036885
171
001037053

001038887
172
001050983

001054069


173
001055446

001056863
174
001058991

001102202

175
001102620

001106373


176
001107708

001112128
177
001112296

001115090
178
001115257

001118009
179
001118928

001123056
180
001123224

001125850
181
001126435

001127727
182
001129855

001131272
183
001133067

001134943


184
001135111

001136194
185
001143577

001145787
186
001145955

001148415

187
001149375

001151167
188
001151877

001154879


189
001156507

001159718


190
001159885

001203930
191
001205391

001208435
192
001211564

001213815
193
001214400

001216025


194
001216193

001220697
195
001222199

001225034
196
001225494

001228121
197
001228289

001230790
198
001231375

001233877


199
001234044

001236004
200
001236172

001239132
201
001239300

001240550
202
001244638

001246264


203
001246432

001247515
204
001250770

001254314
205
001255691

001257192


206
001257359

001300487


207
001301405

001303406
208
001303574

001304991
209
001306619

001308119
210
001309580

001311456
211
001312583

001315126


212
001315836

001317212
213
001317379

001319547
214
001321759

001325595
215
001325763

001327263
216
001327598

001330099
217
001330267

001333394
218
001333562

001336564
219
001338150

001340735
220
001341028

001342570
221
001344657

001347575
222
001347743

001350870
223
001355125

001358545
224
001358712

001402340
225
001404009

001406219
226
001406387

001408805


227
001408973

001412559
228
001412726

001414561
229
001414728

001417021
230
001417189

001419065
231
001419233

001423194
232
001424446

001427115
233
001427283

001429325
234
001429493

001431786
235
001433289

001435290
236
001435457

001438293
237
001438460

001443131
238
001445259

001447343
239
001449013

001451848
240
001454226

001457645
241
001457813

001459022
242
001459189

001502692
243
001502860

001506571
244
001510200

001512911
245
001514455

001518291
900
246
001518459

001521544
9
15
247
001523464

001526883
248
001527051

001529427
249
001529595

001530720
250
001531472

001535934
251
001538479

001540188
252
001542691

001547070
253
001547237

001548696
254
001550115

001551282
255
001552493

001556245
256
001556413

001558623
257
001600876

001604587
258
001605130

001607423
259
001607967

001610426
260
001611011

001612470
261
001619853

001621270
262
001622147

001624816
263
001627569

001629320
264
001632074

001633992
265
001637246

001638913
266
001639957

001641708
267
001646922

001648423
268
001648590

001650216
269
001650843

001652760
270
001654054

001656264
271
001701270

001703604
272
001704815

001707025
273
001708861

001710653
274
001710821

001713156
275
001716118

001719996
276
001720164

001721330
277
001721498

001724292
278
001724460

001727670


279
001728630

001730089
280
001730257

001733634
281
001740309

001742477
282
001742644

001745480
283
001758077

001800703
284
001801080

001803873
285
001804041

001805083
286
001807044

001808419
287
001812841

001815134
288
001818347

001819388
289
001819556

001823434
290
001823852

001827688
291
001827856

001829899
292
001830859

001832944
293
001837908

001840368
294
001843247

001847500
295
001847876

001849252
296
001849419

001852547
297
001852714

001856801
298
001857427

001859011
299
001901098

001902431
300
001905686

001907019
301
001907187

001910773
3
302
001910941

001913901
303
001914736

001918072
304
001919366

001923494
305
001923662

001926289
306
001926456

001928708
307
001928876

001930084


308
001930252

001932920


309
001933088

001935256
310
001935424

001939177
311
001942472

001944265
312
001945058

001949145
313
001949605

001953191
314
001953609

001957653
315
001958697

002000823
316
002011210

002013377
317
002013545

002016964
318
002017132

002019508
319
002019676

002021385


320
002026016

002028059
321
002029561

002031103
322
002031271

002033814
323
002036109

002037526
324
002038987

002042323
325
002042491

002044200
326
002044368

002047411
327
002047579

002050581
328
002050749

002052291
329
002054795

002055962
330
002057089

002059715
331
002059883

002102009
332
002106515

002107932
333
002108684

002111852
334
002112521

002117692
335
002117859

002119026
336
002120654

002122905
337
002123073

002126867
338
002127035

002129662
339
002132124

002133749
340
002144720

002146220
341
002151601

002153769
342
002204906

002207074
343
002208535

002209660
344
002213915

002215207
345
002243111

002244904
346
002249409

002251369