1
000006172

000007965
2
000008133

000010968


3
000011136

000014888
4
000015056

000017099
5
000018727

000020644
6
000022063

000023105


7
000023273

000024982


8
000025150

000027276


9
000027444

000030946
10
000031865

000033615
11
000035326

000037619


12
000037787

000040748
13
000040915

000043584
14
000043752

000044960
15
000047756

000050758


16
000052886

000056221
17
000056806

000100017


18
000100560

000105689
19
000105857

000107691
20
000112697

000117076


21
000119662

000121997
22
000124959

000127544


23
000127712

000130547
24
000130715

000131965
25
000132133

000134426
26
000134594

000138764
25
27
000139682

000141016
28
000141184

000144103
29
000145522

000147815
30
000150318

000152152
31
000152362

000155572
32
000155740

000158784
33
000200078

000202871
34
000203623

000205791
35
000205959

000208335
36
000249085

000252504
37
000252672

000255757


38
000255925

000258260
39
000258428

000301805
40
000301973

000305100
41
000305268

000308228
42
000308771

000311982


43
000312192

000315444
44
000315612

000319489
45
000323286

000326205
46
000326497

000328916
47
000330126

000331752
48
000331961

000333420
49
000333630

000336965


50
000337258

000340886
51
000341054

000343847
52
000344015

000347726
53
000349020

000353023


54
000353566

000355609
55
000355777

000359988
56
000400156

000402532
57
000402700

000405202
58
000405370

000406912
59
000410583

000412584
60
000412752

000416421
61
000416589

000418882
62
000419801

000421760
63
000421928

000424471
64
000425098

000428308
65
000428518

000430727
66
000433439

000436149
67
000436317

000438318
68
000438486

000440320
69
000440488

000444074
70
000444242

000447244
71
000447412

000451331
72
000454961

000457546
73
000457880

000500882
74
000501050

000504553
75
000504721

000506430
76
000509851

000511184
77
000511352

000513562
78
000518568

000521361
79
000526784

000528994


80
000542091

000544718


81
000552894

000554353
82
000602362

000604905
83
000605073

000607824
84
000608034

000611745


85
000611913

000614373
86
000614540

000617918
87
000618503

000620754
88
000620922

000623215
89
000625385

000627094
90
000630473

000634768
91
000634936

000638855
92
000639190

000642776


93
000642944

000645695


94
000645863

000648740
95
000650410

000654955
96
000655123

000657165
97
000657333

000658834
98
000659001

000701420
99
000701587

000703213
100
000703464

000705924
101
000706092

000711012
102
000712557

000714975
103
000715143

000718478
104
000718646

000720605
105
000721023

000723900
106
000724068

000725694


107
000725862

000729156
108
000729323

000731241


109
000732326

000734744
110
000734954

000736997
111
000738499

000741460
112
000743838

000745505
113
000745923

000747048
114
000750261

000752804
115
000752972

000757601
116
000758895

000801104


117
000801272

000805066
118
000806277

000810655
119
000814952

000818288
120
000819290

000821625
121
000821792

000824044
122
000826714

000829007
123
000829217

000831510
124
000835097

000837349
125
000838017

000842604
126
000842772

000844356
127
000845024

000847609


128
000849195

000851196
129
000851864

000852948
130
000854242

000856326
131
000858829

000902249
132
000902458

000905669
133
000905962

000909631


134
000909799

000912551


135
000912718

000916429


136
000919392

000924813
137
000924981

000928066
138
000928234

000932862
139
000933281

000938368
140
000938536

000940537
141
000940705

000943832
142
000953634

000957762
143
001004103

001008356


144
001008524

001010567


145
001010735

001013236
146
001014822

001016781
147
001016949

001021369
800
148
001022830

001024914
149
001026000

001027626
150
001033674

001035175
151
001046520

001047729
152
001059325

001102786
153
001110086

001113505
154
001113673

001116633


155
001116801

001120845
156
001124225

001126393


157
001126977

001128853
158
001131524

001133983


159
001134151

001136027
160
001139448

001142075
161
001142243

001146871


162
001148916

001151876
163
001152044

001154379


164
001154547

001156798
165
001156966

001201553


166
001202096

001206099
167
001207893

001209394
168
001209562

001213314
169
001221031

001223825
170
001223993

001226119
171
001226287

001228663
172
001228831

001232167
173
001232334

001236546


174
001236714

001241426


175
001243429

001245555
176
001245723

001248224
177
001249643

001254355


178
001257860

001300028
179
001300488

001304491
180
001304658

001307869
14
181
001308037

001310455
182
001310623

001314709
183
001314877

001315960
184
001316128

001318630
185
001321759

001323218
186
001323385

001326179
187
001326347

001328515
188
001328682

001331935
189
001332102

001336231
190
001336398

001338316


191
001338651

001341444
192
001341612

001343154
193
001345825

001348409


194
001349245

001351162
195
001351330

001354165
196
001354333

001357210


197
001357378

001358795
198
001402132

001404884
199
001405052

001409514
200
001411016

001412308
201
001414895

001416813


202
001416981

001419649
203
001419817

001422986


204
001423153

001426865
205
001429493

001432245


206
001432413

001435290
207
001435457

001438626
208
001438794

001442005
209
001442840

001445091


210
001445259

001446384
211
001446552

001449679
212
001449847

001452098
213
001452349

001455435
214
001455603

001458354
215
001458564

001502233
216
001502401

001504360
217
001504528

001506779
218
001506947

001508448
219
001510993

001514913
220
001515080

001518041


221
001519501

001521544
222
001538062

001539646
223
001602670

001603795
224
001604505

001607924


225
001608842

001610301
226
001610469

001616391
227
001620854

001623356
228
001623524

001626401
229
001628696

001631739


230
001631907

001633116
231
001634910

001639914
232
001640165

001641582
233
001642543

001648798
234
001651135

001653219
235
001653387

001656973
236
001657141

001702520
237
001704565

001706899
238
001707067

001710403
239
001710904

001714449
240
001720330

001723875
241
001734386

001735428
242
001735596

001737972


243
001738140

001741350
244
001741518

001743936
245
001744104

001746355
246
001746607

001750109


247
001751904

001754864
248
001755032

001758326
249
001758494

001800536
250
001800704

001802705
251
001802873

001805750
252
001810380

001813216


253
001813383

001817095
254
001818514

001822975
255
001826772

001829315
256
001831026

001833027


257
001833195

001835822
258
001835989

001840118
259
001840285

001843746
260
001843914

001848042


261
001848210

001850128
262
001850796

001854465


263
001854633

001858594
264
001859888

001901889
265
001905435

001908187


266
001908355

001909397
267
001909565

001911232
268
001911400

001914318
269
001914528

001917530
270
001917698

001922243
271
001922494

001924871
272
001925038

001927832
273
001929293

001931669


274
001931837

001934172


275
001935591

001937383
276
001942181

001946309
277
001946476

001948853
278
001950022

001951355
279
001951523

001953191
280
001953358

001955693
281
001956320

001958070
282
001958864

002002617
283
002002784

002006037


284
002006205

002009790
285
002009958

002013377
286
002013545

002017924
287
002025474

002027892
288
002034942

002038736
J437A
289
002038904

002041864
290
002049456

002052166
291
002052334

002055044
292
002055796

002057922
293
002058090

002102802
294
002103136

002106013


295
002106181

002110268
296
002110435

002112895
297
002113063

002117316
298
002118735

002120444
299
002122281

002124115
300
002125617

002129537


301
002131623

002134000
302
002136503

002139797
303
002144011

002145761