1
000005922

000008465
2
000008633

000010843
3
000011469

000013095
4
000013263

000014972

5
000015974

000018142
6
000018351

000020144


7
000022188

000024732
8
000024899

000028193
9
000028987

000032197
10
000032490

000035242
11
000036244

000039413
12
000039581

000041874
13
000042042

000044209
14
000045003

000048005
15
000049257

000052634
16
000054596

000056722
17
000056890

000058057
18
000100560

000102186
19
000103605

000105647
20
000105815

000106899
21
000107067

000110069
22
000113031

000114823
23
000115742

000117659
24
000118703

000120704
25
000121122

000122623
26
000122832

000125542


27
000125710

000127002
28
000127170

000129129
29
000130173

000132049


30
000132217

000134468
31
000234904

000236905
32
000237866

000242369
33
000244122

000246415
34
000246833

000249459
35
000250587

000254548
36
000258303

000259386
37
000259554

000303307
38
000303474

000304558

39
000304726

000307936
40
000308104

000311106
41
000311274

000314651

42
000316613

000318822
43
000318990

000320365
44
000320533

000322951
45
000324662

000326830
46
000327123

000329458
47
000329626

000333712
48
000336633

000338800

49
000338968

000341303
50
000341471

000344890
51
000345099

000347851


52
000355193

000359112


53
000401866

000404326
54
000404494

000407037
7
55
000413044

000415545
56
000417173

000419758
57
000420385

000423303
58
000424764

000425847
59
000426015

000428558
60
000428726

000430644
61
000430812

000433897
62
000434065

000436650
16
63
000436818

000439736
16
64
000440405

000441947
65
000444617

000447786
66
000451124

000452708
67
000453459

000455627
68
000455795

000458755
69
000458923

000500924


70
000501092

000502509
71
000508850

000511184
72
000521821

000524656
73
000531205

000532748
74
000532915

000535083
75
000536419

000538670
76
000543343

000545302

77
000545470

000546553
78
000546721

000549264
79
000549432

000550640
80
000550808

000553393
81
000554228

000555896
82
000556064

000559649
83
000600360

000601610
84
000601778

000605280
85
000606783

000608492
86
000609243

000611828
87
000611996

000613080
88
000613915

000615916
89
000617418

000618502
90
000619921

000621421
91
000622048

000623465
92
000624050

000626760


93
000629639

000630722
94
000630932

000633308
95
000633643

000636061
96
000637688

000640399
97
000640566

000643610
98
000644737

000646988
99
000648324

000651201
100
000651536

000653328
101
000655206

000656623
102
000657291

000700669
103
000700837

000703463
104
000705508

000707384
105
000707552

000710303
106
000710471

000713682
107
000713891

000717436
108
000718938

000721940
109
000722108

000724067
110
000724277

000726236
111
000726487

000728697
112
000728865

000731491
113
000731659

000734035
114
000734871

000738498
115
000739208

000740375
116
000740543

000743628
117
000744005

000746840
118
000747008

000751011
119
000751971

000754264
120
000755057

000759227
121
000759395

000803148
122
000803316

000804774
123
000805485

000806651
124
000808738

000810739
125
000811073

000812741
126
000814035

000817579
127
000817747

000820540
128
000821042

000822709
129
000822877

000824211
130
000824378

000825587
131
000829050

000830884
132
000833179

000836097
133
000836265

000837849
134
000838017

000840769
135
000840937

000844606


136
000846234

000848693


137
000848861

000852072
138
000852281

000855033
139
000855201

000856743
140
000856911

000858620
141
000858788

000900247
142
000900414

000901498
143
000901666

000903333
144
000903501

000905835
145
000906003

000909297
146
000909465

000911383
147
000911551

000915178
148
000916597

000918431
149
000918599

000921685
$100
150
000921852

000924604
151
000926607

000930110
152
000930278

000932237
153
000932405

000935824
154
000936701

000938243
155
000938411

000940036
156
000940204

000942038


157
000942206

000944958
158
000945126

000946251
159
000946419

000949462
160
000949630

000951172
161
000951340

000952507
162
000952675

000953883
163
000954051

000956386
164
000957597

000959931
165
001001809

001004269
166
001004437

001005812
167
001005980

001008315


168
001008774

001011192
169
001011569

001013111
170
001013279

001014654
171
001014822

001017532
172
001018492

001019784
173
001019952

001022621
174
001022997

001024497
175
001024665

001026499
176
001027543

001031796
177
001033591

001035258
178
001051942

001053276
179
001056947

001059282
180
001100117

001103995
181
001104163

001105830
182
001105998

001110418
183
001110586

001114422
184
001115299

001119344
185
001119512

001120679
186
001120846

001122722

187
001123140

001124224
188
001124392

001127686
189
001128020

001131272
190
001131440

001135193
191
001135361

001137404
192
001137571

001139864


193
001140074

001144160
194
001144328

001146788
195
001146956

001148957
196
001149125

001151209
197
001151377

001152585
198
001154004

001156881
199
001159552

001201720
200
001203514

001205140
201
001205307

001206975
202
001210146

001211563
203
001212565

001213648
204
001213816

001215400
205
001222908

001225243
206
001225411

001227203
207
001227371

001231207
208
001232501

001233918

209
001234086

001236838
210
001237006

001240633

211
001241218

001245889
212
001246056

001248683
213
001252438

001254022
214
001256734

001259903
215
001307119

001310955

216
001311123

001313833
217
001314585

001317545
218
001317880

001321382
219
001321550

001325345
220
001328390

001329724
221
001329892

001332852
222
001333354

001335855
223
001336023

001338191


224
001338359

001340401
225
001343656

001346199
226
001346367

001348660
227
001348828

001351412
228
001351580

001353498
229
001355376

001356543
230
001356710

001359128
231
001359296

001402006
232
001402174

001405051
233
001406887

001408930
234
001409098

001412851
235
001414645

001417397
236
001417565

001419858
237
001430661

001432537
238
001432705

001434080
239
001434248

001436416


240
001436584

001439752
241
001440671

001443464


242
001443966

001446217
243
001446385

001448094
244
001452141

001455894
245
001457354

001458521
246
001459773

001502692
247
001502860

001504360
248
001504987

001506070
249
001506238

001508156
250
001508324

001511659
251
001512119

001515830
252
001516081

001517290
253
001518000

001519626
254
001520336

001521419
255
001521587

001523087
256
001525925

001529260


257
001529678

001530970
258
001531138

001533222
259
001536310

001537560
260
001538687

001542607
261
001544526

001546736
262
001546904

001548905

263
001551533

001553201
264
001553369

001556704
265
001558332

001600249
266
001602002

001604963
267
001605255

001606339
268
001606507

001607632
269
001607800

001609759
270
001609927

001612637
271
001612805

001615556


272
001616100

001618101
273
001618268

001620436
274
001620604

001623314
275
001625025

001627485
276
001627653

001630446
277
001632992

001634701
278
001634868

001637495
279
001637663

001639998


280
001640165

001642125

281
001642292

001643543


282
001643711

001644794
283
001644962

001646963
284
001647131

001650591
285
001650926

001653886
286
001654054

001656723
287
001656890

001659642
288
001659977

001702687
289
001702855

001706024
290
001709194

001710319
291
001710487

001712530
292
001712698

001713781
293
001713949

001715700
294
001715868

001718494
295
001718662

001721247


296
001721415

001724667
297
001725085

001728087
298
001728255

001729505
299
001729673

001732800
300
001732968

001734343
301
001734511

001737180
302
001737347

001738431
303
001738599

001742018
304
001742186

001744103
305
001746273

001748066


306
001748400

001749484
307
001749651

001752236
308
001752404

001754405
309
001755783

001757200
310
001757367

001800244
311
001800412

001803873
312
001805667

001807251
313
001808462

001810254
314
001811340

001813466
315
001814885

001817178
316
001819223

001821265
317
001821642

001822725
318
001822893

001824393
319
001825395

001828231
320
001832903

001834153
321
001834905

001837156


322
001840160

001843121
323
001843288

001845164
324
001845332

001847333
325
001847543

001848626
326
001848794

001850586


327
001851255

001853714
328
001853882

001856050
329
001903225

001904433

330
001904601

001907228
331
001907396

001910857
332
001911650

001913526
333
001914027

001915111
334
001915279

001916779
335
001916947

001921325
336
001921493

001925288
337
001926248

001927373
338
001927541

001930084
339
001930252

001931460
340
001931628

001933171
341
001934256

001935339
342
001935507

001936716
343
001936884

001939886
344
001940470

001942805
345
001942973

001944974
346
001948270

001951022
347
001951190

001953649
348
001953817

001957528
349
001957696

001959947
350
002000115

002002366
351
002002534

002006954
352
002007122

002009207
353
002012002

002014712
354
002017257

002018549
355
002018717

002020593
356
002020761

002023512
357
002029186

002030728
358
002032731

002034774
359
002034942

002036776
360
002037444

002038861
361
002041448

002042615
362
002042783

002044617
363
002044785

002047703
364
002048413

002050456
365
002052751

002054627
366
002055963

002057755
367
002059466

002102260
368
002102427

002105304
369
002200819

002203738
370
002203905

002205781
371
002205949

002206991
372
002207159

002209994
373
002210162

002212496
374
002212664

002214040
375
002214207

002215624
376
002215792

002217418
377
002219713

002221839
378
002222007

002223090
379
002223258

002226010
380
002226178

002228637
381
002230265

002235102