1
000005588

000008549
2
000008800

000011760
3
000011970

000015723
4
000016558

000018517
5
000019894

000020978
6
000021229

000022646
7
000022897

000024148
8
000024357

000027234
9
000031031

000032614
10
000032824

000035617
11
000036369

000040122
12
000040790

000041832
13
000042292

000045836
14
000046004

000047004
15
000047213

000050924
16
000051134

000052176


17
000052385

000055637
18
000055847

000057514
19
000057724

000100851
20
000102187

000105606


21
000105815

000107649


22
000109194

000111320
23
000111529

000113072
24
000115658

000117159
25
000159327

000200327
26
000200495

000202496


27
000202705

000206375
28
000206584

000210003
29
000210255

000213549


30
000214008

000217719
31
000218429

000221140
32
000223351

000224643
33
000224853

000226562
34
000226729

000228772
35
000231442

000232693


36
000232861

000237614
37
000237824

000240450
38
000240660

000245038
39
000245957

000248000
40
000248251

000250127
41
000250461

000252796
42
000254924

000256758
43
000258178

000300387
44
000303349

000306685
45
000306895

000309646
46
000309898

000312107
47
000312317

000315694


48
000316404

000318780
49
000318990

000322701
1130
50
000325788

000327372
51
000332962

000334671


52
000334881

000336673
53
000336883

000339801
54
000340011

000342012
55
000342222

000344306
56
000344515

000346558


57
000347060

000348518
58
000348978

000350479


59
000351356

000353148
60
000353358

000355859
61
000356110

000359363
62
000400156

000402616
63
000402909

000404284
64
000404911

000405911
65
000406120

000409581
66
000411251

000412459
67
000425306

000426807


68
000426975

000430686
69
000430895

000433689
70
000433898

000435816
71
000436025

000439194
72
000439362

000442281
73
000442490

000445409
74
000445618

000447577
75
000447787

000451290
76
000451791

000453250
77
000453584

000456253
78
000456462

000500799
79
000503136

000507472
80
000507682

000510934
81
000511144

000512728
82
000512979

000517274
83
000517483

000521445
84
000522155

000525824


85
000526034

000527242
86
000527410

000530579
87
000531664

000533373
88
000539005

000541673
89
000541924

000545344
90
000545595

000549598
91
000550641

000554728
92
000554937

000557773


93
000557982

000559399
94
000601652

000604654
95
000604906

000607282
96
000607450

000611078
97
000618961

000621088
98
000631766

000632766
99
000632975

000634476
100
000634936

000636311
101
000639315

000644444
102
000644862

000647155


103
000649951

000653328
104
000654497

000655705
105
000659710

000703338
106
000705550

000707092
107
000710805

000712556


108
000712765

000714057
109
000716769

000718019
110
000718312

000719896
111
000720940

000722482
112
000722692

000724067
113
000726654

000727821
114
000728823

000730657
115
000730867

000733452
116
000733953

000735954
117
000737999

000742210


118
000742462

000744129
119
000745298

000748675
120
000749177

000751887


121
000753347

000755515
122
000755725

000759728
123
000800771

000801771
124
000801981

000805108
125
000805985

000807861
126
000810323

000812407
127
000812617

000815118
128
000816621

000819706
129
000819916

000824127
130
000824337

000825629


131
000825838

000829341
132
000829550

000832469
133
000832678

000835138
134
000835348

000838099
135
000839018

000842103
136
000842355

000844523
137
000845483

000848026
138
000849111

000851238
139
000851447

000852906
140
000853115

000856868
141
000858371

000859454
142
000859664

000900747
143
000900998

000903124
144
000904335

000907796
145
000908047

000912717
146
000913386

000916680
147
000917348

000918390
148
000918599

000920892
149
000921143

000925939
150
000926148

000930318
151
000931320

000932362
152
000932572

000936199
153
000936450

000940704
154
000940913

000943456
155
000943666

000945500
156
000945710

000947127
157
000952842

000954843
158
001000016

001001016
159
001002184

001004060
160
001004312

001008356
161
001010026

001013403
162
001014071

001018992
163
001019201

001023246
164
001023956

001026583
165
001026834

001028335
166
001028544

001030837
13
167
001032923

001035842
168
001036052

001038011
169
001038220

001040430
170
001040640

001041973
171
001042975

001045977
172
001046187

001047687
173
001049398

001053193
174
001053402

001055779
175
001102244

001106373
176
001107333

001109501
177
001110920

001113421
178
001113631

001115715
179
001117510

001120762
180
001120971

001124349
181
001126936

001129729
182
001129939

001132482
183
001132733

001134693
184
001134902

001137278
185
001137530

001140448
186
001141283

001145036
187
001145246

001148915
188
001151210

001153086
189
001153295

001154963
190
001159343

001200802
191
001202012

001204347
192
001206308

001208101
193
001212148

001213606
194
001217945

001221072
195
001231375

001234669


196
001235254

001239299
197
001239508

001241926
198
001243012

001245305
199
001245598

001248475
200
001248726

001251227
201
001251437

001253480
202
001253689

001258234
203
001258444

001301112
204
001301280

001304532
205
001304742

001308036
206
001308204

001309788
207
001309955

001312207
208
001312416

001314751
209
001315002

001318880
210
001319131

001321591
211
001323427

001325011


212
001344532

001345949
213
001346158

001349494
214
001356168

001358670
215
001359004

001400588
216
001400881

001403174
217
001403467

001404759
218
001406303

001408513
219
001408764

001411224
220
001414562

001416938
221
001419984

001423111
222
001426073

001427448
223
001431245

001433788
224
001434039

001436666
225
001436834

001441671
5yearold
226
001441922

001446467
227
001450848

001455310
228
001455519

001458354
229
001459064

001501399
230
001502610

001506237
231
001508115

001510033
232
001510200

001512035
233
001512202

001514495
234
001514705

001516956
235
001519001

001520835
236
001521670

001523338


237
001524924

001526966
238
001527217

001530136
239
001532097

001533264
240
001533474

001536559
241
001536810

001539687
242
001539897

001544442
243
001545486

001547362
244
001547947

001549447
245
001549698

001552158
246
001554536

001556829
247
001557373

001600083
248
001601085

001602293
249
001602544

001604337
250
001611095

001614931
251
001615182

001617725


252
001617935

001623064
253
001624233

001627902
254
001628112

001631906
255
001632157

001633866
256
001638122

001640039
257
001640249

001642041


258
001643252

001646170


259
001646380

001648715
260
001650217

001655346
261
001656682

001657807
262
001701770

001704939


263
001708152

001710278


264
001710529

001714115
265
001716452

001717869
266
001719621

001722457
267
001724626

001726210
268
001727463

001730173
269
001730841

001731883
270
001733385

001734427
271
001736847

001738973
272
001739183

001740808
273
001744938

001747523
274
001748400

001750401
275
001750861

001752070
276
001759328

001801037
277
001801246

001804332
278
001806293

001808419
279
001809046

001810630
280
001815427

001817136
281
001817346

001818554
282
001820390

001822767
283
001823018

001825645
284
001826271

001828147
285
001830109

001832110
286
001832528

001837115
1999
287
001844915

001846833
288
001847042

001851838
289
001852089

001855258
290
001855676

001856968
291
001857219

001859428
292
001859680

001904433
293
001904643

001905768
294
001906186

001908396
295
001909481

001913025
296
001913277

001916445
297
001916697

001919031
298
001919408

001922827
299
001923078

001926330
300
001926540

001930501
301
001930752

001932503
302
001934965

001936507
303
001938719

001940386


304
001959198

002000865
305
002001116

002006245
306
002006538

002008039
307
002009374

002013878
308
002014671

002016839
309
002017090

002018925
310
002019968

002022637
311
002025641

002027308
312
002028769

002030853
313
002042532

002043616


314
002043825

002048079


315
002048288

002050957
316
002051124

002052833
317
002053627

002057171
318
002057422

002059173
319
002059383

002102009
320
002102219

002103886
321
002104137

002106597
322
002106848

002109517
323
002110894

002114272
324
002114523

002116315
325
002118568

002119610
326
002119861

002122613
327
002122906

002123906
328
002124074

002126575
329
002127911

002131080
330
002131248

002132248