1
000003294

000004420


2
000004587

000008924
3
000009092

000011635
4
000011845

000014638
5
000015515

000017433


6
000018560

000020102
7
000020311

000023313
8
000024274

000025524
9
000026109

000029403
10
000029863

000030988
11
000031197

000033824
12
000034034

000036660
13
000036870

000038120
14
000038413

000041707
15
000042000

000045127
16
000047839

000049298
17
000049507

000051717
18
000055472

000058223
19
000103229

000104688
20
000105565

000108067
21
000109486

000111737
22
000111946

000114156
23
000114407

000116533
24
000209504

000213340
25
000213550

000215592
26
000215802

000218804


27
000219472

000222432
28
000222851

000224768
29
000224978

000228772
30
000232318

000235404
31
000235655

000237489
32
000237740

000240325
33
000240535

000242661
34
000243413

000244955


35
000247333

000250502
36
000251880

000252921
37
000254215

000255257
38
000255466

000258343
39
000259012

000300888
40
000303850

000304892


41
000305143

000308770
42
000309022

000312357
43
000312567

000314985
44
000315195

000317404
45
000317614

000320199
46
000323536

000326079
47
000326331

000328123
48
000328917

000330000
49
000331711

000333378
50
000334255

000337382
51
000337759

000340385
52
000340595

000343972
53
000344224

000347184
54
000348102

000350646
55
000350855

000352731
56
000353399

000354441
57
000358029

000400572
58
000400782

000404409
59
000404619

000405953
60
000407372

000409206
61
000409374

000411291
62
000412001

000415671
63
000415838

000418715
64
000421386

000423387


65
000423638

000425097
66
000425348

000429059
67
000429310

000431395
68
000431604

000433105
69
000433773

000435399
70
000435566

000438151
71
000438361

000440696
72
000442407

000445284


73
000445994

000448453
74
000448705

000451039
75
000451207

000454751
76
000458172

000500132
77
000500383

000502968
78
000503928

000506763
79
000514564

000515605
80
000516232

000518025
81
000518735

000521570
82
000521779

000525532
83
000525783

000527409
84
000528286

000530871
85
000531080

000533665
86
000535126

000537669
87
000537879

000540756
88
000541132

000543050
89
000543676

000545385
90
000546554

000548555
91
000551267

000553518
92
000553728

000556730
93
000556898

000558357
94
000558566

000600567
95
000601903

000603737
96
000603988

000605572


97
000608117

000610786


98
000611245

000615582
99
000617001

000618043
100
000618503

000620087
101
000620880

000623924
102
000625551

000628428
103
000628679

000630722
104
000630932

000631973
105
000632141

000634976
106
000636396

000637437
107
000640149

000641191
108
000641651

000642943
109
000645279

000647489
110
000647990

000649449
111
000649659

000654371
112
000656707

000659584
113
000659836

000700961
114
000702380

000705674
115
000705883

000707926
116
000708594

000710679


117
000717311

000718854
118
000719021

000721523
119
000721732

000724734
120
000724986

000728613
121
000728781

000731283
122
000734036

000737998
123
000738249

000742085
124
000742295

000744379
125
000746799

000749468
126
000749635

000752971
127
000758060

000759186
128
000759479

000801104
129
000801564

000804232
130
000804442

000807569
131
000808613

000810655
132
000811824

000815410
133
000815578

000816786
134
000816954

000821583
135
000822376

000824044
136
000824253

000825295
137
000827882

000832177
138
000832845

000834804
139
000838684

000841019
140
000845983

000850320
141
000850780

000852906
142
000853157

000855116
143
000856077

000857118
144
000857328

000858912
145
000903459

000904793
146
000905002

000907254
147
000907421

000908505
148
000908756

000911841
149
000914345

000915971
150
000916514

000918473
151
000918683

000920350
152
000923396

000924646
153
000929110

000933488
154
000933698

000935365


155
000936200

000938076


156
000939120

000940996
157
000945876

000947877
158
000951591

000952882
159
000953092

000955719
160
000955928

000957929
161
000958139

001002183
162
001002393

001004811
163
001005271

001007355
164
001007565

001009816
165
001011569

001015572
166
001017783

001019951
167
001020161

001021286
168
001021495

001023204
169
001023372

001024414
170
001024624

001027959
171
001029295

001031796
172
001032006

001033298
173
001033549

001037135
174
001039055

001040096
175
001045936

001047854
176
001050274

001051816
177
001052068

001053818
178
001054028

001055820
179
001057323

001058615
180
001100701

001103203
181
001103412

001105288
182
001108501

001112545
183
001112755

001115131
184
001115341

001119427
185
001119595

001120637
186
001122598

001125850
187
001126018

001130522
188
001133734

001134901
189
001138447

001140031
190
001140282

001142158
191
001142368

001144035
192
001146997

001148498
193
001152086

001154421
194
001158050

001159592
195
001202096

001203596
196
001203848

001205765
197
001206767

001208935
198
001209645

001210729
199
001211397

001214149
200
001215860

001218236
201
001219321

001220697
202
001223784

001225201
203
001225453

001227871
204
001228080

001231624
205
001231876

001236755
206
001238466

001242093
207
001243637

001245722


208
001246056

001249768
209
001250019

001251269
210
001251520

001252604
211
001254273

001255857
212
001256859

001300820
213
001303991

001305283
214
001305493

001307494
215
001308204

001309662
216
001312541

001314167


217
001314335

001317086
218
001317922

001319380
219
001320257

001322926
220
001323344

001324594
221
001328516

001331267
222
001334730

001336981
223
001337191

001339067
224
001339276

001340860
225
001341070

001343029
226
001343239

001345240


227
001348410

001350036
228
001352998

001355458
229
001356502

001359671
230
001402758

001404884
231
001405135

001407762
232
001410766

001413810
233
001414812

001415895


234
001416105

001419023
235
001419275

001420567
236
001420776

001422485
237
001423028

001424445


238
001424655

001426573
239
001426907

001430118
240
001430578

001432161
241
001434039

001435123
242
001439920

001443423
10
243
001443632

001445383
244
001446218

001448011


245
001448929

001450680


246
001455060

001458021
31
247
001458188

001459230
248
001503611

001504652
249
001504820

001508239
250
001509658

001511492
251
001511744

001513578
252
001517875

001522086
253
001524381

001526424
254
001527176

001528301
255
001528552

001530345
256
001532097

001533348
257
001533557

001535892
258
001536268

001538478
259
001539188

001540229
260
001540397

001541856
261
001543442

001545485
262
001548322

001549697
263
001550032

001551699
264
001553535

001555536
265
001556205

001557455
266
001557665

001559040
267
001602544

001604504
268
001604755

001607048
269
001607257

001610593
270
001618352

001619769
271
001620479

001623106
272
001623983

001627485
273
001628529

001630405
274
001634034

001638579
275
001639456

001641541
276
001646005

001647922
277
001652136

001653678
278
001655681

001658141
279
001659476

001703146
280
001703397

001705440
281
001705649

001707316
282
001708777

001711779


283
001711989

001714407
30
30
284
001714908

001716075
285
001716410

001717452
286
001718412

001719579
287
001734511

001736095
288
001736305

001737722
289
001739058

001740892
290
001744521

001746522
291
001753906

001755907


292
001800245

001803206
293
001804083

001806417
294
001806627

001809253
295
001812132

001816344
296
001816595

001818221
297
001818430

001822183
298
001822684

001826729
299
001827689

001830274
300
001832903

001836405
301
001837366

001841327
302
001841537

001844247
303
001847251

001848793
304
001849920

001853256


305
001853423

001854924
306
001855134

001858261


307
001859471

001901931


308
001902099

001904934
309
001908480

001910356


310
001915320

001916737
311
001916989

001919949


312
001921618

001922660
313
001922870

001924203
314
001924621

001928082
315
001928750

001931627
316
001932379

001935256
317
001935883

001937925
318
001938510

001940261
319
001942264

001944140
320
001946935

001950605
321
001951148

001952523
322
002013587

002015630
323
002016673

002020426
324
002026725

002029477
325
002029686

002031687
326
002035525

002038152
327
002039404

002042531
328
002045827

002048579
329
002050457

002054001
330
002059716

002101509
331
002102803

002104637
332
002106348

002107556
333
002107724

002109725
334
002118193

002120278
335
002136128

002139797
336
002140007

002141132
337
002143051

002145177
338
002145387

002147471
339
002149182

002152685
340
002152894

002154437
341
002155397

002158232
342
002159860

002200901