1
000003795

000006547
2
000006923

000009174
3
000009384

000012261
4
000012762

000015264


5
000015473

000017975
6
000018184

000020686
7
000022230

000025024
8
000026526

000028027
9
000028820

000031739
10
000031948

000034199
11
000034409

000037077
12
000037871

000041081
13
000041332

000042833
14
000043001

000044043
15
000044669

000048255
16
000049257

000050466


17
000050675

000052718


18
000052886

000054553


19
000054888

000056513
20
000056765

000102186
$60000
21
000102395

000104188
22
000105356

000107191
23
000108193

000109735
24
000110445

000113530
25
000114407

000117409
26
000119120

000121538
27
000121748

000124666
28
000124834

000125918
29
000126252

000128420
30
000128588

000130547


31
000131674

000133675
32
000133885

000137096
33
000137305

000138889
34
000228398

000231817
35
000232026

000234027
36
000234237

000238323
37
000238533

000239700
38
000241619

000243537
39
000244873

000246707


40
000247167

000249543
41
000250837

000253088
42
000253756

000254840
43
000255216

000256717


44
000256885

000301555
45
000302140

000304808
46
000305018

000307811
47
000308021

000311857
48
000312317

000314526
49
000314986

000316445


50
000318364

000320073


51
000320283

000322159
52
000327207

000332336
53
000336925

000339635
54
000341137

000342179
55
000342388

000345390


56
000347310

000350896
57
000351105

000353857
58
000354067

000355150
59
000355360

000357194


60
000357403

000359488


61
000401449

000403075
62
000403284

000406703
63
000407247

000410499


64
000411626

000414544
65
000415380

000417381


66
000419008

000420759
67
000421010

000424554
68
000426599

000429518
69
000430270

000431561
70
000432480

000433772
71
000434482

000436108
72
000436317

000438235
73
000440488

000442531
74
000442782

000444992
75
000445493

000446994


76
000447203

000450914
77
000500425

000502467
78
000504345

000506179
79
000507849

000510767
80
000510977

000513478
81
000514314

000516106
82
000516316

000517899


83
000519319

000523905
84
000524115

000526491


85
000526701

000529036


86
000529746

000530954


87
000532832

000535459
88
000535668

000537252
89
000537462

000542924
90
000543134

000548055
91
000552101

000553143
92
000553353

000555228


93
000555480

000558023
94
000558232

000600650
95
000606991

000609242
96
000609452

000611036
97
000611245

000613205


98
000613581

000614664
99
000614874

000617542
100
000618086

000619878


101
000620046

000621463
102
000621672

000623757
103
000623925

000626176
104
000626386

000629221
105
000629555

000631139
106
000631349

000634309
107
000634519

000636978
108
000637188

000638522
109
000638731

000640524


110
000643486

000644778
111
000702839

000704005
112
000728197

000732284
113
000732452

000735537
114
000735788

000737164
115
000737373

000739958
116
000740126

000742502
117
000742712

000745297


118
000745798

000746965
119
000749051

000750719


120
000750928

000752262
121
000752472

000755724
122
000755975

000758643
123
000758853

000800979
124
000801189

000805108
125
000805318

000808278
126
000808529

000811156
127
000811657

000812908
128
000813868

000815660
129
000820333

000824252


130
000824462

000827380
131
000827590

000828632
132
000828841

000830967


133
000832094

000835388


134
000839310

000841811
135
000842355

000843980
136
000844190

000847192


137
000847401

000849861
138
000850071

000851613
139
000852573

000854032
140
000855451

000857327


141
000857537

000859371
142
000900039

000901873
143
000902250

000903291
144
000907421

000909005


145
000909215

000910257
146
000912426

000916012
147
000917223

000918265
148
000918474

000920183


149
000920351

000922143
150
000922979

000924020
151
000924188

000925605


152
000927233

000928733
153
000930236

000932070
154
000932238

000934364
155
000935908

000937951
156
000938202

000942539
157
000942999

000946334
158
000947753

000951256
159
000952466

000953508
160
000953718

000955051
161
000955261

000958680
162
000958931

001003685
163
001006314

001009524
164
001020328

001021870
165
001022079

001025832
166
001026042

001027792
167
001028002

001033131
168
001033382

001035800
169
001036052

001038678
170
001038929

001041973
171
001042683

001044267
172
001044477

001048563
14
173
001048856

001051107
174
001051317

001054653
28yearold
175
001058199

001100283


176
001111837

001114047
177
001114215

001116966
178
001117176

001119219
179
001120554

001122555
180
001122765

001123848
181
001124058

001126518
182
001126727

001129145
183
001131607

001133108
184
001133317

001136111
185
001136862

001137987


186
001138155

001139197


187
001139365

001141950
188
001142576

001144077
189
001144870

001148206
190
001148708

001150375
191
001150584

001153753
192
001153963

001155213


193
001155423

001156965
194
001157758

001200218
195
001202388

001204055


196
001204265

001205932
197
001211439

001214274
198
001214984

001218027
199
001218738

001221865
200
001222074

001223908
201
001224160

001226828
202
001227037

001228663
203
001229623

001230665
204
001231542

001232917
205
001233127

001235628
206
001235796

001238423
207
001238841

001242260
208
001242511

001245054
209
001247850

001251352
210
001252271

001256357


211
001259361

001301279


212
001301489

001302530
213
001307661

001309329
214
001310456

001311664
215
001312041

001313082
216
001313584

001317295
217
001317546

001321049
218
001321300

001323635
219
001323886

001326137
220
001326347

001327806
221
001328015

001329182
222
001329391

001332101
223
001332311

001335396
224
001336607

001337690
225
001349328

001351913
226
001352456

001355291
457
227
001359505

001400547
228
001400756

001403967


229
001404176

001407595
230
001407805

001408972
231
001410599

001412016
232
001412601

001417188
233
001419191

001422318
234
001423863

001425572
235
001425781

001427782
236
001428033

001430952
237
001431161

001433997
238
001436250

001437500
239
001437710

001440003


240
001443799

001444883
241
001445092

001446301
242
001446510

001449012
243
001453475

001455143
244
001455352

001457145
245
001457354

001501190
246
001501817

001503651
247
001504111

001506070
248
001508699

001511784
249
001512036

001515121
250
001515289

001520376
251
001523213

001524923
252
001525132

001527592
253
001527760

001532138
254
001537853

001539729
255
001539980

001541731
256
001541899

001544150


257
001544318

001545443
258
001547321

001550323


259
001550574

001552200
260
001555329

001556621
261
001556872

001559123
262
001600417

001603461
263
001604463

001605672
264
001607549

001608675
265
001610511

001613262
266
001614974

001616975


267
001618268

001620144
268
001620312

001622105
269
001627528

001628820
270
001630614

001632949
271
001633409

001635368
272
001635619

001638371


273
001638580

001640790
274
001642876

001648297
275
001651218

001654762
276
001659309

001705398
277
001707609

001708985
278
001709194

001711446
279
001711655

001713239
280
001714324

001717243
281
001720497

001723249
282
001723417

001725501
283
001726045

001727420
284
001727671

001729589
285
001736513

001738097
286
001738307

001742310
287
001743604

001744645
288
001745105

001746522
289
001748025

001752445
290
001752654

001755156
291
001755365

001757617


292
001758994

001800870
293
001809755

001814383
294
001816345

001817512
295
001819306

001822725
296
001822893

001826604
297
001827648

001829440
298
001840494

001844038
299
001845374

001846833
300
001847042

001849752


301
001849962

001852004
302
001852214

001853714


303
001853882

001854924
304
001855134

001856300
305
001856468

001858177
306
001858387

001900513
307
001901974

001904809
10
308
001905018

001907687
309
001908939

001910690
310
001910899

001912191


311
001912401

001913943
312
001918615

001920783
313
001923120

001927123
314
001927374

001930626
315
001930836

001932837
316
001933046

001935298
317
001935507

001937258
318
001937509

001940553


319
001940762

001941846
320
001943015

001944765
321
001945017

001946601
322
001950772

001953316


323
001953525

001955651
324
001955819

001956944
325
001957112

002001908


326
002003160

002004827
327
002005037

002006662
328
002008999

002011042
329
002011793

002013586
330
002031146

002033439
331
002042908

002045159
332
002045369

002048162


333
002048372

002050748
334
002051291

002053376
335
002053627

002055419
336
002056129

002058714
337
002100092

002103302
338
002103637

002106305
339
002106556

002109308
340
002109559

002112520
341
002113355

002115940
342
002116942

002118484
343
002118735

002121153


344
002122197

002125616
345
002132291

002133457
346
002133667

002137128
347
002137379

002140214
348
002140424

002144135
349
002145220

002147555
350
002149641

002151809
351
002152019

002155604
352
002156189

002158190
353
002200027

002203070