1
000003378

000006422


2
000006589

000009758
3
000010552

000011760
4
000012012

000014430


5
000014597

000016557
6
000018435

000021020


7
000022605

000024606
8
000024774

000025941


9
000026234

000028777
10
000028945

000030362
11
000030530

000033407


12
000035285

000039413
13
000042292

000043709
14
000043877

000047171


15
000047422

000049798
4th
16
000050133

000055137
17
000055346

000059099
18
000059309

000101643
19
000102645

000105606
20
000105815

000108275
21
000148900

000150901
22
000151194

000154905
23
000155198

000157032


24
000157200

000159451
25
000159619

000203122
26
000203373

000205541
27
000205708

000208335
28
000208503

000212589
29
000213508

000214925
30
000215135

000219721
31
000220014

000222224
32
000222433

000226103
33
000227564

000228897
34
000229065

000232734
35
000232944

000235154
36
000237407

000238907
37
000239117

000242286
38
000245415

000249626
39
000251421

000255591
40
000259929

000301930
41
000302098

000303724
42
000303892

000308103
43
000308313

000310606
44
000310857

000312733
6th
45
000314235

000318572
46
000320617

000322993
47
000323786

000327873
48
000328124

000331293
49
000331461

000333587


50
000333796

000336131
51
000337091

000341470
52
000341721

000344973
53
000346434

000347893
54
000348061

000351355
55
000352315

000354816
56
000354984

000356652


57
000356861

000359404


58
000359656

000402658


59
000406996

000410332
60
000412168

000416004


61
000416172

000417673
62
000418341

000421927
63
000422387

000424680
64
000425556

000429059
65
000429269

000431561
66
000431854

000435274
67
000436359

000437359
68
000438069

000441863


69
000442156

000445075
70
000456879

000457921
71
000459299

000501258
72
000503428

000506179
73
000519777

000521987
74
000524574

000526783
75
000529579

000531913
76
000541591

000546303
77
000546596

000547846
78
000549140

000551433
79
000551642

000553602
80
000553811

000558023
81
000558191

000602944
82
000603780

000605781
83
000619295

000621463
84
000621798

000623298
85
000626135

000629805


86
000631307

000634267


87
000635478

000638480
88
000638815

000641191
89
000641401

000643068
90
000646864

000649408
91
000650034

000653870
92
000654080

000657499
93
000657792

000659501
94
000659669

000702671
95
000702880

000707175
96
000710054

000712055
97
000712432

000716309
98
000718521

000719688
99
000720273

000721690
100
000722066

000725068
101
000727238

000729322
102
000732618

000735454
103
000741377

000742878
104
000743921

000745380
105
000748050

000749718
106
000750386

000751386
107
000754348

000757601


108
000758561

000801605
109
000801856

000803732
110
000803900

000805734
111
000805902

000807444
112
000807612

000810906
113
000811115

000815952
114
000816245

000820081
115
000820291

000824294
116
000826797

000828465
117
000850196

000854115


118
000854325

000858286


119
000858663

000901456
120
000901791

000903667
121
000904418

000905794
122
000907797

000910173
123
000915721

000919140
124
000926023

000928066
125
000928234

000929734
126
000929986

000932195
127
000933239

000935490
128
000935700

000937867


129
000938077

000940328
130
000942623

000943999
131
000944166

000948503
132
000951507

000953258
133
000954343

000957220
5th
134
000957471

000959097
135
001000725

001003101
136
001003352

001006980
137
001012278

001014904


138
001015197

001017699
139
001017867

001021119
140
001025207

001028168
141
001028336

001029711
142
001029879

001032839
30
143
001033007

001035675
23
144
001035843

001038178
145
001038346

001040430
146
001043059

001044934
147
001045144

001047228
148
001047396

001049898
149
001052652

001054277
150
001054445

001056780
151
001058366

001102577
152
001102745

001104871
153
001105081

001108083
154
001108250

001110085
155
001110294

001113963


156
001114256

001117425
157
001117677

001119094
158
001143786

001147622
159
001148624

001150542
160
001200219

001202178
161
001228164

001230999
162
001231208

001232333
163
001232501

001236671
164
001236839

001239215
165
001239508

001244220
166
001245014

001246347
167
001248684

001249934
168
001250102

001252228
169
001253647

001255607
170
001257026

001301738
171
001301989

001305492
172
001306702

001310663


173
001310831

001314709


174
001314919

001317712
175
001317922

001320799
176
001321050

001327514
177
001327723

001329432
178
001334897

001336439
179
001336649

001340819
180
001341070

001344739
181
001346659

001348576
182
001348786

001350286
183
001350538

001352539


184
001352748

001353790
185
001405803

001408638


186
001408848

001411766


187
001411934

001414853
188
001415020

001417939
189
001418107

001421067
190
001422194

001425446
191
001425614

001427448
192
001428951

001432662
193
001432872

001437125
194
001437334

001441337
195
001443799

001447302
196
001447469

001451389
197
001451640

001454058
198
001454226

001457520
199
001457813

001459355
200
001502109

001506112
201
001506322

001510742
202
001511994

001514162
203
001514371

001516664
204
001518500

001521836
205
001522046

001524672
206
001533223

001535683


207
001537436

001540188
208
001540356

001544651
209
001545361

001548780
210
001549573

001550698
211
001551033

001552867
212
001553452

001556788
213
001601543

001604545


214
001607049

001610051
215
001610260

001612470
216
001616475

001620269
217
001620688

001623898
218
001624108

001627735
219
001629196

001630238
220
001630406

001634701
221
001635744

001636953
222
001638414

001642417
223
001644962

001646754
224
001647756

001649257
225
001649466

001651843
226
001652094

001654762
227
001654930

001657098
228
001657307

001700226
229
001700811

001703813
230
001704023

001706774
231
001707026

001710111
232
001710320

001714532
233
001716785

001720538
$80
234
001720789

001724000
235
001724293

001727253
236
001727463

001728755
237
001728922

001731674
238
001733343

001735970
239
001738474

001741392
240
001741769

001744979
241
001747149

001749525


242
001756700

001758993


243
001759369

001801287
244
001802706

001804165
245
001804333

001809337
246
001809546

001812507
247
001812841

001814926


248
001817012

001818596
249
001818764

001824352
250
001825354

001829190


251
001831026

001833986
252
001834154

001837365
253
001837616

001840952
254
001841203

001843329
255
001843705

001846124
256
001848252

001850086
257
001850587

001853214
258
001853382

001855716
259
001855968

001857343
260
001857553

001901389
261
001902391

001905059


262
001905269

001906936
263
001907104

001910857
264
001912609

001914652
265
001914820

001917655
266
001917906

001920575
267
001920742

001923995
268
001924246

001927081
269
001927374

001931878
270
001932087

001936132
271
001941597

001942889
272
001944099

001946767
273
001947436

001949312


274
001950898

001955610
275
001956778

001959113


276
002000908

002004118


277
002009291

002013127
278
002013420

002015838
279
002018175

002020635


280
002032356

002034065
281
002036026

002039278


282
002040072

002044116


283
002044701

002045743
284
002046370

002047870
285
002048121

002051123
286
002051333

002053209
287
002053418

002056712
288
002056922

002101217
289
002101385

002102885
290
002103845

002107265
291
002108183

002109392
292
002109559

002112186
293
002113981

002118651
294
002118902

002120278
295
002120445

002123698
296
002124741

002127159


297
002127411

002129453
298
002129663

002133332
299
002133834

002137837
300
002138046

002142300
301
002143468

002145303