1
000007465

000008966


2
000012012

000013595
3
000013847

000015472
4
000019352

000021437
5
000028445

000030946
6
000031740

000033073
7
000033283

000035325
8
000037287

000039705
9
000039956

000042291
10
000042500

000043876
11
000048131

000049923
12
000050175

000052634
13
000052927

000054094
14
000055346

000057014
15
000058558

000059975
16
000102687

000106398
17
000106566

000108942
18
000151319

000152361


19
000152529

000155239


20
000155448

000157741
21
000157951

000159034
22
000200703

000201745
23
000201955

000204206
24
000204541

000205999
25
000206209

000207876
26
000208128

000210379
27
000210630

000211797
28
000212048

000213590
29
000213842

000216969


30
000218638

000220806
31
000221015

000223725
32
000223977

000226270
33
000227939

000229857


34
000230233

000232025
35
000232277

000233735
36
000234988

000239199
37
000239409

000242494
38
000242745

000244163
39
000245248

000246748
40
000247000

000248500
41
000248751

000250544
42
000250753

000253505
43
000253923

000255674
44
000257010

000258760
45
000259012

000301889
46
000302140

000304016
47
000304225

000307311
48
000307562

000310022
49
000310273

000311440
50
000313318

000316028
51
000316613

000318572
52
000319616

000321491
53
000321701

000323785
54
000324037

000326038
55
000326289

000328749
56
000329334

000332961
57
000335423

000336465
58
000337008

000338175
59
000339385

000343972
60
000344224

000346767
61
000347769

000349102
62
000349270

000352648
63
000352857

000354942
64
000356069

000359863
65
000400114

000402324
66
000405411

000407037
67
000407664

000411333
68
000412085

000413835
69
000414045

000416380
70
000417840

000420467
71
000421386

000424054
72
000424264

000428392
72
73
000428643

000431561
74
000431771

000433397
75
000433648

000437985
76
000442615

000445409
77
000446661

000447786
78
000449414

000451707
79
000452458

000454668
80
000454877

000459089
81
000459340

000504261
82
000504721

000507973
83
000508182

000510309
84
000510518

000512811
85
000513062

000516440
86
000516649

000517858
87
000518109

000521570
88
000521821

000524614
89
000526159

000528076
90
000528328

000531997
91
000532248

000534750
92
000535001

000538920
93
000539172

000540547
94
000541883

000545552
95
000546804

000548513
96
000558983

000601193
97
000606282

000607324
98
000613456

000614831
99
000623758

000625842
100
000626052

000628512
101
000628763

000630013
102
000630264

000633100
103
000633810

000636061
104
000636729

000638438
105
000638648

000640273
106
000640900

000642943
107
000643152

000645112
108
000649867

000653203
109
000653413

000655163
110
000655498

000657499
111
000657959

000700252
112
000700461

000703338
113
000703548

000704673
114
000707552

000709177
115
000709679

000711721
116
000712140

000713974
117
000715226

000718019
118
000719480

000721314
119
000721524

000722649
120
000722817

000726445
121
000727405

000728572
122
000728781

000731950
123
000732201

000734411
124
000737957

000740125


125
000740501

000743378
126
000743629

000746298
127
000746799

000748383
128
000748885

000751386
129
000752930

000753972
130
000755766

000758059
131
000758561

000801354
132
000801606

000805066
133
000805318

000806776


134
000807820

000810906


135
000811157

000812824
136
000813075

000817078
137
000818664

000819706
138
000835723

000836765
139
000837016

000840310
140
000845358

000847567
141
000850238

000851279
142
000856369

000857577
143
000905628

000907087
144
000910091

000911883
145
000912426

000916721
146
000916973

000918557
147
000919392

000920976
148
000926190

000927983
149
000928234

000929609
150
000931862

000932904


151
000933155

000934239
152
000934448

000936032
153
000936826

000939828


154
000940371

000945250
155
000947670

000949588
156
000953050

000954634
157
000954844

000956094
158
000956262

000958638
159
000958848

001000265
160
001000808

001002100
161
001002852

001004978
162
001006314

001008732
72
163
001008941

001011860
164
001012069

001014237
165
001016282

001017991
166
001019076

001020118
167
001020328

001022704
168
001025875

001030211
169
001030421

001031463
170
001031714

001034215
171
001035635

001038887
172
001039138

001042223
173
001042475

001043558
174
001044560

001045769
175
001047396

001048563


176
001048731

001053401
177
001053611

001054653
178
001058407

001059866
179
001100660

001103745
180
001103954

001106289
181
001106791

001108375
182
001109794

001111378
183
001112546

001113672
184
001121055

001125767
185
001125976

001128812
186
001129105

001131189
187
001131357

001132482
188
001132692

001136569
189
001136821

001137946
190
001138155

001142158
191
001142993

001145620
192
001145955

001148998
193
001149208

001150583
194
001150793

001152877
195
001154422

001156589
196
001156799

001200427
197
001200678

001202095
198
001202430

001204097
199
001204348

001208852
200
001211105

001212272
201
001221824

001223992
202
001224243

001225744
203
001226954

001228288
204
001228497

001231499
205
001236547

001238715
206
001246891

001247974
207
001250895

001253521
208
001254064

001255148
209
001256692

001257942
210
001258235

001259652
211
001300321

001301946
212
001304950

001307702
213
001307870

001309120
214
001309455

001310497
215
001314210

001316753
216
001317421

001319923
217
001320174

001323259
218
001323511

001326513
219
001332812

001336231
220
001338317

001339609
221
001339860

001343780
222
001344031

001346491
223
001347618

001348785
224
001349036

001350829
225
001351038

001354165
226
001354375

001356709
227
001356919

001358002
228
001400256

001401548
229
001406053

001407929
230
001408222

001410306
231
001417189

001418898
232
001419817

001423361


233
001423529

001427824
234
001428075

001429868

235
001430077

001432954
236
001433205

001436624
237
001437042

001439002
238
001439253

001441045
239
001441547

001444799
240
001446176

001448887

241
001449680

001451264
242
001451807

001452849
243
001454268

001456519
244
001456854

001459731
245
001459982

001502901
246
001504737

001508698
247
001509867

001511951
248
001513746

001515496
249
001515706

001518875
250
001519126

001522253
251
001522504

001524964
252
001526175

001528676
253
001529011

001531763
254
001532473

001534265
255
001541273

001543608
256
001544902

001548696


257
001549865

001553660
258
001553869

001556245
259
001558707

001603211
260
001603420

001604712
261
001604964

001609384
262
001609593

001610677
263
001612054

001614555


264
001614807

001617141
265
001617351

001619394
266
001619603

001621604
267
001624608

001627193
268
001627361

001628695
269
001628862

001632407
270
001635202

001636244
271
001636495

001638997
272
001639540

001643167
273
001643377

001645503
274
001646630

001650425
275
001650634

001652468
276
001654430

001656264
277
001658434

001659475
278
001700060

001701811
279
001716660

001718119
280
001719371

001720413
281
001720664

001722498
282
001724460

001727170
283
001727963

001729505
284
001731008

001735011
285
001735220

001736888
286
001737139

001740016
287
001740642

001741934
288
001742144

001744729
289
001744980

001747732
290
001748525

001750026
291
001750235

001751527
292
001753030

001755239
293
001755491

001756908
294
001757868

001759702
295
001805834

001809087
296
001819306

001821974
297
001822726

001823976
298
001824895

001826938
299
001833487

001836364
300
001839076

001841327
301
001841912

001843412
302
001843664

001844956
303
001847626

001849585
304
001849878

001851879
305
001852131

001853256
306
001853507

001854715
307
001855050

001857426
308
001857678

001901180
309
001901431

001906144
310
001908939

001912275
311
001916530

001918948


312
001919658

001922743
313
001926248

001928457
314
001929877

001932920
315
001935591

001937717
316
001941054

001943264
317
001946560

001949729
318
001952024

001953357
319
001955485

001956652
320
001956820

002000448
321
002002701

002004243
322
002004494

002006287
323
002006496

002010249
324
002012961

002014921
325
002019426

002020843
326
002021678

002026015
327
002026225

002027350
328
002027559

002029977
329
002031730

002033314
330
002033523

002036776
331
002037736

002039237
332
002041823

002045618


333
002047579

002048955
334
002051124

002053501


335
002054086

002055127
336
002055337

002057296
337
002058423

002100299
338
002100509

002102093
339
002102302

002103386


340
002104346

002105388
341
002105555

002106722
342
002107182

002109100
343
002109309

002111310
344
002111520

002113396
345
002113981

002116148
346
002117609

002120528
347
002121989

002124407
348
002124658

002127159
349
002127411

002128703
350
002129288

002131205
351
002136670

002139380
352
002139589

002141882
353
002149016

002153144
354
002153353

002156564
355
002157107

002159275
356
002200110

002201569
357
002201737

002203362

