1
000004212

000006797
2
000006965

000009967
3
000010135

000013262
4
000013430

000018892
5
000020770

000024815


6
000024983

000026066
7
000027444

000028944
8
000029154

000031989


9
000032157

000034491
10
000034659

000036493
11
000036661

000039830
12
000040040

000042708


13
000042876

000045919


14
000046129

000047588


15
000047756

000050841


16
000055263

000057347
17
000057640

000100309
18
000100477

000102436
19
000102604

000104772
20
000105273

000107316
21
000107484

000108734
22
000109110

000111070
23
000111905

000115324


24
000115617

000117701
25
000212298

000215467
26
000215635

000219012
27
000219180

000223809
28
000224185

000226353
29
000227647

000229815


30
000229983

000233318
31
000233486

000236738
32
000236906

000239908
33
000240076

000242661
34
000243997

000246123
35
000246291

000248917
36
000250211

000252254
37
000253173

000255465
38
000255633

000257759
39
000257927

000300095
40
000300263

000303098
41
000303308

000308729
42
000311149

000312691
43
000314444

000316695
44
000316905

000319281
45
000319490

000321783
46
000322452

000324119
47
000324287

000327247
48
000327415

000329958
49
000330126

000333253
50
000334047

000337049
51
000337217

000339635
52
000339844

000344097


53
000345975

000347684


54
000347894

000351313
55
000352273

000356151
56
000356361

000400656
57
000400823

000403742
58
000403910

000407537
59
000410708

000414670
60
000414837

000417881
61
000419467

000422844
62
000423012

000427474
63
000427642

000430143
64
000430895

000436775
65
000438611

000444658
66
000445326

000451999
67
000454002

000456837
68
000502093

000504303
69
000505221

000507764
70
000507932

000511393
71
000511894

000514104
72
000514272

000516231
73
000517108

000519651
74
000519819

000523196


75
000523406

000525866
76
000527076

000531496
77
000531664

000532998
78
000533875

000535876
79
000536044

000538170
80
000538338

000541131
81
000541299

000543175


82
000543343

000547304
83
000547555

000551975


84
000552143

000555145
85
000555355

000557564
86
000557774

000600817
87
000601652

000604404
88
000604572

000606740
89
000606908

000610160
90
000610328

000613121
91
000614832

000617250


92
000618878

000622506


93
000622673

000623965
94
000624133

000627928


95
000628888

000633266
96
000634811

000637312
97
000640191

000642442
98
000643111

000647364
99
000647573

000651701
100
000654414

000657499
101
000659085

000702462
102
000705591

000708218
103
000708428

000710887
104
000711055

000715434
105
000718020

000723150


106
000723943

000727028
107
000727196

000730073
108
000732076

000735036
109
000736873

000739583
110
000740918

000742878
111
000743045

000749259
112
000749469

000750969
113
000751179

000752888
114
000755558

000802105
115
000802273

000806109
116
000807653

000810197


117
000810907

000814034
118
000815912

000818788
119
000819207

000821208
120
000821375

000825170
121
000826797

000833470
122
000834805

000838558
123
000838726

000841019
124
000842271

000844356
125
000844774

000846733
126
000846943

000849653
127
000850112

000853657
128
000854617

000856159
129
000856369

000859496
130
000859664

000902290
131
000902500

000905001
132
000905211

000906670


133
000906879

000909589
134
000909757

000911258
135
000911467

000915512
136
000918641

000922477
137
000922895

000926856
138
000927024

000931361
139
000933114

000935156
140
000935658

000940996


141
000941998

000946126


142
000948296

000950505
143
000950673

000952882
144
000953092

000955302
145
000957805

001001182
146
001001350

001005395
147
001005563

001007981


148
001008149

001012861


149
001013571

001017741


150
001017908

001020201
151
001020620

001024414
152
001024582

001027876
153
001028085

001029252
154
001031756

001034090


155
001034258

001036051
156
001036260

001037761
157
001040598

001043266
158
001043476

001046061
159
001046312

001049105
160
001049357

001052025
161
001052902

001055403
162
001055571

001059366
163
001059575

001102661


164
001102828

001106623
165
001107833

001111544


166
001111754

001114589


167
001115675

001118718
168
001118928

001121971


169
001122139

001124641


170
001128688

001132065
171
001133150

001135819
172
001135986

001137654
173
001138989

001141157
174
001142535

001144327
175
001144537

001147497
176
001147707

001149040
177
001149208

001151710
178
001151919

001153378
179
001155464

001158091
180
001158300

001200552


181
001200761

001202011
182
001202304

001205014


183
001205182

001207892


184
001214567

001218069


185
001218279

001221322
186
001221490

001223867
187
001224243

001226745
188
001226912

001230540
189
001232501

001235587
190
001235755

001239591
191
001246265

001249809


192
001250019

001252645
193
001252813

001256858
194
001257818

001302405


195
001303407

001306993


196
001307203

001309078
197
001309330

001311873
198
001313000

001317212


199
001317379

001320507
200
001320716

001323927
201
001324136

001326346
202
001326514

001329182
203
001330309

001334771
204
001334939

001338566
205
001341153

001346574
206
001348452

001351246
207
001351413

001354457
208
001355000

001357252
209
001357419

001401005
210
001401173

001404425
211
001405845

001408429
212
001409640

001411015


213
001411183

001414185
214
001421986

001424612
215
001424780

001427240


216
001427992

001431828


217
001432955

001435999


218
001436166

001439419
219
001441171

001443214
220
001449555

001451347


221
001451557

001453933


222
001454101

001459314


223
001500733

001502400


224
001502568

001504110
225
001513037

001514662
226
001514872

001518041
227
001519418

001522503


228
001522671

001525340


229
001525507

001527008


230
001527176

001529260
231
001533140

001537185
232
001537394

001540021
233
001541982

001544400
234
001545778

001547820
235
001547988

001551616
236
001553702

001557956
237
001558123

001600416
238
001600626

001605588
239
001605756

001612053
240
001614515

001618810
241
001618978

001622146
242
001622314

001626025
243
001628821

001630571
244
001631490

001633783
245
001633993

001637787


246
001637997

001640039
247
001641083

001643292


248
001646755

001649465


249
001651093

001653428
250
001653595

001656389

251
001656598

001658891
252
001659101

001701602
253
001701937

001703146


254
001703313

001705023
255
001705232

001709444
12
256
001710821

001712488
257
001712656

001714490
258
001715242

001717160
259
001718829

001722623


260
001722833

001725376
261
001732634

001734677
262
001736889

001739015
263
001741310

001743144
264
001744438

001746731
265
001747357

001751152
266
001751320

001754405
267
001754615

001756824


268
001758744

001801454
269
001801622

001806250
270
001807169

001811172


271
001812883

001815009
272
001815177

001819305
273
001819473

001823142
274
001823310

001825269
275
001825854

001828314
276
001830734

001835113
277
001835322

001839075
278
001839243

001843412
279
001844623

001846874


280
001847042

001851087


281
001851255

001852713
282
001854466

001857260


283
001857427

001901097
284
001901306

001905768
285
001905936

001909605
286
001909773

001913651
287
001913819

001918114
288
001923412

001925246
289
001925789

001928708
290
001929209

001931377


291
001932671

001935381
292
001935549

001938009
293
001938510

001940761


294
001942598

001946726


295
001959156

002005119


296
002005329

002006787
297
002009625

002012043
298
002012252

002014003
299
002015214

002020468


300
002020636

002022220
301
002023013

002026098
302
002026266

002028768
303
002028936

002033022
304
002034107

002035566
305
002035734

002038569
306
002041281

002043532


307
002043700

002045660


308
002045827

002049372
309
002051458

002055461


310
002055629

002057380
311
002057547

002100841


312
002102094

002103928
313
002106473

002110935


314
002111144

002114605
315
002114982

002118526


316
002118735

002122196
317
002122489

002124740
318
002124908

002126200
319
002126410

002131330


320
002131999

002135501


321
002135711

002138879
322
002139798

002141674
323
002141883

002146971
324
002147222

002148306
325
002148515

002151017


326
002151184

002153227


327
002153812

002155771
328
002201611

002205906
329
002207659

002209994
330
002210162

002214165
331
002215334

002217710
332
002217878

002220338
333
002220547

002224342


334
002229556

002232141
335
002232476

002235644
336
002235812

002238397
337
002243820

002247365
338
002247532

002253037
339
002253246

002254747
340
002254915

002256332
20
341
002256625

002259251