1
000013722

000015097
2
000018143

000019476
3
000019936

000021270
4
000021563

000024273


5
000024441

000026400
6
000026568

000028736
7
000028945

000030738


8
000030989

000035200
9
000035910

000036952
10
000037328

000039288
11
000039456

000041957
12
000042167

000044293
13
000044461

000047254
14
000142560

000145229


15
000154322

000157116


16
000157283

000159326
17
000213049

000216718
18
000217095

000218971
19
000219305

000220681
20
000220974

000222975
21
000224686

000226728
22
000228690

000230899
23
000235947

000237030
24
000237198

000241118
25
000241369

000243203


26
000243371

000245205
27
000245373

000248876
28
000249043

000251879
29
000252046

000256258
30
000257802

000300262


31
000302056

000304850
32
000305018

000307477


33
000307770

000308979
34
000312609

000314568
35
000314736

000318113
36
000319240

000321700


37
000321951

000324369
38
000324537

000327748
39
000328124

000330667


40
000331211

000332961
41
000333129

000336089
42
000336257

000338717
43
000339677

000341303
44
000342931

000345182


45
000345433

000351063
46
000355026

000357027
47
000357195

000359238
48
000359405

000401240
49
000401616

000403575
50
000403743

000406119
51
000406287

000407329
52
000407497

000409873


53
000410041

000412376
54
000412543

000415128


55
000415296

000417798


56
000417966

000419675


57
000419842

000422803
58
000425098

000427808
59
000427976

000431937
60
000432188

000433563
61
000434565

000436817
62
000436985

000440529
63
000440697

000444825
64
000445076

000448787


65
000451374

000452416
66
000452792

000455794


67
000455962

000459214
68
000459757

000503218
69
000503386

000504761
70
000506139

000509099
71
000512437

000514980
72
000521362

000525073


73
000525241

000529536


74
000529746

000531830
75
000531998

000535208
76
000535376

000537044
77
000537420

000539796
78
000539964

000542758
79
000542925

000546219
80
000546763

000548722
81
000548890

000552059
82
000552226

000553894
83
000554062

000557856
84
000559150

000601360
85
000603363

000604821
86
000606407

000608408
87
000608618

000612662
88
000615124

000616291
89
000616459

000619294
90
000623466

000625467
91
000625635

000628887
92
000631099

000632432
93
000632600

000636186
94
000637230

000638772
95
000638940

000641233
96
000641401

000643985
97
000644153

000647155
98
000647323

000649825
99
000651744

000654788
100
000656374

000657874
101
000659335

000701586
102
000701838

000704339
103
000704549

000706133
104
000706467

000709761
105
000711013

000713723


106
000714225

000717644
107
000717812

000721398
108
000721566

000723984
109
000724360

000727487


110
000733911

000735662
111
000736289

000737998
112
000738166

000740250
113
000740626

000743879


114
000744714

000745964
115
000746132

000751553
116
000751971

000754097
117
000754265

000756766
118
000757059

000759227
119
000759437

000802647
120
000802815

000804858
121
000806944

000810447


122
000810615

000814117
123
000814368

000816578
124
000816746

000818747
125
000818915

000821583


126
000821792

000825545
127
000828090

000830717
128
000830885

000832969
129
000833346

000835680
130
000835848

000838600
131
000841229

000843688
132
000845233

000846525


133
000846817

000851488
134
000851656

000854115
135
000856244

000858703
136
000858871

000900580
137
000900748

000904125
138
000904335

000908380
7
139
000909924

000911716
140
000913094

000916137
141
000916931

000918098
142
000919225

000924145
143
000924313

000927566
144
000927733

000931403
145
000931654

000934281
146
000934991

000937367
147
000940371

000942038
148
000942248

000946876
149
000947044

000949546
150
000949714

000951131
151
000952008

000956303
152
000956470

001001141
153
001001434

001002851
154
001006063

001009482


155
001012445

001016448
156
001016616

001019909
157
001020202

001024247
158
001025666

001029252


159
001029462

001031588
160
001031756

001034716


161
001034884

001037385


162
001038596

001043516
163
001045686

001049022
164
001049190

001053234
165
001053402

001054903
166
001055321

001056988
167
001059659

001101034
168
001101202

001103328
3
169
001103496

001107123
170
001107291

001110418
171
001110586

001113630
172
001115466

001118051


173
001118219

001122472
174
001128771

001132732


175
001137196

001139447
176
001139615

001144327


177
001146831

001149999
178
001150167

001152252
179
001152628

001154713
180
001154880

001157048
181
001157341

001200719
182
001201220

001202345
183
001202555

001205014
184
001205558

001208268
185
001208436

001209728
186
001211647

001213481
187
001215359

001218903
188
001219071

001223199
189
001223367

001226494
190
001233294

001235420
191
001235796

001237672
192
001241552

001242635
193
001242803

001246264
194
001246599

001247766
195
001251812

001253813
196
001302490

001303531
197
001312333

001314083
198
001314251

001316711
199
001316921

001321883
200
001324303

001326846
201
001327014

001328848
202
001329850

001331351
203
001331602

001335146
204
001335314

001339317


205
001339485

001342529


206
001342696

001345198
207
001347159

001348326
208
001348494

001349744
209
001400881

001404968
210
001405678

001409222


211
001409849

001412350


212
001412518

001415520
213
001415771

001417897
214
001419525

001423319
215
001423487

001429993


216
001430286

001433371


217
001434123

001436165


218
001436792

001442046


219
001442965

001444757
220
001445092

001447051


221
001447761

001450680
222
001450848

001454142
223
001454310

001457687
224
001457855

001502108


225
001502526

001506321
226
001506572

001511075
227
001511410

001513995
228
001514163

001517290
229
001519376

001523796


230
001531138

001534849
231
001535017

001537810


232
001540856

001542190


233
001542358

001544984


234
001545152

001548821

235
001555663

001557997
236
001606715

001608257
237
001610552

001611719
238
001613138

001614180
239
001614431

001616557
240
001616725

001620561
241
001620813

001622605
242
001622982

001626025
243
001626318

001627777
244
001627945

001630947
245
001631490

001633491
246
001635619

001640331


247
001643419

001648965
248
001649133

001652176
249
001652428

001655722
250
001655889

001700309
251
001700561

001702437
252
001702646

001705940
253
001707067

001709027
254
001709278

001712488
255
001714116

001718202
256
001718370

001721831
257
001721999

001725126
258
001728672

001731424
259
001731592

001735511
260
001735679

001739140
261
001744521

001748399
262
001748650

001751444
263
001816595

001819263
264
001819848

001824185


265
001824353

001827939
266
001828315

001830650


267
001831568

001833236
268
001834696

001837657
269
001837825

001840576
270
001840744

001847208
271
001849920

001854298
272
001900764

001903015
273
001904601

001907520
274
001910941

001913651
275
001913819

001915945


276
001916321

001921784
277
001923328

001928249


278
001929877

001931544


279
001931712

001933963
280
001934923

001936382
281
001936550

001938634
282
001938802

001940845


283
001941013

001943681


284
001943849

001947435


285
001947895

001950062
286
001950689

001952523
287
001958113

002001032
288
002001200

002003075
289
002003243

002006412


290
002007164

002009540
291
002011210

002015963
292
002016131

002017298
293
002017466

002019884


294
002020052

002024931
295
002029645

002031729
296
002031980

002037235


297
002039613

002043324


298
002043492

002044825
299
002045285

002047745


300
002047913

002050831


301
002050999

002054627
302
002055087

002057505
303
002058382

002059674
304
002109351

002111352
305
002111520

002113354
306
002117359

002121195
307
002122030

002124991
308
002127327

002131455
309
002133083

002135668
310
002136420

002139755
311
002139923

002143884
312
002147097

002148597
313
002154229

002155896
314
002159151

002202945
315
002203655

002205990
316
002206366

002208409
317
002208577

002210703
318
002211079

002213581
319
002213749

002216083
320
002216251

002219962
321
002220130

002221255
322
002221506

002226927
323
002228388

002231098
324
002231266

002233184
325
002233352

002236228
326
002236396

002237980
327
002238440

002242568
328
002246281

002248366


329
002248533

002250159
330
002257167

002300461
331
002300796

002303506
332
002303757

002305758
333
002306134

002308219
334
002308387

002312014
335
002313350

002316477
336
002316770

002321774
337
002322484

002324151


338
002324319

002325986


339
002327614

002330741
340
002330909

002334370
341
002334579

002336914


342
002337082

002338666
343
002338917

002341752
344
002341920

002345464


345
002348301

002351429
346
002354141

002356600
347
002356768

002358060
348
002359312

002404024
349
002404276

002407445


350
002407654

002410489


351
002410657

002413993
352
002414369

002417663


353
002418123

002419748


354
002419958

002423502


355
002427215

002429133
356
002431970

002434138
357
002434306

002437641
358
002439352

002442313


359
002444191

002450196
360
002450363

002453824
361
002509758

002511342
362
002511635

002515930
363
002516515

002519058
364
002519351

002522186


365
002525941

002529318


366
002529486

002532613
367
002532781

002534740
368
002534908

002538577
369
002538745

002543958
2monthold
370
002544209

002548462
371
002548630

002552174
372
002556263

002559139
373
002600308

002601559
374
002601726

002604520
375
002610068

002612653


376
002612821

002616865
377
002617158

002620369


378
002620537

002626750
379
002629212

002631797
380
002632090

002633632


381
002633883

002638846
382
002641558

002644393
383
002644561

002645728
384
002645979

002648314
385
002651610

002657573
386
002659326

002702620
387
002707542

002708792
388
002709085

002712421
389
002712589

002717343
390
002719554

002721138
391
002721348

002724725
392
002724893

002727811


393
002728063

002731815
394
002731983

002735319
395
002735570

002737321
396
002738073

002741825


397
002741993

002744536


398
002746039

002749625


399
002749793

002754088
400
002802430

002803597
401
002803807

002807101
402
002811731

002813148
403
002813316

002815067


404
002815235

002817277
405
002821282

002823575
406
002826496

002828247


407
002828456

002833752
408
002833920

002837172


409
002838049

002840718
410
002842721

002846098
411
002846266

002848934
412
002849185

002853522
413
002853690

002855983
414
002856151

002900237


415
002903491

002906493
416
002906745

002911540
417
002911750

002915294
418
002915462

002918922
419
002919132

002925262
420
002926389

002927973
421
002928767

002930267
422
002930435

002932060
423
002935648

002938358
424
002938526

002942112
425
002943156

002944198
426
002945241

002948869
427
002949496

002951330
428
002956169

002958587
429
002959047

003001590
430
003001758

003003217
431
003004511

003008430
432
003009891

003013477
433
003015855

003018649
434
003022237

003027825
435
003028326

003029660
436
003031204

003033247
437
003034499

003039711
438
003040797

003042130
439
003044801

003050639
440
003050849

003056770
441
003057063

003100357


442
003102652

003107781
443
003109158

003115372
444
003116708

003118876
445
003127427

003130679
446
003130972

003135851


447
003137729

003141064
448
003143026

003145068


449
003145236

003147029


450
003147655

003150699