1
000004337

000006171


2
000006339

000008882
3
000010468

000012678


4
000013054

000018434
5
000018601

000021520
6
000021688

000024398
7
000027444

000031238
8
000031406

000033991
9
000034159

000037953
6
10
000038121

000039955
11
000040123

000044209
12
000044544

000045878


13
000046463

000049298
14
000049466

000050716
15
000050884

000051925


16
000052093

000054595
17
000054763

000057931
18
000058099

000059433
19
000059601

000102186
20
000102353

000104563


21
000105398

000107483
22
000107650

000109651


23
000109819

000113947
24
000114115

000117951
25
000119579

000122664


26
000125001

000127878
27
000128046

000130380
28
000131299

000133133
29
000133301

000136595
30
000136763

000140015


31
000140600

000142434
32
000225228

000226478


33
000226646

000229606


34
000229774

000233402
35
000233570

000236155
36
000236322

000237614
37
000238324

000240742
38
000241286

000243996
39
000244164

000246665


40
000247000

000248834
41
000249002

000251503
42
000251671

000254089
43
000254257

000256800
44
000256968

000259052


45
000259220

000301597
46
000301764

000303807
47
000303975

000306476
48
000309981

000312482
49
000312650

000316236
50
000316404

000319656
51
000319824

000322534
52
000324370

000327831
53
000330126

000333754
54
000333922

000336506
55
000336674

000339593
56
000339761

000342554


57
000342722

000345849
58
000348019

000351647
59
000351814

000355651
60
000355818

000359446
61
000359614

000402032
62
000402200

000404368


63
000404535

000407246
64
000414003

000418465
65
000431354

000434648
66
000434816

000438360
67
000438528

000442739
68
000443533

000447286
69
000448413

000451415
70
000451582

000453375
71
000453543

000455085
72
000455295

000456670


73
000456838

000500841


74
000501009

000504428
75
000506806

000509850
76
000510018

000513353
77
000514397

000517858
78
000520278

000523322

7

79
000523489

000526533
80
000526701

000530245
81
000530413

000533332
82
000533499

000537961
83
000538129

000539963
84
000542467

000546303
85
000549098

000551808


86
000551976

000555812


87
000555980

000558231
88
000558399

000601401
89
000602737

000604154
90
000604322

000606990


91
000607158

000611495
92
000612789

000616333


93
000616501

000619044
94
000620213

000622422
95
000622590

000625050
96
000625760

000627928
97
000628096

000631181
98
000631349

000633308


99
000633476

000636228


100
000638106

000641775


101
000641943

000645695


102
000648032

000650784


103
000650952

000654788
104
000656457

000700085
105
000700253

000703547
106
000703756

000705132
107
000705299

000706716
108
000708511

000711638
109
000711806

000715642
110
000715810

000717185
111
000717353

000719646
112
000720940

000722399
113
000725319

000726361
114
000732243

000736079


115
000739584

000741084
116
000741586

000745589
117
000752430

000755223
118
000755391

000757642
119
000757810

000800854
120
000802106

000806109
6th
121
000806486

000809446
48
122
000810615

000812657
123
000812825

000814201
124
000816162

000818163

6th

125
000818331

000819915
6th
126
000820082

000822751
127
000823085

000825795
2003
128
000826297

000828840
6th
129
000829008

000830842
130
000831010

000835263
131
000835723

000838600


132
000845691

000847400
133
000848152

000852155
134
000854492

000858161
135
000859956

000900997
136
000901165

000904167
137
000917181

000919266
138
000919433

000922644
139
000922853

000927566
140
000927733

000930735
141
000932029

000935365
142
000935658

000938410
143
000938578

000941580
144
000941747

000943873
145
000945126

000949087


146
000949255

000951840
147
000954093

000955427
148
000959640

001001641
149
001001809

001006229
400
150
001007481

001008815
151
001010526

001012944


152
001013112

001015572
18
153
001018034

001021202


154
001021370

001023246
155
001024624

001027208
156
001027376

001029294
157
001029920

001031463
158
001031631

001034049
159
001034216

001037052
160
001037219

001041431
161
001041599

001043391
162
001045019

001047520


163
001047688

001049773
164
001051609

001054361
165
001054528

001057906

166
001058074

001100533
167
001102620

001104245


168
001104413

001106706
169
001106874

001110043
170
001110211

001114005
171
001119887

001123890
172
001124058

001126476
173
001129689

001132399
174
001132566

001136903


175
001138989

001141074
176
001142993

001144911


177
001145079

001149040
178
001149208

001151376
179
001151544

001154421
180
001156465

001158425
181
001159677

001203179
182
001203347

001204848
183
001206559

001210019
184
001210187

001214315
185
001215693

001220196
186
001222199

001225160
187
001225327

001228455
188
001228622

001232333
189
001237214

001239382
190
001239550

001243136
191
001243304

001247182
192
001248684

001252353
193
001252521

001258067
194
001258235

001302822
195
001306744

001308703
196
001308871

001312207
197
001313959

001316336
198
001318339

001320131
199
001331185

001333853


200
001334522

001338316
201
001340069

001341277
202
001343197

001346991
203
001347159

001350370
204
001350538

001353414
205
001353582

001356292
206
001358754

001401589


207
001402341

001405093


208
001405261

001406553
209
001407346

001411850
210
001412017

001415061
211
001415229

001417272
212
001417439

001421985
213
001423863

001426781
214
001429326

001431452
215
001434415

001436916


216
001438627

001439836
217
001440337

001441379
218
001441547

001444799


219
001444967

001447677
220
001448012

001451097


221
001458355

001459397
222
001502359

001503985
223
001506322

001509407
224
001510868

001513620
225
001513787

001516247
226
001517166

001519709
227
001525925

001530929
228
001536518

001540772
229
001542524

001545318
230
001545486

001547445
231
001547613

001550531
232
001550699

001554327
233
001554995

001558289
234
001558457

001602418
235
001602962

001604837
236
001608425

001610635
237
001611011

001614514
238
001614682

001618518


239
001618686

001622105
240
001622272

001626901
241
001628570

001630488
242
001631073

001634158
243
001634326

001637036
920
244
001637204

001641833
245
001642001

001645753
246
001648924

001653052
247
001653220

001655138
248
001655305

001658057
249
001659476

001701310
250
001704148

001705481
251
001705649

001708151
252
001708318

001711529
253
001712823

001716117
254
001716285

001718661
255
001718829

001720913


256
001721081

001724625
257
001727796

001730757
258
001730924

001732967
259
001733677

001736512
260
001736680

001739474


261
001741685

001743770
262
001744271

001746564


263
001746732

001749400
264
001751695

001753154
265
001753322

001757366
266
001800287

001802789


267
001802956

001806334


268
001807836

001809796
269
001812633

001815301
270
001815886

001821140
271
001824853

001828648


272
001830818

001834153


273
001834321

001838407
274
001843789

001845790
275
001845958

001848334
276
001848544

001851712
277
001851880

001855550


278
001855717

001858261
279
001858470

001859512
280
001900264

001902974
281
001905477

001907770


282
001907938

001910523
283
001912484

001915069
284
001923036

001925121
285
001930711

001932920


286
001933714

001937091
287
001938468

001940595
288
001946351

001949187
289
001950314

001952356
290
001952524

001954901
291
002003285

002006454
292
002016757

002019675


293
002019843

002021093
294
002021303

002022845
295
002023555

002025348


296
002025515

002028434
297
002028602

002030645
298
002030812

002032313
299
002032481

002033689


300
002033857

002037985
301
002038445

002039487
302
002039655

002043324
303
002046995

002049330
304
002050249

002053584
305
002053752

002056629


306
002056797

002101008
307
002101176

002102802
308
002104638

002107348
309
002108475

002110726


310
002112354

002113479
311
002113647

002115982


312
002116149

002118859
313
002119027

002122822
314
002122990

002126325
315
002126994

002129787
316
002129955

002131622
317
002133250

002135293
318
002136920

002139839
319
002140007

002141674
320
002142092

002144885
321
002145053

002149515
322
002149683

002154145
323
002155147

002157064
324
002157691

002200651
325
002200819

002203279
326
002203447

002206615
327
002206783

002211704


328
002213582

002216083
329
002218045

002220254
330
002220422

002222548


331
002228305

002230514
332
002231516

002234894
333
002235062

002237313
334
002237898

002240524
335
002240692

002243069
336
002244780

002247531


337
002247699

002250785
338
002250952

002253621
339
002253789

002258125
340
002259836

002302755