1
000003545

000005212


2
000005422

000007381


3
000007549

000010050
4
000010218

000015806
5
000015974

000018142
6
000018309

000021478
7
000022272

000023981


8
000024149

000025691


9
000028820

000031947
10
000032115

000034074
11
000034284

000037995
12
000038246

000041832
13
000043168

000044960
14
000046296

000049590


15
000049758

000052051
16
000052218

000054928
17
000055096

000057097
18
000057265

000059141
19
000059309

000102978
20
000104147

000105689
21
000108109

000109943
22
000149442

000152152
23
000152320

000154488
24
000154656

000157491
25
000157659

000159451
26
000159619

000204289
27
000205291

000208585
28
000208878

000210796


29
000210964

000215134
30
000215301

000218137


31
000218304

000221014


32
000221182

000223600
33
000223768

000226937
34
000227105

000229523
35
000231526

000234027
36
000234988

000237948
37
000238116

000240284
38
000241911

000244788


39
000244956

000248208
40
000248376

000251211


41
000251379

000254214
42
000254382

000256133
43
000256301

000259094
44
000259262

000301763
45
000307353

000309146
46
000315612

000316862


47
000317030

000321450
48
000321618

000325329
49
000325496

000328332
50
000331753

000335589

51
000335757

000339259
52
000339594

000344264
53
000344432

000347601
54
000347769

000349102
55
000349270

000352064
56
000352232

000354191
57
000401449

000403825


58
000403993

000405077
59
000405245

000409456
60
000413002

000421426
61
000421594

000424012
62
000425431

000428141
63
000429352

000431812
64
000441489

000445867

65
000453543

000455877
66
000456838

000458839


67
000459007

000502801
68
000503011

000505971
69
000506848

000510726


70
000512937

000515272
71
000515732

000518442
72
000520111

000524823
73
000526701

000527868


74
000528036

000531330
75
000531539

000534833


76
000535001

000538337
77
000538504

000544593
78
000544761

000549306
79
000550099

000553185
80
000556147

000558065
81
000558274

000602778
82
000602987

000606948
83
000607200

000610202
84
000610578

000612704
85
000613206

000617000
86
000617627

000620045
87
000630139

000632557
88
000634811

000636478
89
000637480

000640232


90
000640441

000645278
91
000646572

000648907
92
000650076

000653161
93
000653329

000655038
94
000659544

000703713
95
000704924

000709469
96
000709679

000711638
97
000712723

000716893
98
000717061

000719354
99
000720773

000722232
100
000722483

000724860
101
000726571

000729322


102
000729490

000734744


103
000734954

000738081
104
000738249

000741501
105
000743963

000747132
106
000747300

000752012


107
000752221

000754764
108
000754974

000756475
109
000801230

000805066
110
000807028

000809821


111
000812241

000814159


112
000814327

000815577


113
000815745

000818163


114
000818331

000820832


115
000821000

000822959
116
000823127

000826171


117
000826339

000828215


118
000828466

000831384
119
000831552

000835472
120
000836390

000838767
121
000838976

000842437


122
000842647

000845732


123
000845900

000848693


124
000848861

000850570
125
000850738

000854366
126
000854534

000858662


127
000858829

000903875


128
000904961

000907671


129
000907838

000912050
130
000914845

000916846
131
000917014

000919057
132
000919225

000922644
133
000926983

000928692
134
000940454

000943290
135
000943457

000947085
136
000947253

000951298
137
000951507

000954342


138
000954552

000959431
139
001000266

001001683
140
001002685

001004436
141
001004645

001007147
142
001007315

001009816
143
001009984

001012152
144
001012320

001015488
145
001015656

001019743
146
001019952

001023747
147
001025958

001029919
148
001031505

001035800
149
001038137

001040555
150
001043893

001049189
151
001049440

001051483
152
001051734

001055987
153
001056906

001057989


154
001058157

001104412
155
001105289

001106998
156
001107208

001111002


157
001111462

001115173


158
001116384

001118343
159
001121013

001124891


160
001125059

001127477


161
001128354

001130146
162
001130731

001136152
163
001136362

001138822
164
001140741

001142534
165
001143494

001146121


166
001146330

001147372
167
001147540

001149124
168
001149291

001152961
169
001153129

001157215
170
001157383

001200927
171
001203347

001207392
172
001207643

001210061
173
001210312

001214566
174
001215025

001219070
175
001219238

001221781
176
001224201

001226911
177
001232001

001233752
178
001233961

001236421


179
001236589

001240383
180
001240593

001244429
181
001247933

001252312


182
001252521

001254606
183
001254982

001257192
184
001258152

001301488
185
001302156

001303573
186
001303783

001307160
187
001307411

001310705


188
001311499

001313500


189
001313667

001314834
190
001315085

001318379
191
001318631

001322008
192
001324887

001327555
193
001327765

001329766
194
001329975

001334771
195
001336524

001339943
196
001343739

001347700
197
001348244

001352789
198
001352957

001356459


199
001356627

001400630
200
001405719

001409848


201
001410015

001412809
202
001413060

001416437


203
001416605

001418439
204
001418649

001422235
205
001422403

001424362
206
001424530

001427240
207
001427408

001430368
208
001432580

001436291
209
001440546

001445133
210
001453100

001456686


211
001456937

001500773
212
001501025

001503693
213
001503944

001505570
214
001505821

001507822
215
001507990

001511159
216
001511869

001515997
217
001516248

001517874
218
001518042

001521294
219
001521754

001523671


220
001528344

001531054
221
001533515

001535224
222
001547071

001548821


223
001549448

001550949
224
001551116

001554243
225
001554411

001558206
226
001558415

001600750


227
001604380

001607090
228
001607257

001609384
229
001610803

001613221
230
001613389

001615306

231
001615474

001619602
232
001620521

001622313
233
001622523

001626234
234
001626402

001629320
235
001630072

001634075
236
001634284

001638913
237
001639790

001643376
238
001646630

001649215
239
001649425

001651592
240
001658642

001702645
241
001705357

001708026
242
001708235

001709944
243
001712072

001713740
244
001715159

001717410
245
001717619

001720955
246
001721165

001724667
247
001726670

001727879
248
001728088

001731382


249
001731550

001733718


250
001734511

001738681


251
001741185

001744312
252
001745981

001750151
253
001750360

001752487
254
001753697

001758076


255
001802206

001803998


256
001804249

001807794


257
001808003

001810797
258
001811006

001815510
259
001815677

001818346
260
001818597

001823684
261
001823936

001827438
262
001827689

001832610
263
001832820

001835780
264
001835948

001840535
265
001840744

001843621
266
001843872

001847166
267
001848627

001850962


268
001851213

001853673
269
001853841

001858469


270
001858679

001902056
271
001903183

001907145
272
001912192

001916237


273
001916488

001918948


274
001919199

001921951
275
001924454

001928082
276
001931920

001935715
277
001935883

001938092
278
001939261

001940845
279
001943557

001944682
280
001946143

001949103
281
001950647

001951689
282
001952399

001954275
283
001956278

001958571
284
001958822

002001407
285
002001617

002002742
286
002002993

002004744
287
002006288

002008831
288
002009082

002010833
289
002011001

002012668
290
002012836

002016339
291
002017216

002022428
292
002022638

002025514


293
002025766

002027516
294
002029186

002031103
295
002031313

002034023


296
002034233

002037443
297
002037653

002039278
298
002039529

002042365
299
002042616

002046035
300
002046286

002051415
301
002052042

002054085
302
002058632

002101759
303
002101927

002103511
304
002103720

002108683
305
002108850

002111310
306
002112729

002114647
307
002124574

002127868
308
002128036

002132832
309
002135669

002139046
310
002140257

002143926


311
002144094

002148681