1
000004379

000005879


2
000006047

000008924
3
000009134

000012928
4
000013096

000015597
5
000015765

000017182


6
000017350

000019351
7
000019936

000022563


8
000022731

000027985
1
9
000028361

000030821
10
000030989

000033991
11
000034159

000038245

12
000038413

000040289
13
000041499

000044460
14
000044669

000046420
15
000046588

000051800
16
000051968

000054595
17
000054763

000056889
18
000057057

000058891
19
000059059

000102186
20
000102353

000105856
21
000106024

000108567
22
000149192

000151777
23
000151945

000155114
24
000155281

000158283
25
000158493

000201578
26
000201746

000204957
27
000205125

000209253
28
000211965

000213423


29
000213591

000216635


30
000216803

000219304
31
000219472

000222224
18

32
000222392

000224726


33
000224894

000228397
34
000228565

000231233
35
000232026

000235654
36
000235822

000239700
37
000239868

000241451
38
000243913

000245914
39
000247709

000250335


40
000250503

000252212


41
000252422

000254631
42
000256134

000259052


43
000259220

000302139
18th
44
000304100

000307060


45
000307228

000310731
46
000310899

000313025
52
47
000313193

000316486
48
000316654

000319990
49
000320617

000322117
50
000323995

000327206


51
000327373

000329666
52
000329834

000333212


1
53
000333379

000337925
54
000338092

000341929
55
000342096

000347809
56
000351189

000355108
57
000357528

000359112
58
000359280

000402074


59
000402242

000406787
60
000407413

000411250
61
000411417

000415379
62
000415922

000417756
63
000417924

000420217
64
000420385

000423011
65
000423179

000425514
66
000429477

000432062


67
000432230

000435482


1
68
000435650

000437901
69
000438069

000441029
70
000441197

000444283
71
000444450

000447369
72
000450790

000453458
73
000454544

000457546
74
000457714

000500924


75
000501092

000504636
76
000504804

000509182
77
000511185

000512644
78
000518109

000522112


79
000523448

000525282
80
000525450

000529870
81
000531164

000534374
82
000535376

000537669
83
000538963

000540756
84
000540923

000542799
85
000542967

000545886
86
000546054

000548680
87
000550350

000553393


88
000553561

000555687
89
000555855

000559107
90
000559275

000602611
91
000602987

000606365


92
000606532

000609034


93
000609202

000612037


94
000612205

000614373
95
000614540

000616541
96
000616709

000618251
97
000618419

000621463
98
000621631

000623924
99
000624092

000625759


100
000625927

000629513
101
000629680

000632599
102
000632767

000634434
103
000634602

000637354
104
000637522

000640982
105
000643653

000645946
106
000646114

000650367
107
000650535

000653829
108
000653996

000656706
109
000657917

000702546
110
000706509

000708176
111
000710805

000716643
112
000716811

000718228
113
000723109

000727696
114
000727864

000732909
115
000733077

000738498
116
000738666

000742752
117
000742920

000745881
118
000746299

000748300
119
000748468

000753555
120
000753723

000755807
121
000755975

000759352
122
000800771

000802981
123
000803691

000805066
124
000805276

000808195
125
000809030

000812240
126
000813826

000816453


127
000816621

000819289


128
000819457

000823376
129
000823544

000828215
130
000832261

000833512
131
000833679

000836515
132
000836682

000838683
133
000838851

000840727
134
000840895

000843021
135
000843189

000845982
136
000851948

000854074
137
000854242

000856409
138
000856577

000900747
139
000900957

000904918
140
000906879

000910090


141
000911801

000914427
18th
142
000914595

000917764
17
143
000917932

000922060
144
000923104

000925522
145
000925690

000928108
146
000928276

000930026
147
000931028

000936825


148
000938911

000941871
149
000942039

000946042
150
000946210

000948420


151
000948588

000951089
152
000951257

000953258


153
000953426

000957554
154
000957722

001001016
155
001001183

001003476
156
001005771

001009065
157
001009233

001013695
158
001013863

001018158


159
001018326

001022162
160
001022330

001023913
161
001025708

001027709
162
001027877

001031087
163
001031255

001033632
164
001036844

001039596
165
001040431

001042390
166
001042558

001045894
167
001046187

001050273
168
001052902

001056738


169
001056906

001100158
170
001102870

001106331
171
001108292

001111419
172
001111587

001115548
173
001115716

001119678
174
001119845

001123723
175
001123891

001126559
176
001126727

001129312
177
001130398

001133817
178
001133984

001136277
179
001136445

001138488
180
001139657

001143118
181
001143285

001145829
182
001145996

001147831
183
001153963

001156339
184
001156507

001159843

185
001200010

001201636
186
001202555

001205765
187
001205933

001209477
18th
188
001209645

001212313
2020
189
001212481

001214357
190
001217778

001220196
191
001220364

001221698
192
001221866

001225368
17
193
001225536

001226870
194
001227037

001230874
195
001231041

001233543
196
001233711

001235920
197
001236505

001238882
198
001239049

001241551
199
001241719

001245889


200
001246056

001248641
201
001248809

001251478
202
001251645

001255231
203
001255399

001257734
204
001300154

001301780
205
001301947

001303948
206
001304116

001306910
207
001307077

001309204
208
001309371

001310955
209
001312291

001314167
210
001314335

001316795
211
001316962

001322008


212
001322176

001324344
213
001325179

001327931
214
001328098

001330517
215
001330684

001333812
216
001333979

001336564
217
001338025

001341694
218
001341862

001343446
219
001345032

001346991
220
001347159

001348535
221
001348702

001350745
222
001350913

001353164
223
001353332

001358503


224
001359547

001402924
225
001409223

001412308
226
001412476

001414185


227
001415354

001417397
228
001417565

001419399
229
001419567

001421109
230
001421277

001425238
231
001425406

001427782
232
001431745

001434289


233
001434456

001436624


234
001436792

001439002


235
001439169

001441796


236
001441964

001445800
237
001445968

001449345
238
001451056

001455977
239
001456186

001459731
240
001459899

001502358
241
001507656

001510199


242
001510409

001513620


243
001513787

001517123


244
001517291

001519375
245
001523130

001527634
246
001528510

001530470
247
001530638

001534599
248
001534975

001537560
249
001540731

001543816
250
001543984

001546069
251
001546236

001548905


252
001549073

001552200
253
001552368

001555328
254
001555537

001557038
255
001557206

001559624
256
001600417

001603127
257
001603295

001605296
258
001605464

001608299
259
001608550

001610551
260
001610719

001613805
10
261
001613973

001616474
262
001618727

001621104

10

10
263
001621271

001622605
264
001624233

001626484


265
001626652

001628945
266
001629113

001631698


267
001631865

001635368
268
001635536

001638913
269
001639123

001641332
270
001641542

001644419
271
001644837

001648464


272
001648632

001651759


273
001652428

001655304
274
001655472

001657515


275
001657683

001702103
276
001702271

001705481
277
001705649

001707817
278
001708027

001712238


279
001712406

001713865
280
001715993

001719328
281
001724251

001726586
282
001727004

001730798
283
001731133

001733301
284
001733635

001736137
285
001736555

001738890


286
001739099

001741100
287
001741268

001742685
288
001743103

001747440
289
001747608

001750735
290
001750903

001751944
291
001758368

001801412
292
001801955

001804040
293
001805209

001809712
294
001811215

001813091


295
001813258

001816719
296
001818514

001821891


297
001822059

001823643
298
001823811

001827355
299
001827523

001830775
300
001830943

001834487
301
001834655

001837323
302
001837491

001839951
303
001840119

001844330
304
001844498

001847500
305
001848710

001851087
306
001852673

001854340
307
001855217

001900847
308
001901014

001903182
309
001903350

001907436
310
001907604

001911357
311
001913902

001915153
312
001918157

001919532


313
001919700

001921826
314
001921994

001926789
315
001926957

001929917
316
001932045

001935464
317
001936091

001938301
318
001938468

001940386
319
001940554

001944015
320
001946476

001950813
321
001950981

001954066
322
001955319

001956986
323
001957154

002001532
1
324
002001700

002004410
325
002007497

002009498
326
002010375

002012668
327
002012836

002016297
328
002017716

002020760
329
002021803

002023721
330
002029061

002032063
331
002032606

002034607


332
002034775

002036275
333
002038111

002041030


334
002041198

002044909


335
002045077

002050039
336
002050207

002053376
337
002055462

002056921
338
002057089

002101342
339
002102427

002104887
340
002105514

002109475
341
002110519

002114522
342
002115023

002117400
343
002117567

002119902


344
002120070

002121862
345
002124908

002128953
346
002129121

002131789
347
002133458

002134959


348
002135127

002139630


349
002139798

002145594
350
002145929

002147680
351
002148056

002151183
352
002151601

002155521
353
002156815

002158607
354
002158775

002201319
355
002201486

002204655


356
002204823

002207366
357
002207534

002209785
358
002211621

002213164
359
002215459

002218836
360
002225844

002227511


361
002227679

002231265


362
002231433

002235144
363
002237606

002240066
364
002240233

002244487