1
000006840

000008757
2
000008925

000011301
3
000011469

000013178
4
000014305

000017975
5
000019436

000022438
6
000022605

000024648
7
000034200

000036076
8
000123416

000125709
10
5
9
000126544

000131173
10
000132342

000133759
11
000135720

000138931
3on3
12
000139099

000141809


13
000141976

000144394
14
000144562

000146021
15
000148733

000150400
16
000151402

000153612
17
000153780

000154822
18
000154989

000158534
19
000158701

000201995
20
000202831

000205374
21
000205542

000209336
22
000209504

000213966
23
000214884

000215968
24
000216136

000218387


25
000218555

000220514

26
000222225

000223433
27
000223601

000226687
28
000227313

000229898
29
000230316

000231358
30
000233486

000237906
31
000238074

000239700
32
000239868

000242202
33
000243288

000246707
34
000246875

000250544
35
000250712

000253964
36
000255300

000257593
37
000257760

000259845
38
000300013

000303140
39
000303308

000305225
40
000305393

000307394
41
000307562

000309188
42
000309355

000312232
43
000312400

000317321
44
000318573

000319865
45
000320033

000323452
46
000324621

000326914
47
000327582

000330250
48
000330418

000333837
49
000334005

000336256
50
000342555

000344514
51
000345266

000347267
52
000349354

000350979
53
000351564

000354441
54
000355068

000357986
55
000358154

000400030
12
56
000400907

000402950
57
000407413

000408455
58
000408623

000410999
59
000411459

000415337
60
000420885

000422302
61
000422679

000423720
62
000423888

000425514

63
000425682

000427140
64
000427308

000429559


65
000431104

000433772
66
000433940

000435732
67
000435900

000438151

68
000440196

000441655
69
000441823

000444074

70
000444242

000446326


71
000447328

000449162
72
000449330

000453208
73
000453376

000455335


74
000455503

000457337
75
000457505

000459715
76
000459882

000501717
77
000503845

000505637


78
000509309

000510976
79
000511144

000514563
80
000515398

000516898
81
000517066

000520319
82
000520486

000521862
83
000522030

000524740
28
84
000524907

000527075
85
000527243

000529202
86
000529370

000531538


87
000531706

000535417

88
000535710

000537502
89
000537670

000539504


90
000539672

000542799
91
000544385

000547095


92
000547263

000549556
93
000549724

000551391
94
000551601

000555687


95
000556689

000558231
96
000558399

000601610
97
000606949

000609201
98
000609369

000611411


99
000611579

000614081
100
000615666

000616917
101
000617085

000618502
102
000627303

000630472
103
000630973

000631973
104
000632141

000633475
105
000633643

000635310
106
000635478

000638146
107
000638314

000640941
108
000642902

000644361
109
000644529

000645612
74
110
000649784

000651284


111
000653830

000654871
112
000655039

000657958
113
000658126

000700043
114
000701629

000704631
115
000705174

000709803
116
000709971

000711763


117
000711931

000713223
118
000713391

000714433
119
000714600

000715892
120
000716060

000717894
121
000718062

000720772


122
000720940

000722983
123
000723151

000724860
124
000725027

000726778
125
000732827

000734953
126
000735955

000738165
127
000738332

000740292
128
000740460

000741501
129
000741669

000744713
130
000745423

000748550


131
000749010

000750260
132
000751053

000754055


133
000754223

000756892
134
000757059

000758935
135
000759103

000802522

136
000803232

000805275


137
000805443

000806568
138
000806736

000809446
139
000810198

000812782
140
000813743

000816786


141
000817955

000819998


142
000820166

000824085
143
000824754

000828715


144
000828883

000831635
145
000831886

000834554


146
000836432

000838558
147
000838726

000841895


148
000842063

000843772


149
000843940

000846900
150
000847068

000850946
151
000853157

000857911
152
000858538

000900121
153
000900957

000902874
154
000903042

000904125
155
000905044

000907128
156
000907964

000910590
157
000911217

000913593
158
000914220

000915387
159
000916764

000920141
160
000920893

000923895
161
000924814

000927148
162
000927316

000929693
163
000933823

000937033
164
000937201

000938535
165
000938703

000941288
166
000942915

000946585
167
000947169

000949254


168
000952174

000954467


169
000954635

000956177

170
000956345

000958972
171
000959140

001000682
172
001006939

001009649
173
001010192

001012277
174
001013779

001015655
175
001016616

001018867
176
001019035

001021786
177
001021954

001025290
178
001025958

001028168
179
001028711

001030503
180
001030713

001032589
181
001033049

001034257
38
182
001035760

001037677
183
001037845

001040138
184
001040306

001042724
185
001042892

001045935

186
001046604

001049022
187
001049190

001051858
188
001052193

001054110


189
001054278

001055487


190
001055696

001057405

191
001057657

001101284
192
001101452

001104245
193
001104413

001107040


194
001108834

001110710
195
001111837

001115674
196
001115841

001117592


197
001117760

001119678
198
001119845

001123264
199
001123432

001125392
200
001125559

001127686


201
001128771

001132649
202
001132817

001136736
203
001136904

001140365
204
001140533

001142117
205
001142284

001145286
206
001147456

001149582
207
001150292

001152001
208
001152169

001154045
209
001154672

001156840
210
001159343

001202345
211
001202513

001203763
212
001203931

001206057
213
001211480

001213523
214
001213691

001215984
215
001216152

001218987
216
001219155

001220280
217
001220448

001223575
218
001223743

001227036
219
001227204

001230999
220
001231459

001233543
221
001233711

001237046
222
001238424

001242051
223
001242219

001245180


224
001245347

001246347
225
001246515

001249434
226
001250269

001252061

227
001252229

001254355
228
001254774

001256524

229
001258402

001259778
230
001259945

001303031
231
001304241

001306701
232
001306869

001308703
233
001308871

001310580
234
001311457

001314751
235
001314919

001317879
236
001333938

001335146
237
001357753

001359921
238
001403884

001405635
239
001408681

001409889
240
001410724

001412600
241
001413978

001415812
21
242
001415980

001418439
243
001420067

001423278
244
001423445

001426447
245
001426615

001427949
246
001428117

001431995


247
001432746

001434497
248
001434665

001438585
249
001438752

001441129
250
001441297

001444841
251
001445009

001446759
252
001446927

001450221
253
001452433

001455810
254
001456103

001458146
255
001458314

001501482
256
001501650

001503318
257
001503777

001505278
258
001506113

001507906
259
001508073

001509991
260
001510159

001514537
261
001514705

001516789
262
001516957

001518374
263
001518542

001521085
264
001528552

001530511
265
001530679

001533932
266
001534475

001536517
267
001536685

001539479
268
001539647

001541522
269
001541690

001543942
270
001544109

001547111
271
001548322

001549864
272
001550658

001553701

273
001553869

001556245
274
001556413

001558998


275
001559166

001603086
276
001604046

001605088
277
001605255

001606881

278
001608592

001610093
279
001610260

001614013
280
001614682

001617266
281
001617434

001620144
282
001621563

001623648
283
001624066

001625400
284
001626193

001629570
285
001629738

001632949
286
001634284

001636369
287
001636537

001640123
288
001640290

001643084
289
001643252

001645878
290
001647047

001648881
291
001649842

001655013

292
001655180

001656764
293
001657349

001659851
294
001700019

001701769
295
001702312

001703855
296
001704356

001705857
297
001706025

001708693
298
001709570

001711904
299
001712072

001714157
300
001714324

001717952
301
001718495

001721372
302
001721540

001724250
303
001724418

001726044
304
001726211

001727795
4221
305
001727963

001731424
306
001732426

001735928
307
001737514

001740850
308
001741018

001743561
309
001743729

001746773
310
001746940

001750193
311
001752029

001755990
312
001756158

001757867
313
001759119

001801412
314
001801580

001803247
315
001803415

001806375
316
001835864

001838574
317
001838742

001839951
318
001846166

001848376
319
001848544

001849919
320
001850087

001853840
321
001854007

001855758
322
001857094

001859762
323
001900013

001902515
324
001902724

001904392
325
001904560

001908271
326
001908438

001909522
327
001909690

001911065


328
001911233

001912900
329
001913068

001915361
71
330
001915529

001917947
331
001923412

001924996
332
001925747

001927123


333
001929418

001932420


334
001933755

001936215
335
001936383

001938467

336
001938635

001941762
337
001941930

001944891
338
001945058

001946767

339
001948228

001951105
340
001951940

001954942
341
001955110

001957612

342
001957779

001959488
343
002046662

002049413
344
002053126

002057463
345
002057673

002059674
346
002059841

002102551

347
002103845

002105304
348
002105472

002107515
349
002107683

002112019
350
002117234

002119735
351
002119903

002122863
352
002123323

002125324
353
002125492

002127868
354
002128036

002130997
355
002133000

002137169
356
002141383

002142717
357
002144886

002146971
358
002147139

002149640
359
002149891

002152935
360
002153854

002156605
361
002156773

002159400
362
002159568

002200901
363
002202070

002205948
364
002206116

002208200
365
002208368

002211245
366
002213206

002216250
367
002216418

002220254
368
002225927

002228804
369
002233060

002236228

