1
000006214

000008799
2
000010427

000012094
3
000014389

000015973
4
000017475

000020227


5
000020895

000022813

6
000022981

000026442


7
000026609

000030320
8
000030488

000034199
$400
9
000035493

000037494
10
000037662

000040247
11
000040498

000045210
12
000045462

000049757
13
000051676

000052926
14
000054304

000057765
15
000059893

000103437
300
16
000103605

000105564
100
17
000105732

000108108
18
000109903

000112821
19
000114866

000116617
20
000159953

000201286


21
000201454

000204289
22
000204457

000207417
23
000210839

000214299
24
000215635

000219638
25
000219806

000221056
26
000221224

000223350


27
000223518

000227604
28
000227772

000230899


29
000231067

000234528

30
000235363

000237573
31
000237740

000239408
32
000239576

000243495
33
000243663

000246373
$50
34
000246541

000248709
35
000250128

000251837


36
000252005

000254965


37
000255133

000257342


38
000257510

000259720
39
000301639

000304725
40
000304893

000308020

41
000308188

000311273
42
000311441

000313609
43
000315653

000317279
44
000318990

000321366
45
000321534

000323202


46
000323369

000324536


47
000324704

000325746


48
000325914

000329541


49
000329709

000331501
50
000331669

000335380
51
000335965

000339092
52
000340678

000342888
53
000343640

000346016
54
000346601

000349811


55
000349979

000353565
56
000355568

000357945


57
000358112

000401865
58
000403701

000406245
59
000407205

000410374
60
000410541

000412000
61
000412168

000414836
20
62
000415004

000417256
63
000417423

000420425
64
000420593

000422803
65
000422971

000425097
66
000425265

000428433


67
000429269

000431061
68
000431229

000433522
12
69
000443366

000446159
70
000446327

000449037
71
000450540

000451623


72
000451791

000455585
73
000455753

000457713
74
000457880

000502592
75
000502760

000505721


76
000507598

000510809
77
000510977

000512019


78
000512186

000515105
79
000515273

000518191
80
000519360

000520444
81
000521863

000525449


82
000525616

000528660
83
000529037

000533373


84
000534876

000537961
85
000538129

000543467
86
000544344

000547512


87
000549098

000552100


88
000554520

000557606
89
000557774

000600275

90
000601903

000604321


91
000604489

000606740


92
000606908

000609910
93
000610578

000612454
94
000614665

000616833


95
000622173

000625008
96
000626094

000628470
97
000630264

000632849
98
000633017

000635894
99
000636062

000637979


100
000639190

000642526
101
000644445

000646655
102
000648074

000652035
103
000652203

000653495
104
000653663

000656206


105
000656374

000659251
106
000659419

000702629


107
000702797

000707384
108
000710221

000711763
109
000712974

000715058
$400
110
000721315

000723233


111
000723401

000725944
112
000727947

000730323
113
000730491

000733160
114
000733327

000735537


115
000737081

000739541
116
000746716

000748550
117
000748718

000750635


118
000750803

000753221
119
000753389

000756683


120
000756851

000759311


121
000759479

000802689
122
000802857

000807194


123
000808112

000809863
124
000811324

000814451
125
000818664

000823585
126
000823753

000826588
127
000826756

000830050


128
000831469

000833803
129
000833971

000837516


130
000840478

000841645
131
000841812

000844523
132
000849111

000850779
133
000851155

000852656
134
000852823

000856326
135
000858287

000901790
136
000901958

000904459
137
000906087

000907587
138
000908548

000912133
139
000912760

000914803
$400
140
000915513

000917931
141
000920309

000922310
142
000924313

000929693
143
000931988

000934531


144
000934699

000937284
145
000938703

000940161
146
000940329

000942956
147
000951882

000956177


148
000959807

001001016
149
001001183

001004144


150
001005730

001008773
151
001008941

001010650
152
001012403

001014404
153
001018326

001020952
154
001021120

001026916
155
001027084

001030128
156
001030296

001031463
157
001031631

001035717
158
001035885

001040263
159
001044268

001045518
160
001046646

001050482
161
001051150

001053985


162
001054153

001057697
163
001100660

001101993


164
001102161

001104204


165
001104372

001108166
166
001108334

001112045
167
001112213

001115215
168
001118594

001119844
169
001120012

001123223
170
001123391

001126184
171
001127520

001130855
172
001131023

001133983


173
001135861

001138321
174
001141200

001144160
175
001146789

001148873
176
001149041

001152252


177
001154839

001158883
178
001159051

001200301


179
001200469

001205140
180
001206100

001207934
181
001208978

001211980


182
001215234

001218403


183
001218571

001222699
184
001222867

001224242


185
001224410

001227746
186
001227913

001231207
187
001232752

001235503
188
001235671

001238256
189
001238424

001241134
190
001241302

001244304
191
001244472

001247182


192
001248184

001251269
193
001251437

001253646


194
001253814

001257233
195
001258611

001300195
196
001301322

001303948


197
001304116

001306367
198
001307870

001310121
199
001310289

001311873
200
001314043

001316586


201
001316754

001320131


202
001320299

001321966
203
001323552

001325136
204
001330643

001332894
205
001333062

001336022
206
001336232

001339192
207
001340694

001343696
208
001343864

001346574
209
001346742

001348618
210
001348786

001351579
211
001351789

001354499
212
001354667

001357418
213
001357670

001401172
214
001401340

001403174
215
001403342

001407136
216
001408806

001411391


217
001411559

001412976
218
001413143

001415687
219
001415855

001418273
220
001418440

001420692
221
001420860

001423736

222
001423904

001426155
223
001426323

001428241
400
224
001429493

001431786


225
001432705

001436666
$600
226
001436834

001438835
10
227
001443883

001445508
228
001446969

001448636
229
001450723

001452891
230
001453058

001458021
231
001458188

001502150
232
001502318

001504485
233
001504653

001507405
234
001509116

001511784
235
001511952

001514996


81
236
001516749

001519083
1981
13
237
001519251

001522420
238
001522588

001526799
239
001528302

001530929
240
001531138

001533973
241
001534141

001537185


242
001537353

001540188
243
001540356

001543024
244
001551033

001552909
245
001553077

001556579
246
001556747

001559374
247
001559541

001601501
248
001602795

001607256
249
001607424

001610343
250
001610511

001613429


251
001615349

001618351


252
001618519

001620979
253
001621146

001624065
254
001624233

001627276
255
001629363

001633116


256
001634451

001636953


257
001639623

001641124


258
001641291

001642542


259
001642710

001644752


260
001644920

001646587
261
001646755

001649382


262
001649550

001652760


263
001652928

001656973
264
001657141

001658975


265
001700227

001702895


266
001703063

001705481
267
001706567

001710069
268
001710237

001712155
269
001713532

001715950


270
001716952

001720413


271
001720581

001721789


272
001721957

001724584
273
001724752

001729547
274
001729715

001731549
275
001732760

001735303


276
001735471

001736721


277
001736889

001738973
278
001739141

001743102
279
001744271

001745730
280
001745898

001749734
281
001749902

001752487
282
001753739

001755615


283
001755783

001757867
284
001759119

001800912
285
001801080

001802914


286
001803082

001805666
287
001806126

001808920


288
001809088

001812131
289
001815469

001817762
290
001817930

001820014
291
001820182

001823309
292
001823477

001825478
293
001825646

001827980
294
001828148

001830316
295
001830484

001832443
296
001833237

001836030
297
001836198

001839158


298
001840202

001844413
299
001844581

001846916
300
001847084

001849585


301
001849753

001852880
302
001853048

001856509
303
001856677

001858719
304
001858887

001902098
305
001902266

001907520
306
001907688

001909355
307
001911316

001914443
308
001915112

001917822


309
001923203

001927123


310
001927291

001930209


311
001930377

001933004
312
001936675

001939010
313
001939178

001941721
314
001941889

001944765
315
001944933

001947393
316
001947728

001950188
317
001950355

001952565
318
001952733

001954609

30

319
001954776

001957820
30
320
001957988

002001282
30
4
321
002001450

002003826
322
002004828

002007538
323
002007706

002010917
324
002011084

002014712
325
002014880

002016380


326
002016548

002019508
327
002020552

002023137
328
002023305

002025556


329
002029811

002031187
330
002037277

002038861
331
002044618

002047245
332
002047412

002050122
333
002050290

002054752
334
002054920

002057338
335
002058298

002100466
336
002102719

002103928


337
002104096

002108432
338
002113438

002116607

339
002124700

002128244
340
002130580

002133040
13