1
000005130

000006922

2
000007173

000008173
3
000008341

000009341
4
000009843

000010884
5
000011136

000013887
6
000015015

000016807
7
000017684

000020060
8
000021021

000022855
9
000023106

000026358
10
000028319

000030070
11
000030280

000032573
12
000032824

000035492
13
000035744

000038328
14
000038580

000040956
15
000041291

000044334
16
000045462

000046587
17
000048173

000050799


18
000051009

000053594
19
000100518

000103520
20
000105398

000107274
21
000108401

000112071
22
000159994

000205249
23
000206334

000207417
24
000207669

000210337
25
000215802

000217386
26
000218513

000219596
27
000220181

000221306
28
000221558

000224434
29
000226312

000228856
30
000229440

000231316
31
000232277

000234194
32
000234445

000235737
33
000235947

000238448
34
000239284

000241160
35
000242704

000243704
36
000243955

000246832
37
000247041

000248208
38
000248459

000250335
39
000250628

000252671
40
000254924

000258594
41
000258845

000300429
42
000300680

000302723
43
000305143

000306185
44
000307103

000308729
45
000316446

000320365
46
000330418

000331585
47
000331794

000333879


48
000336633

000338091
49
000342388

000344806


50
000345058

000347267
51
000348394

000350395
52
000350563

000352064


53
000352523

000354483
54
000354734

000357236

55
000358112

000400197

56
000400406

000401573
57
000405245

000409998
58
000410792

000413543
59
000416965

000418340
60
000419133

000421301
61
000423012

000424596

62
000424847

000427307
63
000427558

000430018
64
000430270

000432354
65
000432605

000433772
66
000434148

000438652
67
000438861

000440612
68
000442573

000444825
69
000445076

000446285
70
000448955

000450455
71
000450957

000453083
72
000453334

000458088
73
000501509

000504303
74
000504512

000507931
75
000508141

000512436
76
000513271

000515272
77
000516190

000520402
78
000520653

000524448
79
000524699

000526241
80
000526451

000528744
81
000532832

000535751
82
000537128

000541173
83
000541424

000543300
84
000543509

000546720
85
000547013

000548055
86
000550391

000552726
87
000555938

000559107
88
000559317

000601610
89
000601819

000602861
90
000603321

000604488
91
000604739

000606782
92
000607033

000609076
93
000609285

000613789
94
000614040

000617834

95
000619295

000620504
96
000620755

000623173

97
000624175

000626385
98
000628221

000629554
99
000629806

000631431
100
000631682

000634851
101
000636479

000639564
102
000639816

000643318
103
000643569

000645529
104
000645780

000647239
105
000647448

000649783
106
000650034

000652285
107
000652537

000656123
108
000657125

000658708
109
000700711

000702254
110
000703673

000706425
111
000707427

000710387
112
000711180

000714057
113
000714308

000717644
114
000717937

000721356
115
000721607

000724359
116
000724569

000728113
117
000729240

000731283
118
000731534

000736121
119
000736873

000738748
120
000739333

000741460
121
000741627

000743086
122
000743254

000748175
123
000751012

000755640
124
000758311

000759811
125
000800605

000803356
17th
126
000803608

000807027

127
000807195

000808612
128
000809155

000811531
18th
129
000811782

000815452

130
000822418

000824211
131
000825505

000826880
132
000827089

000829466
133
000830676

000832886
134
000833137

000835263
135
000835473

000838183
136
000838434

000841311
137
000842146

000844564
138
000845775

000847484
139
000848444

000849778
140
000851072

000853865
141
000854033

000855617
142
000855868

000856952
143
000857203

000900497
144
000901791

000903041
145
000903417

000907462
146
000910800

000914386
147
000917557

000918598
148
000920601

000925105
149
000926023

000929943
150
000931320

000932362
151
000932905

000936825
152
000937076

000939786


153
000940037

000943415
154
000944083

000946710
155
000947169

000952215
156
000956554

000958638
157
001001225

001003893
158
001005396

001006730
159
001006981

001008982
160
001009191

001011484
161
001011736

001013737

162
001013988

001016281


163
001017533

001020785
164
001022705

001024956
165
001025166

001027459
166
001027627

001029252


167
001029503

001032422
168
001033090

001036217
169
001036427

001039554
170
001039930

001042265
171
001042683

001043725
172
001044226

001046311
173
001048064

001049481
174
001049940

001051024
175
001051525

001053735
176
001057948

001059115
177
001112213

001113421
178
001114173

001115465
179
001116050

001118009
180
001118260

001121930

181
001122181

001123807

182
001125017

001126059

183
001126310

001128395


184
001128604

001130271
185
001130523

001132357
186
001134068

001136486
187
001136737

001138363
188
001138614

001140532
189
001140783

001144285
30
190
001144537

001146121
191
001146539

001149082
192
001150710

001153044
193
001153295

001154963
194
001155214

001158049
195
001158300

001202178
196
001202888

001205849
197
001206100

001208059
198
001208269

001210937
199
001212022

001213898
200
001214150

001215525
201
001216360

001218027
202
001218279

001221573
203
001222074

001223700
204
001226746

001229914
205
001232168

001234294
206
001237506

001239924
207
001240134

001242051
208
001243304

001246598
209
001246891

001248683
210
001253063

001254230
211
001258360

001259736

212
001302490

001303907
213
001306494

001308787
214
001308996

001311206
215
001323761

001326095
216
001326555

001330600
217
001331936

001334145
218
001335856

001336981
219
001337233

001339150
220
001339401

001341611
221
001342780

001347325
222
001347576

001350245
223
001351664

001353248
224
001356460

001359379
225
001401549

001403174
226
001405219

001408888

227
001409139

001410306
228
001410558

001412559
229
001413310

001415186


230
001415396

001417438
231
001418190

001422110
232
001422403

001423486
233
001423654

001425113
234
001426740

001428575
235
001428826

001431119
236
001431370

001433246
237
001433497

001436457
238
001436667

001439419
239
001451807

001453850
240
001454059

001456519


241
001458480

001500231
242
001501609

001503401
243
001503652

001506738
244
001509867

001512493
245
001515164

001516873
246
001517124

001520835
247
001521086

001523796
248
001525925

001531012
200
249
001531263

001534474
250
001534725

001536768
251
001537019

001538978
252
001539229

001544108
253
001544401

001548571
254
001549490

001554077
50
255
001554328

001558039
256
001559500

001604545
257
001604797

001608591
258
001608801

001610843
259
001617643

001619519
260
001620854

001622647
261
001624108

001625191
262
001626860

001628486
263
001630239

001632448
264
001634076

001635118
265
001635369

001638705
266
001640040

001643334
267
001643794

001645044
268
001645462

001647714
269
001647923

001650675
270
001650884

001653720
271
001710279

001712321
272
001712573

001713656
273
001713824

001715825
274
001724001

001725585
275
001725753

001728671
276
001728922

001732842
277
001733093

001736471
278
001736722

001740933
279
001741185

001742393
280
001742644

001745938
281
001746148

001747482
282
001751945

001755865
283
001756366

001757533
284
001757785

001759619
285
001802122

001804165
286
001805042

001807335
287
001807961

001809837
288
001810089

001811714
289
001813467

001814884
290
001815135

001818513
291
001818764

001820348
292
001820599

001823601
293
001824311

001826354

294
001826605

001827855
295
001828107

001830108
296
001830359

001832485
297
001832736

001835905
298
001839451

001841953
299
001842371

001843788
300
001844039

001845581
301
001845833

001849544
302
001849795

001853422
303
001854800

001857426
304
001857636

001901264
305
001901473

001902932
306
001903183

001905393
307
001907020

001908229
308
001908480

001910148
309
001910399

001912608
310
001912818

001914610
311
001914862

001915862
312
001916113

001917864
313
001918115

001919824
314
001920075

001921617
315
001921869

001925663
316
001925914

001927456
317
001928709

001933838
318
001935549

001937466


319
001937718

001940136
320
001940387

001942638
321
001950022

001951063
322
001951315

001954483
323
001955485

001956986
324
001957404

002000364
325
002000574

002002575
326
002003785

002005578
327
002011710

002013336
328
002014588

002015588

329
002015797

002019592
330
002019760

002021969
331
002022221

002025389
332
002025641

002028935
333
002030020

002031520
334
002033065

002035399
335
002035567

002036651
336
002036818

002038236
337
002040030

002042698
338
002043533

002044700
339
002044952

002046077
340
002046286

002050665
341
002050916

002053334
342
002053627

002056879
343
002058173

002102510
344
002103637

002107473
345
002109309

002111102
346
002114273

002115940
347
002116191

002118359
348
002121530

002123781


349
002129871

002131580
350
002132207

002133291
351
002149516

002151517
352
002154813

002156939
353
002207951

002209493
354
002209745

002213831
355
002214041

002215499
356
002215709

002218002
357
002219880

002223716
358
002223925

002227178
359
002228221

002232016
360
002232267

002234226
361
002234436

002236979