1
000004004

000005087
2
000005255

000009133
3
000009300

000013137
4
000013304

000015889
5
000017851

000021061
6
000021688

000022896
7
000114949

000117826
8
000117994

000119787
9
000120622

000123874
10
000124084

000126960
11
000128755

000130923
12
000132092

000133926


13
000134719

000136678
14
000136846

000141600
15
000142519

000144061
16
000144229

000146396
17
000146564

000148482


18
000148650

000150192


19
000150360

000152986
20
000153154

000154446
21
000156825

000158117
22
000159452

000202121
23
000206626

000209503
24
000209671

000211630
25
000211798

000213382
26
000213716

000216718
27
000216886

000218762
28
000221432

000224309
29
000225103

000226270


30
000226437

000228856
31
000229023

000230732
32
000230900

000233193


33
000233361

000235279
34
000235446

000237698
35
000237866

000239449


36
000239617

000244413
37
000244581

000246790
38
000247292

000250460
39
000250628

000254339
40
000258094

000300095
41
000300263

000302264
42
000302432

000304766


43
000304934

000308478
44
000308646

000310105


45
000310273

000311815
46
000311983

000315235
47
000315403

000317696
48
000318281

000319865
49
000320491

000322451
50
000322619

000325078
51
000325246

000327623
52
000327790

000329291
53
000329459

000332419
54
000332587

000334171
55
000334339

000338383
56
000339010

000340886
57
000341054

000343472
58
000343681

000344765
59
000344933

000346225

60
000346392

000348185
61
000348353

000350020


62
000350188

000353106


63
000355235

000357319
64
000357487

000359821
65
000359989

000402282
66
000404661

000407537
67
000407705

000409456
68
000410500

000412876


69
000414087

000416797
70
000417757

000419675
&
&
71
000421719

000423679
72
000423846

000425430
73
000425598

000429434
74
000429811

000432437
75
000436109

000438318
76
000438486

000441571
77
000441739

000444616
78
000445201

000447661
79
000447829

000449871
80
000456671

000459298
81
000459465

000502634
82
000503136

000506638
83
000506806

000509349
84
000509517

000511310
85
000511728

000513186
86
000513354

000515564
87
000516816

000521194
88
000521529

000522696
89
000523114

000525907
90
000526075

000529453
91
000531706

000535292
92
000536419

000537753
93
000539672

000543842
94
000544010

000547554
95
000549307

000550640
96
000550808

000554353
1890s
97
000559025

000600525
98
000600693

000603278
99
000603446

000606656
100
000606824

000609242
101
000609410

000613038
102
000613206

000614956
103
000615208

000617751
104
000617919

000621338
105
000621506

000624299
106
000624467

000627552
107
000627720

000630847
108
000631015

000633225
109
000634394

000635894
110
000638064

000640357
111
000640525

000642526
112
000642693

000645570
113
000651869

000653036
114
000653204

000655163
115
000655748

000659292
116
000659460

000703880
117
000704048

000707008
118
000708886

000711304


119
000711472

000714099
120
000714267

000718061
121
000718229

000721148
122
000721315

000722441
123
000722608

000726736
124
000728030

000729489

125
000729657

000732284
126
000734745

000737706


127
000737874

000740041


128
000740209

000742502
129
000742670

000744671
130
000745006

000746965
131
000747884

000750093
132
000750261

000751845
133
000752013

000754014
134
000754182

000755849
135
000756017

000757809
136
000758394

000759769
137
000759937

000803148
138
000805276

000809070
139
000809697

000812574
140
000812742

000815035
141
000815203

000817662
142
000817830

000819539
143
000819707

000820999
144
000821167

000823793
145
000823961

000827422
146
000827840

000830008
147
000830510

000831801
148
000837642

000838975
149
000839143

000842395
150
000842563

000845398
151
000845566

000846566
152
000846734

000849277
153
000849445

000851112
154
000851280

000853114
155
000854367

000856201
156
000857161

000858912
157
000900081

000902165
158
000903000

000907254
159
000907421

000911591
160
000911759

000914094
161
000914845

000916888


162
000917056

000919891


163
000920059

000922143


164
000922311

000923812
165
000923980

000925772


166
000925940

000928441
167
000928609

000931152
168
000934782

000936908
169
000937076

000940996
170
000942039

000945250
171
000945418

000948670
172
000948838

000951131
173
000951299

000955302


174
001004228

001005604
175
001005771

001008648
176
001008983

001010150
177
001011193

001012235
178
001012486

001014154
179
001015114

001016990
180
001017783

001020201


181
001020369

001023997
182
001024457

001025957
183
001038304

001040722
184
001040890

001044476
185
001044644

001045852
186
001046020

001048146
187
001048314

001050649
188
001050816

001053818
189
001054820

001056446
190
001056614

001058573
191
001058741

001100200
192
001101744

001103787

193
001103954

001107457


194
001107792

001109459
195
001110378

001112879
196
001114465

001119886
197
001122973

001124557
198
001124725

001127977
199
001128145

001132273
200
001132900

001136528
201
001137822

001139531
202
001141909

001143326
203
001143494

001144911
204
001145079

001149290
205
001149458

001151876
206
001152044

001153461


207
001153629

001155380
208
001155548

001157382
209
001157550

001159092


210
001159260

001200427
211
001200594

001203138
212
001203305

001204514
213
001204682

001207934
214
001208102

001211479
215
001211647

001213106
216
001213274

001215734
217
001221365

001225910
218
001226746

001229205
219
001232668

001237380
220
001237548

001239924
221
001240426

001243011
222
001243179

001245597


223
001246557

001249058
224
001249477

001252353
225
001252521

001256566
226
001256734

001258943
227
001259111

001301154
228
001301322

001302822
229
001303449

001306326

230
001306494

001308161
231
001308329

001312582
232
001313083

001316252
233
001316420

001318421
234
001324094

001325470
235
001325638

001329557
236
001331894

001334187
237
001336273

001337315
238
001337483

001339901
239
001340069

001344364
240
001344657

001346407
241
001347201

001349911
242
001350371

001353414
243
001354291

001356042
244
001358671

001400171
245
001402341

001403508
246
001404093

001405468
247
001405636

001406970
248
001407137

001409180


249
001415062

001416938
250
001421402

001425321
251
001426740

001429200


252
001429368

001432078
253
001432246

001433955
254
001434373

001437584
255
001438168

001441379


256
001445050

001447302
257
001447469

001450096
258
001450264

001452265
259
001452433

001455935
260
001456103

001458104
261
001458272

001500773
262
001504236

001506821
263
001506989

001510408
264
001511702

001513578
265
001515998

001517707
266
001518042

001519375
267
001519710

001523546
268
001523714

001526966
269
001527134

001530678
270
001539396

001542523
271
001543901

001545109


272
001545277

001547028
&
273
001547279

001550865
274
001551367

001552617


275
001552785

001554744
276
001554912

001556412


277
001556580

001559248
278
001559875

001600917
279
001601377

001602627
280
001602795

001604462
281
001604630

001606798


282
001608509

001611552


283
001627528

001629779
284
001629947

001631823


285
001631991

001634450
286
001635160

001636411
287
001638163

001639414
288
001640124

001641541
289
001642835

001644377
290
001652720

001654929
&
291
001655097

001657390
292
001657558

001659142
293
001659309

001702478


294
001702646

001704981
295
001705149

001707483
296
001707651

001710111
297
001710279

001711487
298
001711655

001714699
299
001714867

001718286
300
001718454

001720455
301
001720622

001724167
302
001724460

001727211
303
001727379

001731215
304
001733343

001735845
305
001736013

001738389
306
001738557

001741142
307
001741310

001744687
308
001744855

001749776
309
001749943

001752153


310
001752321

001753738


311
001753906

001755656
312
001758702

001800745
313
001807127

001808669
314
001808837

001813716
315
001818138

001820515
316
001820682

001823101


317
001823268

001824393
318
001824728

001827438


319
001829316

001830900
320
001831068

001832777
321
001832945

001836114
322
001836657

001837782
323
001838492

001840118
324
001841537

001842703
325
001842871

001845414
326
001847501

001848960
327
001849128

001852380


328
001852548

001854382
329
001854675

001855883
330
001856051

001859053
331
001859471

001900930
332
001901348

001904392


333
001904560

001906644
334
001906812

001909063
335
001909231

001911190
336
001911733

001913484


337
001913652

001916696


338
001916864

001920116
339
001922578

001925121
340
001925289

001928666
341
001928834

001930751
342
001931170

001932420
343
001932588

001935673
344
001935841

001940052
345
001940220

001943472
346
001943640

001945266
347
001948729

001950188
348
001950355

001951647
349
001951815

001954525
350
001954693

001957570
351
002005162

002007788
352
002007956

002010958
353
002011126

002015129
354
002019134

002020468
355
002020969

002023596
356
002023764

002026933
357
002027100

002029143
358
002029311

002030811
359
002035025

002038861
360
002039029

002041447
361
002041615

002042949
362
002043116

002046953


363
002051792

002053084
364
002056380

002059548
365
002103095

002104428
366
002104596

002109308
367
002111019

002113938
368
002114231

002116607
369
002118819

002121821
370
002125617

002129036
371
002129621

002131455


372
002131623

002135167
373
002136837

002139088


374
002144011

002147513
375
002156273

002158107
376
002158275

002200568


377
002200736

002202653
378
002203363

002205448
379
002206325

002208117
380
002208285

002210411
381
002210620

002214498
382
002214666

002217918
400
383
002218295

002221464
384
002224384

002227094
385
002229514

002231515
386
002231808

002233726