1
000002293

000006046
2
000006881

000009758
15
3
000009926

000012344
4
000012512

000015139
5
000016349

000017975
6
000021146

000022646
7
000024899

000027484
8
000028945

000033115
9
000033783

000037578
10
000039372

000041040
11
000042667

000044960
12
000045128

000047337
13
000047505

000051258
1965
14
000051468

000055012


50
15
000055597

000058515
16
000058683

000100976
17
000102645

000104813

18
000104981

000106273


19
000106441

000107941
20
000108109

000110360
21
000110570

000112362
22
000112530

000114698
23
000114866

000116992
24
000117160

000118368
25
000118536

000121371


26
000121539

000123707
27
000125293

000127711
28
000127921

000130214
29
000223935

000225435
30
000226563

000228939
31
000229107

000231316
32
000231484

000233777
33
000233945

000236530
34
000239576

000242369


35
000242537

000244788

36
000247750

000248750
37
000252088

000253922
38
000254090

000256466
39
000256634

000258218
40
000300555

000302347
41
000303474

000305350
42
000306227

000308103
43
000310231

000312524
44
000313026

000316195
45
000316988

000319865
46
000320033

000322034
47
000322202

000324411

48
000326080

000329875
49
000330710

000333086

50
000333296

000335464
51
000337967

000339509
52
000340428

000341678
53
000342263

000344890
54
000345058

000347392
55
000347560

000350520
56
000350688

000353482
57
000353650

000356068
58
000356653

000358237
59
000358404

000400405
60
000403493

000405744
61
000406120

000407621
62
000409290

000411166
63
000411334

000412793
64
000414254

000416421
65
000416631

000418048
66
000418216

000420926


67
000421427

000423470
68
000423638

000424763
69
000426349

000428600
70
000428768

000431019
71
000431187

000434940
72
000441197

000442239
73
000442407

000444574
74
000449455

000450747
75
000452333

000454001
76
000454168

000456795
77
000457005

000459214
78
000504178

000506179
79
000506347

000510142
80
000510518

000514062
81
000514272

000515647
82
000515815

000517816
83
000518067

000520068
84
000521904

000524114


85
000524324

000527659
86
000530079

000531371
87
000531622

000534374
88
000535168

000539254


89
000539422

000541548
90
000541799

000544301
91
000544469

000546470
92
000546637

000549097
93
000549265

000552976
94
000553186

000554853
95
000555063

000557230


96
000557398

000600442


97
000600651

000603028
98
000603196

000606156


99
000606324

000609242


100
000609827

000614748
101
000615833

000619336


102
000619504

000622047
103
000622215

000623590
104
000623758

000625300
105
000625635

000629429
106
000629597

000632808
107
000632975

000635018
108
000635186

000638146


109
000639107

000640857
110
000641025

000642401
111
000642568

000646738
112
000646906

000649241
113
000650076

000652285
114
000703381

000705340
115
000705508

000708051


116
000708970

000710929
117
000711097

000712639


118
000712807

000716476
119
000717979

000719688


120
000719856

000722232
121
000724026

000725527
122
000726446

000727696
123
000727905

000732075
124
000736456

000739666
125
000741669

000744004

126
000744172

000746423
127
000746591

000747591
128
000750970

000751970
129
000758978

000801229
130
000801397

000802856
131
000803065

000804733
132
000806277

000808737
133
000808905

000810530
134
000811782

000813492
135
000813743

000817120
136
000818581

000821082
137
000821250

000823919
138
000824086

000825086


139
000825254

000826713
140
000826881

000829341
141
000829509

000831593
142
000831761

000834346
143
000835056

000836598


144
000836766

000838683

145
000839685

000840852
146
000841020

000842896
147
000843064

000844523
148
000844690

000846900
149
000847068

000849528
150
000850530

000853031

151
000853199

000856493
152
000856661

000900413
153
000900581

000902958


154
000903960

000905377
155
000906295

000908380
156
000911175

000912676
157
000912843

000914844
158
000915012

000916596
159
000918349

000919766
160
000920851

000923353
161
000923521

000926106
162
000926983

000928275
163
000928693

000929818
164
000930194

000933947

165
000934115

000936074


166
000936284

000939911
167
000940079

000942747
168
000943874

000945125
169
000945668

000948336
170
000948504

000950797
171
000956137

001000599
172
001000808

001003059

173
001003227

001004936
174
001005104

001007480
175
001007648

001012527
176
001016240

001018491
177
001021579

001025540

178
001025708

001030920
179
001037053

001038678
180
001038846

001041723
181
001041891

001043892
182
001044060

001045602
183
001045770

001049439
184
001049940

001052150
185
001052318

001055236
186
001055404

001057739
187
001059075

001100992
188
001104538

001106956


189
001107416

001109459


190
001109627

001112212

191
001112380

001114255
192
001115424

001117092
193
001118344

001121930
194
001122098

001123348
195
001125476

001126893
196
001129939

001131856

197
001132024

001134192
198
001134360

001136236


199
001136404

001139030
200
001140116

001142075
201
001150876

001153336
202
001153504

001155588
203
001156298

001157340
204
001157508

001200844
205
001201011

001204139


206
001206142

001207726


207
001209437

001213398
208
001213566

001214858
209
001215025

001216067
210
001226036

001229289
211
001232293

001235879
212
001236046

001237964
213
001238132

001240258
214
001240426

001242969
215
001245431

001247307

216
001247475

001249058


217
001249226

001250477
218
001250644

001252061
219
001253647

001255523
220
001300404

001303323
221
001314168

001315627
222
001315795

001319464
223
001319632

001321424
224
001321592

001324302
225
001324470

001327305
226
001327473

001329641
227
001329809

001331518
228
001332019

001334562
229
001334730

001337524
230
001341654

001343863
231
001344031

001346908
232
001347576

001349452


233
001349620

001352288
234
001352915

001354457


235
001355167

001356835
236
001358003

001400129


237
001400297

001402465
238
001402633

001405426
239
001405594

001408346

240
001419692

001421109
241
001421277

001423736
242
001423904

001426573

243
001426740

001427991
244
001428158

001430118
245
001430286

001431536
246
001431704

001433872
247
001435040

001438751
248
001438919

001440962


249
001441130

001444507
250
001444675

001447927

251
001448095

001451222

252
001451390

001454559
253
001454727

001458021
254
001459899

001500940
255
001501108

001502483
256
001506822

001508031
257
001509867

001513328


258
001513495

001515079
259
001515748

001517165
260
001519418

001522462
261
001529428

001530929


262
001531096

001534474
263
001534642

001536267
264
001536435

001538978
265
001539188

001542023
266
001543984

001545944
267
001546111

001548863
268
001549031

001551366
269
001552368

001553868


270
001554036

001556287
271
001556455

001558623

272
001558791

001601793


273
001603128

001606839
274
001607174

001610426
275
001611971

001614430


276
001614598

001616766
277
001616934

001619227
278
001620104

001623439
279
001623607

001625650
280
001625818

001629862
281
001631240

001634075


282
001635869

001637662
283
001637830

001640331
284
001640874

001642291
285
001645629

001647046
286
001647214

001650049
287
001650217

001652719
288
001652886

001654512
289
001656890

001658307
290
001700394

001703896
291
001704231

001707442
292
001707609

001708735
293
001709862

001711988
294
001713323

001715575


295
001716201

001717702
296
001725669

001727420
297
001727588

001731799
298
001731967

001734052
299
001735179

001736888
300
001737056

001738473
301
001739224

001741100
302
001741351

001743227
303
001750110

001752320
304
001807669

001809170
305
001810047

001811547
306
001817137

001818304
307
001818972

001820681
308
001822142

001823726
309
001832236

001834237
310
001841036

001842495
311
001849461

001852046


312
001852214

001855299


313
001857136

001859637


314
001900180

001903850
315
001905102

001906561
316
001906728

001909355
317
001909565

001912358
318
001912526

001916654
319
001916822

001920241
320
001920784

001923202
321
001923370

001926581
322
001926748

001929000
323
001931420

001933629
324
001934089

001935423
325
001936008

001940052
326
001942181

001944974
327
001945142

001946893
328
001947060

001949437
329
001949605

001953816
330
001953984

001955735
331
001956320

001957570
332
001957946

002000406
333
002000991

002003951
334
002004620

002007121
335
002009041

002010374
336
002013295

002014629
337
002015672

002017340
338
002020177

002021677
339
002022512

002025848
340
002026016

002027642
341
002030854

002033064
342
002033232

002035608
343
002035776

002037818
344
002037986

002041364
345
002041531

002043366
346
002043533

002046953
347
002047704

002052208
348
002052417

002053668

349
002054544

002056963
350
002057130

002059340
M&M
351
002059508

002101801
352
002101969

002103427
353
002104429

002107431


354
002108725

002111102
355
002111270

002115189
356
002115357

002118025
357
002118235

002121779
358
002121947

002124907
359
002125075

002127201
360
002127369

002129578
361
002130122

002131539
362
002131707

002133958
363
002134126

002135668
364
002135836

002137295
365
002137462

002140298
366
002140465

002141465


367
002141633

002144302
368
002158567

002159900
369
002208785

002210077
370
002211580

002213706
371
002213874

002215499
372
002215667

002218794
373
002223842

002225259
374
002227429

002229263
375
002231683

002235353