1
000007383

000010344
2
000010511

000012263


3
000012430

000014849
4
000015433

000018436
5
000019020

000023524


6
000024191

000025234


7
000025401

000028988


300
8
000029196

000033659


9
000033826

000037038
10
000038622

000041876
11
000042251

000046464
$300
12
000046630

000051552
300
13
000053387

000055473


14
000055639

000057349


15
000057516

000100770
50
16
000100936

000104648


17
000105191

000107526
18
000108194

000110529


19
000110696

000112698
20
000112865

000115659
21
000116243

000119413


22
000121123

000122917
23
000123125

000126045
24
000126212

000129840
42
25
000130049

000133219
7
26
000133427

000135596
27
000136388

000140309
$250
28
000140476

000143729
29
000147066

000148984
30
000149735

000151237
31
000152196

000154365
32
000154532

000158160
33
000158369

000200538
34
000200704

000203290
35
000204959

000206919
36
000207128

000210381
37
000210548

000213008
38
000214176

000216220
39
000309440

000313068
40
000313277

000315237
41
000315446

000317740
42
000319575

000323078
43
000323287

000326290
44
000326498

000329335


45
000329919

000333881


46
000334715

000337301
47
000337468

000341180
48
000341388

000344058
49
000344225

000346644


50
000346810

000351106
51
000352107

000354902


52
000355319

000358405


53
000358614

000401575
54
000401867

000404161
55
000404370

000407915
56
000408082

000411627
57
000413629

000416006
58
000416465

000419093


59
000419301

000421637


60
000421845

000425057
61
000425224

000427643
15
62
000427851

000429645


63
000429853

000433607
24state
64
000434650

000438445
65
000438654

000442366
66
000443701

000446578


67
000447079

000451500


68
000452793

000456338


69
000456505

000459758


70
000459925

000501802
71
000502011

000504638
72
000504805

000507016
73
000507182

000509268
74
000511145

000512229
75
000512396

000515149
76
000515316

000519194
77
000520571

000522656
78
000522823

000524867
79
000525075

000531540
80
000532041

000534084


81
000534293

000537254
82
000537421

000540257
83
000540424

000543510
84
000544136

000545846
85
000546055

000548432
86
000548640

000552186
87
000554646

000557274


88
000557441

000559401
89
000559610

000604365
90
000604698

000607618
91
000607826

000610788


92
000610954

000613499
93
000613707

000616460
94
000616627

000618712


95
000618921

000620881
96
000621048

000622966
97
000623133

000626261
98
000626428

000629973
99
000630140

000631683
100
000632601

000634645
101
000634812

000636480
102
000636647

000638857
103
000639066

000642236


104
000642403

000646573
105
000646740

000650494
106
000650661

000653038
107
000653205

000656417
108
000700546

000704591
109
000705384

000707970
110
000708137

000710556
111
000711265

000712724
112
000712933

000716520
113
000716687

000719314
50
114
000719982

000721900


115
000722067

000725154
116
000725529

000729074
117
000729241

000733245
118
000733954

000737666
119
000737833

000741712
120
000741879

000743505
121
000744548

000747009
122
000750345

000753015
123
000753223

000757853


124
000758020

000800814
125
000801023

000805736
126
000806862

000811658
127
000811992

000813869
128
000814077

000816997
129
000817414

000821418
130
000821793

000823795
131
000823962

000827466
132
000827633

000830802
15
133
000832513

000835974
134
000836475

000840729
135
000841188

000843941
136
000844107

000845984
137
000846151

000850030
138
000851156

000853075
139
000853242

000854576


140
000854785

000857829
141
000857996

000901959
142
000905671

000908549
143
000908757

000910842
144
000913512

000916181
145
000918100

000920352
146
000920519

000923272
147
000926733

000930946
148
000931947

000934491
149
000934658

000937786
150
000938537

000940581
151
000941164

000943792
152
000943959

000946670


153
000946837

000949506
154
000949715

000951383
155
000951925

000954469


156
000954636

000957347

20

157
000957514

001000892
158
001001059

001003770
159
001003937

001006106
160
001006898

001008942
40
161
001009109

001012154
10
162
001012362

001015115


163
001017200

001019661


164
001019870

001023332


165
001023540

001025834
166
001026001

001030380
167
001030547

001033842

20

168
001035510

001039723
169
001040682

001044102
20
170
001045479

001047981
171
001049691

001052569
172
001052778

001056114


173
001056281

001058825
174
001059034

001103163
175
001103372

001107876
176
001108210

001109961
177
001110921

001114216
178
001114383

001117219
179
001117427

001121223
180
001121390

001125560
181
001126645

001129856
182
001130065

001132943
183
001133151

001134778
184
001134945

001137572
185
001137739

001142077
186
001143036

001145622
187
001145872

001148166
188
001148333

001150335
189
001150544

001155257
190
001155507

001200429
191
001200595

001203223
192
001203390

001205892
193
001206059

001208520
194
001208687

001211064
195
001211231

001214401
196
001214609

001218947
197
001219114

001221158
198
001221324

001223744
199
001223952

001226663
200
001226830

001231460


201
001232544

001235046
202
001235213

001237215

203
001237382

001239426

204
001240093

001243138
205
001243346

001246683


206
001248477

001251480
207
001251646

001253982


208
001254191

001256777
209
001256943

001300655
210
001300864

001303533
211
001303742

001306119


212
001309456

001310999
213
001311875

001314294
214
001314503

001316505
215
001317255

001320592


216
001320759

001323595
217
001323762

001326598
218
001326765

001329392

219
001332062

001334731
220
001335023

001337692
221
001352040

001356378
222
001357128

001359339
223
001400173

001402634


224
001402801

001404928
225
001405095

001408557
226
001408723

001412477
227
001413979

001417607
228
001417774

001422070
229
001422237

001424406
230
001424573

001427951


231
001429327

001435166
232
001435625

001441089
233
001441756

001446303
234
001452100

001455353
235
001457397

001459065
236
001459232

001501109
237
001501276

001505447
238
001505614

001508450
239
001508617

001511077
240
001511244

001513997
241
001514164

001515707
242
001515874

001520795
243
001521004

001522714
244
001522923

001526593
245
001526801

001528637
246
001528803

001531806
247
001531973

001534017


248
001534517

001537312
249
001537479

001540023
250
001540231

001543026
251
001543318

001548615
130
252
001550241

001552661
253
001553578

001556289
254
001556456

001600293
255
001600460

001603129
256
001606758

001608259
257
001608426

001610428
258
001611179

001614641
259
001615058

001618937
53
260
001619145

001621648


261
001621815

001624609
262
001625944

001626987
263
001627195

001632659
264
001632826

001635954
265
001636162

001638540
266
001638748

001642460
267
001643920

001645922
268
001646089

001649467
269
001649884

001651761


270
001651970

001654806
271
001658643

001700895
272
001701521

001704899


273
001705066

001706776
274
001707527

001711239
275
001711656

001715660


276
001715869

001718913
277
001719289

001722792
278
001722959

001727297


279
001727505

001731301
280
001734345

001738349


281
001738516

001740060
282
001740268

001743980
283
001749861

001754240
284
001754449

001759829
285
001803500

001804584
286
001804751

001808171
287
001815428

001817972


288
001818640

001820308
289
001820517

001823686
290
001823853

001826773
291
001831611

001833655
292
001836866

001839661
293
001839828

001840870
294
001841037

001843832
295
001843998

001846626
296
001847669

001850171


297
001850338

001853258
298
001853424

001855760
299
001855927

001858388
300
001858596

001901182
301
001901349

001903184
302
001903351

001908273
303
001910316

001913611
304
001913778

001917240
305
001918950

001921703
306
001921870

001923079
307
001923288

001925623
308
001925790

001928126
309
001929544

001933214
310
001945685

001947353
311
001947520

001949480
312
001951566

001954527
313
001954694

001957322
314
001957488

002001326
315
002001993

002005330


316
002005496

002007665
317
002007874

002011085


318
002011252

002017008
319
002017467

002019510
320
002019844

002021888
321
002022096

002023264
322
002026017

002028519
323
002028686

002030772
324
002030980

002037445
325
002038571

002042033
326
002042200

002044786


327
002045078

002046871


328
002047038

002049749


329
002050124

002053920
330
002055004

002101261
$3
331
002102136

002106224
20
332
002106391

002111020
333
002111229

002113481
$3
334
002113690

002116818
50
335
002117527

002120488
336
002120655

002121906


337
002122073

002124409
338
002129122

002132000
339
002141467

002144429
340
002144762

002149892


341
002151394

002155023
342
002155189

002200111
$10000
343
002209620

002214751
344
002215126

002220089
345
002223634

002226929