1
000002252

000004628
2
000004796

000007506
3
000007674

000011510
4
000012429

000016598
5
000017600

000022312
6
000022480

000024815


7
000024983

000026608
8
000026776

000028652
9
000031614

000033824
10
000034034

000037286
11
000037454

000040789
12
000043626

000044668


13
000044836

000046253
14
000046421

000049757


15
000051301

000054303
16
000057140

000058182
17
000058683

000102394
18
000106733

000109026


19
000158034

000201161
20
000201329

000203705
21
000203873

000206500
22
000206668

000208961
23
000210630

000211880


24
000212048

000214216


25
000214968

000217928


26
000219931

000222141


27
000222308

000224601
28
000224769

000227062
29
000227230

000229940
30
000230108

000233735


31
000234404

000235445
32
000235613

000237781


33
000237949

000240117


34
000240285

000244413
35
000245582

000246665
36
000249127

000251211


37
000251379

000252880


38
000253590

000255716
39
000255884

000256925
40
000257093

000259678


41
000259846

000303140
42
000303308

000305517
43
000305685

000310647


44
000310815

000312024
45
000313318

000316737
46
000318781

000321491
47
000322869

000325704
48
000330001

000331501
49
000332503

000334463
50
000334631

000336340


51
000337634

000339009
52
000339177

000340636


53
000340803

000342554
54
000344849

000347893


55
000349312

000351563
56
000407580

000409665
57
000411042

000415212


58
000415380

000417756
59
000418466

000422761
60
000423513

000426807


61
000426975

000428850
62
000429018

000431603
63
000433898

000435524
64
000435692

000437234
65
000437735

000439861
66
000445201

000448662
67
000448830

000450372
68
000451207

000452749
69
000454377

000458005
70
000458172

000459464
71
000500216

000502175
72
000508266

000509933
1000
73
000510101

000513395
74
000513563

000515856
75
000516024

000518525
76
000518693

000520736
77
000520903

000523113


78
000523740

000526783


79
000526951

000530829
80
000530997

000532789
81
000535710

000537544

82
000537712

000540255
83
000540423

000542632
84
000542800

000545093
85
000545261

000548263
86
000548973

000550432
87
000550600

000552851
88
000553019

000556438
89
000556606

000558690
90
000558858

000601360
91
000601527

000602944
92
000606157

000607616
93
000608785

000610619
94
000619003

000622005
95
000622173

000624424
96
000624592

000626510
97
000626677

000629971


98
000630640

000633308
99
000633476

000635811


100
000639982

000641817
101
000641984

000644027
102
000644195

000646780
103
000647949

000649366
104
000649534

000650826
105
000650993

000653036
106
000653871

000657040
107
000657208

000700419


108
000701671

000704464
109
000712348

000715559


110
000715726

000718937
111
000719105

000720981
112
000723693

000724943
113
000727989

000730157
114
000730324

000732367
115
000732535

000735829


116
000737039

000738623
117
000738791

000741626
118
000741794

000744087
119
000744255

000745672
120
000745840

000749593
121
000749760

000752679


122
000752847

000754264
123
000755057

000756099
124
000758060

000800228
125
000800396

000801980
126
000802899

000806193
127
000806360

000809154
128
000809322

000813658
129
000813826

000817454
130
000817622

000820790
131
000820958

000822709
132
000823628

000825754
133
000825922

000828548
134
000828716

000832469
135
000835306

000837766
136
000837934

000839851
137
000841479

000843813


138
000843981

000847067
139
000848528

000850529
140
000850696

000853657
141
000853824

000855700
142
000855868

000858703
143
000858871

000901706
144
000901874

000904209
145
000908214

000909256
146
000909423

000911675
147
000911842

000916471


148
000917014

000918390
149
000918558

000920850
150
000921018

000924396
151
000925982

000927941
152
000928109

000931861
153
000932029

000933488
154
000933656

000936700
155
000937535

000940495
156
000940663

000944833
157
000945001

000947252
158
000948087

000951423
159
000951591

000955176
160
000955344

000956970
161
001000933

001004311
162
001004478

001005520


163
001005688

001007731
164
001007898

001011192
165
001021329

001022495


166
001022663

001024706
167
001024874

001027083
168
001027251

001030003


169
001030171

001033423
170
001033591

001036760
171
001036927

001039971
172
001043851

001045935


173
001046103

001049981
174
001053069

001054361
175
001056072

001100325
176
001100493

001105038
177
001105206

001107624
178
001107792

001110710
179
001114882

001116049
180
001117134

001119469
181
001120846

001123014
182
001123182

001126685
183
001126852

001128436
184
001130481

001131981
185
001132149

001135068
186
001135236

001137779
187
001137947

001140865
188
001141033

001142659
189
001142827

001145954


190
001146122

001148540


191
001148708

001150625
192
001153003

001155797
193
001155965

001159134
194
001159301

001201594
195
001201762

001204013
196
001213899

001215817


197
001215985

001219112
198
001219280

001222157
199
001223576

001225952
200
001226120

001227454


201
001227621

001230206
202
001230374

001233084
203
001233252

001235253
204
001235421

001239674
205
001239842

001241885
206
001242052

001244637
207
001246807

001249517
208
001249685

001251519
209
001252605

001255648
210
001255816

001259194
211
001259361

001301821


212
001301989

001304532
213
001304700

001305867
214
001306035

001309370
215
001309538

001311289
216
001316128

001318338
217
001319423

001321674


218
001321842

001324677


219
001324845

001327889
220
001328057

001330600
221
001330768

001334813
222
001335898

001337065
223
001338400

001340068
224
001340236

001342987
225
001343155

001346825
226
001347451

001350036
227
001350204

001353206
228
001353374

001354958


229
001355125

001356417


230
001356585

001358419
231
001400381

001401548
232
001405261

001408972


233
001422444

001425113


234
001428951

001432620


235
001432788

001435039
236
001435207

001436499
237
001436667

001440795
238
001442256

001443381
239
001443924

001445258


240
001446844

001448678
241
001450097

001452682
242
001454059

001455268


243
001456979

001459230
244
001459398

001502442


245
001502610

001503693
246
001503861

001505653
247
001505821

001508156


248
001509700

001514329
249
001514997

001516289
250
001516498

001519167
251
001519335

001520710
252
001522004

001523046
253
001523213

001524505


254
001524673

001526758
255
001526926

001529594
256
001529762

001532305
257
001533432

001535266
258
001536268

001538811
259
001540564

001541606
260
001542024

001544525


261
001546236

001550531
262
001550699

001554953
263
001555537

001557246


264
001557414

001558831


265
001558999

001602710
266
001602878

001605004
267
001605172

001608591
268
001609885

001611719
269
001611887

001614889
270
001615057

001616182
271
001616350

001619769
5
272
001619937

001623439
273
001625234

001627276
274
001627444

001630697
275
001630864

001633574
276
001633742

001636911
277
001638080

001639539
278
001649174

001651926
279
001652094

001654679
280
001654847

001658766
281
001700853

001702937
282
001703814

001708026
283
001710237

001712155
284
001714241

001715742
285
001715909

001717785
286
001717953

001718995


287
001719163

001720580
288
001724293

001727211


289
001728088

001732425
290
001738974

001740224
291
001748150

001750318


292
001750486

001752862
293
001753030

001755865
294
001756033

001800495
295
001802164

001804540
4
296
001805292

001808544
297
001808712

001810797
298
001810964

001813382
299
001814218

001815593
300
001815761

001818596
301
001818764

001820264
302
001820933

001823893
303
001824061

001826395
304
001830192

001832318


305
001832486

001833861
306
001834029

001836697
307
001838617

001841494


308
001842746

001846165
309
001846333

001848000
310
001849378

001853798


311
001900514

001903683
312
001906186

001909397
313
001910566

001915528
314
001915696

001919532
315
001924371

001928332


316
001928500

001931460
317
001933589

001934839
318
001935007

001941512
319
001941680

001943598
320
001943765

001946601
321
001946768

001949061
322
001949646

001951230
323
001951940

001954817
324
001954985

001956027
325
001956195

001959447
326
002001200

002002742
327
002003327

002007163


328
002010876

002012293
329
002013629

002014962
330
002017966

002019133


331
002019301

002021344
332
002021511

002024263
333
002024431

002026474
334
002026642

002028893
335
002029061

002031020
336
002031188

002034815
337
002035692

002037735
338
002037903

002040988
339
002041156

002045451
340
002045619

002048829
341
002048997

002052792
342
002054169

002055211
343
002055379

002059173
344
002100467

002104720
345
002104888

002107515
346
002108475

002110476
347
002112354

002114146
348
002117651

002120945
349
002121697

002124699
350
002130455

002133791