1
000002877

000004795
2
000004963

000008799
3
000008967

000010050
4
000011553

000013595
5
000013805

000017307
6
000017475

000019727
7
000019936

000022062
8
000022230

000024189
9
000024524

000025983
10
000027694

000028902
11
000029070

000033115
12
000033283

000036285
13
000037162

000040289
14
000040457

000042416
15
000042917

000044960
16
000051384

000053719
17
000107525

000110069


18
000110236

000112696


19
000112906

000115616
20
000115784

000117326
21
000117494

000121205
22
000122499

000123999
23
000127212

000129463
24
000217679

000218762
25
000218930

000220222
26
000223643

000225519
27
000228731

000231567
28
000231776

000233068
29
000239159

000240242
30
000240410

000241577
31
000243746

000245289
32
000245498

000249376
33
000249544

000251587
34
000252255

000253922
35
000254090

000258051
36
000258219

000300137
37
000301848

000303599
38
000303766

000306894
39
000309898

000313275


40
000313902

000315736
41
000315904

000319072
42
000319240

000321825


43
000321993

000324286


44
000324454

000327873
45
000328041

000330459
46
000331502

000333295
47
000333713

000337090
48
000337258

000338592
49
000338801

000341470
50
000342555

000346308
51
000347352

000349311
52
000349520

000351605
53
000351814

000353732
54
000354943

000358070
55
000358279

000401156
56
000401324

000403951
57
000404118

000405661


58
000413336

000414836
59
000415004

000416213
60
000416381

000419174
61
000421135

000423595
62
000429269

000430352
63
000430520

000433021
64
000433189

000436066


65
000437986

000442572
66
000443074

000446868
67
000448329

000452916
68
000453126

000457504
69
000501259

000505387
70
000509017

000510684

71
000510852

000512728
72
000512895

000516982
73
000517150

000521403
74
000521571

000523280
75
000523448

000527367
76
000528202

000530454
77
000531914

000536626
78
000536794

000538587
79
000540548

000543091
80
000543801

000546762
81
000546971

000548388
82
000548598

000550515
83
000550683

000552434


84
000552602

000554770
85
000554937

000600817
86
000600985

000602778
87
000609327

000611078
88
000611245

000613747
89
000613956

000615999
90
000616167

000619252
91
000619420

000622923
92
000623758

000627636
93
000628346

000631765
94
000631933

000633725


95
000633893

000635185
96
000635353

000637229
97
000637814

000639314
98
000639482

000641024
99
000641901

000643652
100
000643820

000646655
101
000646823

000648281
102
000649700

000650784
103
000650952

000653120
104
000654580

000655664
105
000655832

000659126
106
000701212

000703213
107
000704298

000705674
108
000705842

000707384
109
000707552

000709928
110
000710096

000713056
111
000713224

000715016
112
000720231

000721982
113
000722150

000723483
114
000723693

000726361
115
000726529

000729156
116
000732535

000733910
117
000734078

000736371
118
000736539

000739458
119
000739625

000744754
120
000745381

000749134
121
000749302

000752053
122
000753097

000754347
123
000754515

000757058
124
000758519

000802105
125
000803649

000804900
126
000805067

000808069
127
000808237

000810697
128
000811157

000812574
129
000812742

000814701
130
000814869

000817245
131
000818664

000821541
132
000821709

000826087
133
000826255

000829549
134
000831636

000833261
135
000834388

000835889


136
000836057

000837641
137
000837808

000841520

138
000841687

000843063
139
000843231

000844606
140
000844774

000847317
141
000847485

000849027
142
000849195

000853281
143
000854075

000856660
144
000857078

000858161
145
000858329

000859621
146
000859789

000904417
147
000904585

000907003
148
000907171

000910090
149
000910258

000912175
150
000912343

000914469
151
000914637

000915929
152
000924230

000927357
153
000927525

000930860
154
000931779

000934447
155
000934615

000938618
156
000938786

000941538
157
000943040

000947168
158
000947336

000949337
159
000951757

000954217
160
000954385

000956595
161
000956762

000957846
162
000958014

001002142
163
001003060

001004603
164
001004770

001006438
165
001006647

001010817
166
001010985

001015822
167
001017116

001018450


168
001018618

001021453
169
001023456

001025165


170
001026334

001028376
171
001028544

001030879
172
001031339

001033173
173
001036719

001039054
174
001039221

001042140
175
001042391

001044017
176
001046687

001049064
177
001050566

001052901
178
001053069

001054819
179
001054987

001057030
180
001057198

001100533
181
001100701

001105038
182
001106499

001109125


183
001109293

001111252
184
001111420

001114297
185
001114465

001118176
186
001120012

001122263


187
001122431

001123848
188
001124350

001127227
189
001127395

001129479


190
001129647

001132399
191
001134610

001135860
192
001136737

001141533
193
001146455

001148707
194
001149375

001151126
195
001151627

001153044
196
001158718

001201594
197
001204348

001206433
198
001206767

001210562
199
001210730

001211896
200
001212565

001215525
201
001220990

001223408
202
001223576

001225994
203
001226162

001230749
204
001232293

001235211


205
001235379

001236504
206
001236839

001240467
207
001241177

001243803
208
001244430

001246514
209
001247892

001249726
210
001249894

001252562
211
001254440

001255565
212
001255733

001258610
213
001258778

001300695
214
001300863

001305200
215
001306410

001307660
216
001307828

001310288
217
001311040

001313625


218
001314502

001316920


219
001318380

001319756


220
001319924

001322592
221
001324136

001326596


222
001327056

001329474
223
001331393

001332644


224
001332812

001333978
225
001337608

001339984
226
001342446

001344197
227
001344365

001345740
228
001345908

001347826
229
001348369

001350161
230
001350329

001354165
231
001356252

001358878
232
001359046

001401798
233
001401966

001404592
234
001404760

001407220
235
001408556

001410139
236
001412017

001415520
237
001415688

001418523
238
001418691

001420650
239
001425197

001427448
240
001427616

001429325
241
001432830

001437041
242
001440588

001441880
243
001442047

001445258
244
001454351

001458062
245
001458564

001500189


246
001502985

001504652
247
001504820

001506029


248
001508699

001512911
249
001521837

001524297
250
001530721

001533139
251
001534808

001538019
252
001538187

001540271
253
001540439

001541940
254
001543275

001544400
255
001544610

001547820
256
001547988

001549072


257
001549239

001551282
258
001552368

001553993
259
001555371

001557747


260
001558666

001600833
261
001601001

001603127


262
001603295

001605046
263
001606507

001607840
264
001608008

001609384


265
001612221

001614222
266
001615933

001617684
267
001617851

001619352
268
001620229

001623815
269
001628570

001631280
270
001638664

001643626
271
001643794

001648631
272
001648799

001653219
273
001653387

001657640
274
001658183

001701686
275
001702312

001704522
276
001712156

001714699


277
001714867

001717660
278
001717870

001719537
279
001720622

001722331
280
001726879

001728546
281
001728714

001731841
$827
282
001732009

001734510
283
001736180

001740433
284
001740601

001741809
285
001741977

001743436
286
001743604

001747899
287
001748942

001751652
288
001752988

001756574
$175
289
001756992

001758910
290
001800829

001803956
25
291
001805459

001809170

292
001810422

001811547
293
001811757

001815885

294
001816095

001822183
295
001823102

001825478
296
001825687

001828523
297
001828690

001832693
298
001835322

001837490
299
001837699

001840910

300
001841078

001842787
301
001843330

001844664
302
001846291

001850461
303
001853340

001854549
304
001854716

001857176
305
001901890

001903432
306
001903600

001905059
307
001905310

001906769


308
001906979

001909230
309
001915571

001918364
310
001918574

001920950
311
001921160

001924245
312
001924413

001925705
313
001925873

001929167
314
001929334

001933129
315
001933297

001934589
316
001934756

001938593
317
001938760

001941179
318
001941346

001943890
319
001944057

001945308
320
001945475

001947143
321
001947311

001948728
322
001949646

001951731
323
001951899

001953316
324
001953483

001955526
325
001956987

001958863
326
001959865

002002825
327
002003493

002004911
328
002006121

002007205
329
002007414

002010499
330
002013337

002014420
331
002014630

002016005
332
002016215

002017924
333
002018592

002022386
334
002022554

002025014
335
002026516

002029018
336
002032731

002034732
337
002038111

002039862
338
002040948

002043282
339
002044159

002046535
340
002046703

002049121
341
002049623

002053751
342
002054628

002058047
343
002058215

002059298
344
002059466

002101842

345
002104054

002105346
346
002105555

002108516
347
002109226

002111018
348
002113605

002116732
349
002119278

002120861
350
002121655

002123239
351
002124992

002126492
352
002127327

002128411
353
002128578

002131664
354
002137921

002140965
355
002141133

002143551
356
002144094

002145553
357
002145721

002148723
358
002153228

002156814
359
002157274

002158607

360
002158775

002159859
361
002200068

002202653
362
002202821

002204113
363
002204823

002207533


364
002207701

002209785
365
002209953

002212872

366
002214916

002217209
367
002217461

002218919

368
002219129

002222715
369
002222883

002225801
370
002226553

002229513
371
002229681

002232808
372
002233560

002236103