1
000002335

000004461
2
000004629

000007131
3
000007298

000011260
4
000011428

000014430
5
000014597

000017349
6
000017517

000021061
7
000022480

000025357
8
000025525

000029236
9
000030321

000033699
10
000034284

000037661

11
000037829

000040456
12
000040665

000043876
13
000045879

000047337
14
000047547

000049256
15
000049424

000051216
16
000051384

000053927
17
000054095

000055679
18
000055847

000059683
19
000059851

000102478
20
000102687

000107149
21
000107859

000111361
22
000111571

000113864


23
000114074

000115783
24
000115950

000118118
25
000118328

000119411
26
000119579

000122831
27
000122999

000125918
28
000126086

000127836
29
000215176

000216426
30
000216594

000218178
31
000218346

000220639
32
000220807

000222391
33
000225436

000228814


34
000228982

000230649
35
000230859

000233986
36
000234154

000235863


37
000237365

000242077


38
000242245

000243996


39
000244205

000246748
40
000246916

000248375
41
000255341

000257009
42
000258386

000301847
43
000302015

000305100
44
000305268

000307644
45
000308396

000309646
46
000309856

000310981
47
000312901

000314151


48
000314360

000316778
49
000318198

000320866
50
000321034

000323952
51
000325914

000328999
52
000329500

000331460
53
000331628

000333879
54
000334756

000337591
55
000337759

000339134
56
000339302

000341470
57
000341638

000345557


58
000347268

000349645
59
000349812

000350896
60
000351064

000353774
61
000356778

000358487
62
000358696

000359988
63
000401241

000403325
50s
64
000403493

000407079
65
000407247

000409581
66
000409749

000414294
67
000414921

000416797


68
000416965

000418799
$127
69
000418967

000422010
70
000422178

000423512
71
000423680

000425138
72
000430979

000432771
73
000433856

000435148
74
000435316

000438527
75
000438736

000440445


76
000440655

000443073
77
000443283

000445200
78
000445368

000448203
79
000448371

000450622


80
000450832

000452249
81
000452417

000455043
82
000458756

000501466
83
000501634

000505846
84
000507307

000509891


85
000510059

000513437
86
000513604

000517858
$127
87
000518026

000521737
88
000523072

000524823
89
000525742

000528035


90
000528202

000531079
91
000531247

000534207
92
000534375

000536251
93
000536627

000538712
94
000539297

000541131
95
000551601

000554436
96
000555063

000556897
97
000557065

000558899
98
000559067

000602986
99
000603654

000605822


100
000605990

000607074
101
000610953

000612621
102
000612789

000615123
103
000615291

000617501
104
000617668

000620587
105
000620797

000624508
106
000624717

000627302


107
000627470

000631098
108
000631265

000633433


109
000633601

000635727
110
000637188

000639940
111
000644445

000645737
112
000647031

000649449
113
000650034

000652494
114
000653162

000654830
115
000654997

000657374
116
000657542

000700961
117
000701129

000704631
118
000705174

000708927
119
000709095

000710595
120
000711973

000714141


121
000714684

000718103
122
000724360

000725902


123
000726070

000728530
21
124
000728698

000731741
125
000733786

000736580
126
000739167

000742335
127
000742503

000744337
128
000747341

000751720
129
000751888

000754181


130
000754348

000757058
131
000757226

000800770
132
000800938

000803273
133
000804942

000806526
134
000808154

000811865
135
000812074

000813825
136
000814243

000816036
137
000816537

000817621
138
000818873

000820999
139
000822793

000825170
140
000825379

000827214


141
000827423

000828715
142
000828925

000831176
143
000833971

000835805
144
000837099

000839518
145
000839769

000840936
146
000841103

000844397
147
000845900

000848401


148
000850488

000852155
149
000852448

000854866
150
000856494

000859746
151
000902208

000904501
152
000904710

000909130
153
000909298

000911675


154
000914637

000917055
155
000917223

000921351
156
000922520

000923687
157
000923854

000928858
158
000934115

000937158
159
000943374

000945584
160
000945793

000947544
161
000949547

000950630
162
000950798

000953300
163
000953467

000956970
164
000958431

001003351
165
001003519

001006479
166
001006647

001008106
167
001009734

001015864
168
001016032

001018199
169
001018367

001021202
170
001021370

001023246
171
001023414

001024998
172
001026500

001028293
173
001028502

001030795
174
001050107

001052067
175
001054528

001059240
176
001103162

001105497
177
001105665

001108208
178
001108376

001111169
179
001111337

001113296
180
001113506

001115173
181
001115383

001120095

182
001120304

001123848
$17
183
001124058

001127644
$350
184
001129105

001130563
$17
185
001130773

001133066
186
001133234

001136653
187
001137446

001138738
188
001138906

001143702
189
001144662

001148748

190
001148958

001151084
191
001151293

001153712
192
001153879

001157340

193
001158426

001201052
194
001205808

001207642

195
001207810

001209060


196
001209228

001212939
197
001213107

001216609
198
001216819

001218403

199
001218571

001220822
200
001220990

001224701
201
001224869

001229038
202
001230833

001235628
203
001235838

001239591
204
001239759

001242260
205
001242428

001245096

206
001246056

001248725
207
001248934

001250018
208
001250561

001254189
209
001254899

001256107
210
001258110

001259360
211
001300529

001304324
212
001306869

001307952
213
001308120

001309579
214
001312541

001314501
215
001316253

001318671
216
001318881

001322717
217
001322885

001325386
24
218
001325554

001327764
219
001334480

001336606


220
001340319

001341611
221
001341779

001343446
222
001346450

001350453


223
001359004

001401381
224
001401549

001404092
225
001404260

001406803
226
001412142

001414102
227
001414311

001417021
228
001417189

001421693
229
001421861

001424320
230
001424530

001427407


231
001428158

001429284


232
001429451

001434414
233
001434623

001438084

234
001438252

001441462
235
001441672

001444090
236
001445843

001448136
237
001448304

001449345
238
001449513

001452682


239
001453684

001454767
240
001454935

001458438
241
001458606

001501900
242
001502067

001505236
243
001506238

001509115
244
001511410

001513202

$100

245
001513370

001515622
246
001515915

001517498

$100

247
001517708

001520168


248
001520336

001523338


249
001523547

001525632
250
001527551

001529510
251
001529720

001533097
252
001533307

001534974
$100
253
001535184

001536392
254
001536602

001538394
255
001539063

001541356
256
001541523

001546569
257
001548989

001552200
258
001553160

001556037
259
001558415

001559499
260
001559667

001601000
261
001601168

001605630
262
001605798

001607048
263
001607257

001610468
264
001610636

001612470
265
001613722

001615014
266
001615224

001618810
56
267
001619019

001622438
268
001622606

001624816
269
001625025

001628528
270
001628737

001631823


271
001632032

001635034
272
001635828

001638371
273
001638580

001640623
274
001640833

001642333
275
001642543

001645420
276
001645629

001646879
277
001647047

001648840
278
001649049

001652719
279
001653762

001656055
280
001656223

001658725
281
001658934

001700476
282
001700686

001701853
283
001702021

001704230
284
001708569

001712113


285
001712281

001715366
286
001715743

001717952
287
001718370

001719454
288
001719663

001720955
289
001721915

001725626
290
001725836

001728379
291
001728589

001730089
292
001730591

001732216
293
001733218

001735720


294
001735929

001739891
295
001740100

001742894
296
001743062

001745897
297
001747816

001750777
298
001750944

001753821
299
001754656

001757950


300
001758452

001800453
301
001800662

001802663


302
001805459

001808795


303
001809004

001811923
304
001812966

001815009


305
001815177

001818888
306
001819056

001821724

307
001822518

001825478


308
001825646

001827230
309
001827481

001832318
310
001832486

001834195
311
001834404

001836405


312
001836573

001837657
313
001837825

001840368


314
001843163

001845623
315
001845833

001850294
316
001850504

001852296
317
001855050

001859387
318
001900681

001903975


319
001906061

001907562
320
001918615

001921033


321
001923203

001925830


322
001930419

001932170
323
001932379

001935882
324
001937593

001940344
325
001940554

001941929
326
001942097

001944682
327
001944933

001946851
328
001947060

001948769

329
001948979

001950062
330
001950939

001953065
331
001954109

001955443
332
001957196

002001824
333
002001992

002004243


334
002004411

002007246
335
002007956

002009916
336
002010125

002011292
337
002011501

002013878


338
002014046

002015379
339
002015547

002019133
340
002019343

002020551


341
002022512

002025223
342
002025432

002028893
343
002029102

002030978
344
002031188

002034440
345
002035734

002037735
346
002037903

002041948
347
002042115

002044825
348
002045035

002046577
349
002046787

002048829
350
002049331

002051499


351
002051667

002053167
352
002053502

002056629
353
002056838

002058506


354
002058674

002101759
355
002101969

002103427

356
002103637

002104971
357
002105180

002106389
358
002110477

002112812
359
002112980

002115898


360
002116066

002119026
361
002119194

002121570


362
002121738

002124198
363
002124366

002126534
364
002126702

002129620
365
002132749

002136294
366
002136878

002138170
367
002139840

002141465


368
002141675

002143884
369
002145595

002147013
370
002147723

002149265
371
002200444

002201736
372
002203530

002205114
373
002205282

002207033
374
002207242

002208659
375
002209995

002211454
376
002221798

002223090
377
002225635

002229138
378
002229306

002230765
379
002230932

002232558
380
002232768

002235019
381
002237189

002245529