1
000008133

000011093
2
000011261

000013971
20
3
000014139

000015973
4
000017809

000019935
5
000020103

000021145
6
000021312

000023063
7
000025066

000026775
8
000026943

000028736
9
000030447

000034533


10
000034701

000036410
11
000039414

000042458
12
000042876

000045377
13
000048048

000049965
14
000050216

000052676
15
000053344

000054762
16
000054971

000056180
17
000056389

000059183
18
000059350

000102394
19
000104564

000109943
20
000110111

000113655
21
000113823

000116492
22
000118495

000120621


23
000122248

000125918
24
000128379

000130923


25
000131883

000133342
26
000134594

000137096
27
000137514

000138555
28
000140141

000143435
29
000144062

000145479
30
000146272

000149566
31
000151069

000154196
32
000244706

000247624


33
000247792

000249835
34
000250003

000251587


35
000251754

000252963
36
000253131

000255132
37
000255300

000256800


38
000256968

000258302
39
000259512

000302055
40
000305268

000308270
41
000308438

000310522
42
000310690

000313358
43
000313526

000316236
44
000319616

000322993

45
000325663

000327372

46
000328458

000331084

47
000333421

000334546
48
000334714

000337090
49
000337967

000340052


50
000340220

000342137
51
000342305

000345307
52
000345475

000348435


53
000350063

000352773
54
000357320

000400948
55
000401115

000404451
56
000404619

000408747
57
000408915

000410499
58
000425306

000431228
59
000432939

000434690


60
000434857

000437109


61
000437277

000441613

62
000451124

000452541
63
000457338

000459673
64
000459882

000501591
65
000501843

000503385
66
000504512

000506555
67
000509767

000511351
68
000511894

000513603
69
000513771

000515814
70
000515982

000519151
71
000519319

000522821
72
000524490

000526575


73
000527910

000529661


74
000529829

000531330
75
000531497

000533665
76
000540423

000541506
77
000545511

000549556
78
000549724

000552100


79
000552268

000554144
80
000554312

000557439


81
000558649

000559900
82
000600068

000602986
83
000605239

000607574
84
000607742

000608825
85
000608993

000611411
86
000611913

000613038
87
000613373

000615207
88
000617752

000620837


89
000621422

000625300
90
000625468

000627719
91
000629138

000630222
92
000636062

000638146
93
000640233

000641858
94
000642693

000643819
95
000644779

000647030
96
000650118

000653620
97
000653788

000655580
98
000657125

000658417
99
000658584

000702671
100
000702839

000705257
101
000705425

000706633
102
000710471

000712097
103
000713391

000714850
104
000716686

000719187


105
000728573

000732701
106
000732910

000734411
107
000734871

000736496
108
000738040

000739958
109
000740126

000743753
110
000743921

000747382
111
000747550

000750844
112
000752680

000755765
113
000755933

000759853
114
000801314

000803732
115
000803900

000805525
116
000805693

000807360

117
000810990

000812407
118
000814118

000815243
119
000815411

000817120
120
000818456

000819998
121
000821667

000823335
122
000823544

000826213
123
000826380

000829382
124
000829550

000831801
125
000835348

000838266
126
000838434

000840644
127
000844941

000847692
128
000853366

000855325
129
000856285

000857661
130
000857912

000901456
131
000901624

000904501
132
000906420

000907462
133
000908881

000910465
134
000910633

000912425
135
000912593

000914928
136
000915096

000916346
137
000916514

000920600
138
000921435

000924229

139
000925815

000927440
140
000929485

000932904
141
000934407

000937325


142
000937493

000939703
143
000939870

000943206
144
000950840

000951881


145
000952049

000954384


146
000954552

000956928


147
000957096

001001391
148
001002018

001005145


149
001005313

001007564


150
001008733

001011234


151
001012570

001014487


152
001014655

001018491
$53
153
001021829

001024080
154
001024248

001027167


155
001028002

001030337
156
001030504

001034799
157
001035217

001036676
158
001037970

001040889
159
001041098

001042474


160
001042642

001045143


161
001046812

001050523


162
001050691

001053318
163
001053486

001056363
164
001056530

001059741
165
001059909

001102786
166
001103245

001105330

167
001109669

001111336
168
001112755

001114714
169
001116717

001118510
170
001120012

001121805


171
001121972

001124849
172
001127853

001132107
173
001132274

001135985
174
001136445

001137696
175
001137905

001140323
176
001141409

001145120
177
001147039

001149332
178
001153129

001155171
179
001205099

001207976
180
001209186

001213231
181
001222950

001224117
182
001224285

001227454
183
001228539

001230832
184
001231292

001233918
185
001235379

001238840
186
001242386

001244179

187
001244722

001245930
188
001246098

001248808
189
001248976

001250852
190
001251020

001254147


191
001255274

001256941
192
001257109

001258651
193
001300529

001302489
194
001304492

001306367
195
001306535

001310163
196
001310331

001313708
197
001315920

001318922
198
001319089

001321549


199
001321717

001323551
200
001324345

001325512


201
001325679

001328306


202
001328474

001331392
203
001331560

001333686


204
001333854

001335396
205
001342404

001343988
206
001344615

001346199
207
001346367

001347659
208
001348410

001350245
209
001352414

001355375
210
001403217

001404634
211
001410432

001411933
212
001435040

001436082
213
001438419

001440461
214
001442840

001445133
215
001445551

001448386
216
001449763

001453516
217
001454059

001456978
218
001459273

001500690
219
001501525

001504861
220
001505070

001507572
221
001507781

001510909
222
001515456

001517332
223
001517499

001520668
224
001521545

001522712
225
001522880

001526966
226
001529053

001530595
227
001530763

001532805


228
001532973

001535516
229
001535684

001540188
230
001540940

001542982


231
001544026

001547820
232
001550074

001551699
233
001551867

001554202
234
001554912

001556788
235
001556956

001559207
236
001600042

001601626
237
001602419

001604921
238
001605089

001607173


239
001607341

001609926


240
001610094

001611803
241
001612054

001614555
242
001615015

001616057
243
001617434

001618935
244
001619812

001622563
245
001624566

001625984
246
001626151

001628111
247
001628278

001630738
248
001630948

001634409
249
001635244

001636619
250
001636787

001639080
251
001639790

001641958
252
001644420

001647338


253
001651719

001655805
254
001655973

001658516
255
001704440

001706649
256
001708485

001710528
257
001710696

001713281
258
001713490

001716325
259
001716952

001720955
260
001721623

001724625
261
001727171

001728796
262
001729673

001730923
263
001733260

001735386
264
001735804

001737930
265
001739349

001741559
266
001759745

001801287
267
001802664

001805875
268
001807294

001808544
269
001810047

001813299
270
001813467

001814759
271
001820265

001821599
272
001821767

001823226
273
001909898

001912275
274
001912442

001914652
275
001914820

001918531
276
001918699

001920533
277
001920784

001923077
278
001924246

001926080
279
001926248

001929458
280
001929626

001932003
281
001932629

001934422
282
001935549

001939177
283
001939553

001940928
284
001953275

001955985


285
001959823

002002241
286
002002409

002005203
287
002005370

002008623
288
002008790

002010791


289
002010959

002014295
290
002014504

002017632
291
002018675

002021135
292
002021303

002023179
293
002023347

002025181
294
002025349

002028601
295
002028769

002031604
296
002031813

002035316
297
002042074

002043783
298
002044618

002046494
299
002047996

002050414


300
002052125

002054627
301
002055629

002058422


302
002059132

002102593
303
002102761

002106222
304
002107099

002112436
305
002116149

002120653
306
002121863

002125866
307
002126034

002128369
308
002130455

002132290


309
002132457

002136168
310
002136336

002139297


311
002139464

002141966


312
002142134

002143718


313
002143885

002146012


314
002146179

002147847


315
002155522

002157982
316
002229139

002230806