1
000003420

000006964


2
000007173

000010009
3
000010552

000012344
4
000012554

000015097
5
000015348

000017933
6
000018143

000020728
7
000020979

000024106
14
8
000025358

000027943
9
000028111

000029862
10
000030155

000032072
14
11
000032323

000034658
12
000036077

000037494
13
000037704

000039079
48
14
000039289

000040789
15
000040999

000045085
16
000047130

000049256
17
000050341

000054470
48
18
000055597

000057389
19
000057766

000100893
20
000101770

000105105


21
000146189

000148482
22
000148691

000150859
23
000151736

000153987
24
000156324

000157783
25
000159786

000201787
26
000202080

000206416


27
000206668

000209503
28
000209712

000210796
29
000210964

000214216
30
000214717

000217553
31
000217762

000221014
32
000221266

000224560
33
000225270

000229857
34
000231693

000232818
35
000233069

000234862
36
000237532

000240826
37
000241035

000245706


38
000245957

000249585
39
000249836

000254464
40
000254716

000300095
41
000300471

000304349
46
42
000304559

000308228

43
000308479

000311857
44
000313943

000315944
45
000316154

000319156
46
000319365

000321033
47
000324204

000325871


48
000326039

000329208
49
000329417

000333462
50
000333880

000335964
51
000336216

000339635
50
52
000339844

000342095
53
000342305

000343680
54
000343932

000347559
55
000350396

000352397
56
000352607

000355484
57
000356653

000359488


58
000400365

000401657
59
000401866

000407079
60
000407288

000410249
61
000417966

000420592
62
000420843

000423095
63
000423304

000425847


64
000426099

000429559


65
000435358

000437484
66
000439028

000440612
67
000445410

000448453
68
000448705

000450455
69
000450707

000452916
70
000453418

000456461


71
000457046

000458964


72
000459173

000501133
73
000502176

000503593
74
000503845

000505429
75
000505638

000508765
76
000514480

000517316
77
000518067

000520110
78
000520320

000522112
79
000522613

000525324
80
000525533

000528618
81
000531164

000533206


82
000533458

000535584
83
000535793

000538170
84
000538379

000540881
85
000542800

000544301
86
000545720

000548347
87
000554354

000556605
88
000556814

000600025
89
000600234

000602235
90
000603029

000605113
91
000605365

000607574
92
000607784

000611203


93
000611412

000614039
94
000618795

000620212
95
000620421

000622589
96
000622840

000624883
97
000627095

000628428
98
000628638

000630263
99
000630556

000631973
100
000634310

000636561
101
000636771

000638397
102
000644362

000645904
103
000646155

000649199
104
000649867

000651284
105
000651494

000653787
106
000654080

000655247
107
000656666

000659418
108
000700211

000702754
109
000703548

000707134
110
000707343

000709136
111
000709387

000712556
112
000712807

000715392
113
000715601

000719146
114
000725236

000726528
115
000728072

000729573
116
000729740

000732576
117
000732743

000734953
118
000735163

000736329
119
000737415

000740292


120
000742378

000744254


121
000744505

000746756
122
000751304

000752596
123
000752805

000754764


124
000756434

000757809
125
000802690

000804065
126
000804275

000807194
127
000807445

000809905
128
000810448

000813200
129
000813409

000816786
130
000818456

000822083
131
000822293

000823919
132
000825463

000828298


133
000832345

000836681
134
000836933

000838850
135
000840645

000843730


136
000844857

000847859
137
000848069

000849569
138
000850613

000852948
139
000853115

000856576
140
000856827

000900580
141
000906837

000908755
142
000913094

000914803
143
000915012

000918557
1450
144
000918849

000920183
145
000921352

000923353
146
000924146

000926273
147
000926524

000927732
148
000927942

000929818
149
000930486

000932821
150
000933030

000937117
151
000937326

000938994
152
000939245

000942414


153
000946711

000948169
154
000948879

000950839
155
000951048

000954634
156
000954844

000958805
157
001000057

001003184
158
001005229

001008189
159
001009191

001011735
160
001014322

001015697
161
001022246

001025707
162
001026834

001029961
163
001030171

001032922
164
001033174

001034799
165
001034967

001037093
166
001037303

001039888
167
001040097

001044059


168
001044310

001045769
169
001046020

001049481
170
001055571

001057697


171
001057907

001059491
172
001059909

001101409


173
001101619

001104913


174
001105164

001109376


175
001109669

001113046
176
001113255

001115757


177
001116967

001118677


178
001118886

001123306
179
001123516

001127602
180
001128270

001130105
181
001130314

001131815
182
001132316

001133483
183
001134360

001136820
184
001137071

001140323
185
001141242

001142325
186
001143077

001145161
187
001146080

001149958


188
001151168

001154796


189
001155047

001156423
190
001158509

001200135
191
001201429

001205181
192
001206434

001207809
193
001211522

001213398
194
001215025

001217485
195
001222032

001224826
196
001224994

001227704
197
001228748

001233710
198
001233961

001237213
199
001237465

001241593
200
001243387

001245138
201
001245306

001246389
202
001249560

001252562
203
001252730

001255774
204
001257610

001259319
205
001300780

001303490


206
001303866

001308912
207
001309163

001310872
208
001311040

001313500
209
001313709

001316669
210
001316921

001321424
211
001322343

001325261
212
001325429

001328264


213
001329642

001331643


214
001331811

001334437
215
001334605

001335980
216
001336148

001339901
217
001340152

001342070
218
001343656

001346449
219
001346951

001349369
220
001350371

001352497
221
001352748

001356459


222
001359797

001402465
223
001403425

001406052
224
001406262

001409347
225
001409515

001410598
226
001410766

001413977
227
001414228

001415603
228
001415813

001418398
229
001418607

001422944
230
001423445

001424904
231
001431036

001432078
232
001433414

001435915


233
001438335

001439878
234
001444049

001446092
235
001446302

001449220
236
001450681

001454267
237
001454435

001455852
238
001456020

001457812
239
001457980

001459147
240
001459315

001501941
241
001506614

001509866


242
001510159

001511326
243
001513996

001515830
244
001517374

001521169
245
001521378

001524505


246
001524673

001528217
247
001529553

001532388


248
001533265

001535892


249
001537728

001542690
250
001542942

001546778
251
001546987

001550949
252
001552159

001555286
253
001555454

001558957
254
001559124

001603002
255
001606423

001608591
256
001608842

001610134
257
001613931

001616140


258
001616308

001618685
259
001618852

001621104
260
001621981

001625066
261
001625317

001627527
262
001628487

001630780
263
001632866

001635076
264
001640124

001641833
265
001642292

001643334
266
001644962

001646629
267
001652344

001654554
268
001655055

001657473
269
001704064

001706190
270
001706900

001709944
271
001712197

001715158


272
001715367

001717910
273
001718162

001720830
274
001721081

001723207
275
001723417

001726002
276
001728338

001729547
277
001729757

001732133
278
001732342

001734802
279
001736513

001739265


280
001739433

001741893
281
001742102

001744896
282
001746857

001747899
283
001752362

001753446
284
001753864

001756699
285
001756909

001758868


286
001759078

001801370
287
001802498

001806084
288
001806251

001810838
289
001811381

001815593
290
001815844

001819764
291
001821642

001823059
292
001823310

001827230
293
001827481

001832026
294
001835030

001836823
295
001837282

001838574
296
001838784

001840827
297
001840994

001846624


298
001848460

001850878
299
001851088

001853214
300
001853465

001856175
301
001856927

001858553
302
001858804

001901430
303
001901598

001903516
304
001905602

001907270
305
001908188

001910189
306
001915279

001920116
50
307
001921994

001925413
49
308
001925581

001927707
309
001929042

001932003
310
001933172

001934213
311
001938969

001941888


312
001942097

001945099
313
001945309

001949437


314
001949605

001952023
315
001952274

001954650
316
001954860

001957320


317
002003619

002007496
318
002007706

002009081


319
002009249

002011000
320
002011168

002013211
321
002013378

002017465
322
002017716

002022595
323
002022846

002025264
324
002026975

002028309
325
002028518

002030686
326
002030896

002034232


327
002034608

002036609
328
002036777

002038694
329
002039738

002042031


330
002042658

002045409
331
002055963

002058673
332
002120279

002121654
333
002125367

002126867
334
002127536

002130621


335
002131123

002132707
336
002137796

002140006
337
002143427

002144468

