1
000002878

000004380


2
000004547

000007758
3
000007925

000011637
4
000011804

000015683
5
000015850

000019103
6
000019270

000023190
7
000023357

000025317
8
000025484

000026819
9
000026986

000029280


10
000029447

000032116
11
000032283

000033743
12
000033909

000035995
13
000036162

000037621
14
000037788

000040458
15
000040624

000044086
16
000044253

000046672
17
000046839

000049008
18
000049175

000053345
19
000053512

000057183
20
000057349

000100144
21
000100311

000101896
22
000102063

000104482
23
000104648

000107526
24
000107693

000111072
25
000112615

000114408
26
000115576

000116869
27
000117036

000118996
28
000119163

000122041
29
000122416

000127129
30
000128047

000131634
31
000131801

000134804
32
000135805

000137640
33
000137807

000140935
34
000141936

000144146


35
000224770

000227106
36
000227273

000229441
37
000231360

000233362
38
000233529

000237950
39
000238701

000241328
40
000241495

000244039
41
000244206

000247793
42
000248335

000250421
43
000252173

000253257
44
000253424

000256886
45
000257052

000259555


46
000259722

000301932
47
000305519

000308022


48
000308189

000310566
49
000312276

000316739
50
000316947

000319700
51
000322453

000325623
52
000325789

000328876
53
000329043

000332463
54
000332630

000335299
55
000350314

000353567
56
000353734

000357112
57
000357279

000359323
58
000359907

000401575
59
000401742

000405454


60
000405621

000407414
61
000407581

000410000
62
000410793

000413837


63
000414004

000417675


64
000418550

000420803
65
000421428

000425933
66
000427476

000430980
67
000437319

000440906
7
68
000442574

000449081
200
69
000449290

000451875
70
000454962

000500050
71
000502136

000504138
72
000504305

000505806

73
000507599

000508934
74
000518027

000521780
75
000521947

000525826
76
000527494

000532916
77
000533083

000536420
78
000538130

000541675


79
000541842

000544219
80
000545054

000548182
81
000549224

000553145
82
000553812

000556482


83
000556648

000600944


84
000601111

000603781


85
000606158

000608410
86
000608577

000610704
87
000612915

000615292
88
000615459

000617419
89
000617586

000620297
90
000622049

000625052
91
000627137

000629139
92
000629306

000632810
93
000634061

000636397


94
000636563

000639858
95
000645489

000647282
96
000654289

000657334
97
000657960

000659837
98
000700003

000702089
99
000705134

000706635
100
000713559

000715853
101
000716019

000718021
102
000720482

000723235
103
000724069

000725863
104
000727948

000729783


105
000729950

000732035


106
000736582

000738333
107
000738792

000741086


108
000747801

000749803


109
000751680

000754349


110
000754766

000757811
111
000757978

000800397
112
000802274

000805611


113
000808572

000810616


114
000810782

000813076


115
000816705

000819500
116
000819666

000822586
117
000822753

000824421
118
000824755

000830093
119
000831053

000835098
120
000835307

000836517
121
000836683

000839394
122
000839561

000841855
123
000842022

000845692


124
000845859

000847694
125
000847903

000851865
126
000852032

000854826
127
000856703

000858622
128
000858789

000903710
129
000903877

000906797
130
000907005

000912135
131
000912302

000915305
132
000915472

000916557
133
000916723

000918600
134
000918767

000921895
135
000924773

000927526
136
000928193

000930821
15s
137
000930988

000933949


138
000934116

000937494
139
000937661

000941123
140
000941290

000943584
141
000943750

000946003
142
000946169

000948589
143
000949756

000952217
144
000954219

000955929
145
000959349

001003145


146
001003312

001006523
147
001009109

001011987
148
001013196

001016366
149
001017326

001019870
150
001020037

001022831
151
001022998

001024916


152
001026126

001028962
153
001029129

001032382


154
001043518

001045771
155
001049608

001055781
156
001055947

001057824


157
001059201

001100243
158
001102037

001103455
159
001105499

001107751
160
001107918

001110671
161
001110837

001111880
162
001112047

001113590
163
001113757

001116593
164
001116760

001119012
165
001120138

001122391
166
001122599

001123725
167
001123892

001127229
168
001133402

001136488
169
001136655

001138240


170
001138407

001140242
171
001140409

001143370
172
001143537

001146748
173
001148041

001152337
174
001152504

001156383
175
001156967

001159720


176
001159886

001203348


177
001203515

001205600


178
001207769

001210313
179
001210480

001212774
180
001212941

001215944
181
001216111

001219322
182
001219489

001220782
183
001220949

001223201
184
001223368

001227080
185
001228623

001233170
186
001233336

001237966


187
001238133

001240177
188
001240343

001243638
189
001243805

001245932
190
001246099

001250270
191
001251396

001254149
192
001254316

001256318


193
001256485

001257652
194
001257819

001300739
195
001300906

001303241


196
001306328

001308288
197
001309581

001311500
198
001312083

001314920


199
001316379

001319299
200
001319466

001321510
201
001321676

001325514
202
001327098

001331895
203
001332062

001334606
204
001335232

001337776
205
001339402

001343824


206
001343990

001346535
207
001346701

001350789
208
001351331

001353917


209
001357128

001359005


210
001359422

001402801


211
001403885

001405971
212
001406388

001410433
213
001411017

001414104
214
001414271

001417232
215
001417399

001418859
216
001421987

001423321
217
001424239

001426449
218
001426616

001430453
219
001431204

001436376
220
001438670

001442090
221
001443133

001446136
222
001446303

001448513
223
001448680

001451433


224
001451975

001456229


225
001456396

001500442


226
001500609

001503695


227
001504070

001506656
228
001506823

001509993
229
001510160

001513038
230
001515707

001519127
231
001519961

001524758


232
001524925

001527928
233
001528094

001532807
234
001535393

001537145
235
001538772

001540649
236
001542734

001545570
237
001548073

001550867
238
001551409

001555038
239
001558750

001601044
240
001601211

001604089
241
001604923

001608051
242
001608218

001612305
243
001612472

001614933
244
001615100

001618061
245
001619479

001621731
246
001623525

001627153
247
001628405

001631241
248
001632909

001636579
249
001636746

001640750
250
001640917

001642502
251
001644004

001647465
252
001647632

001652929
253
001654139

001656683


254
001657600

001700770


255
001703606

001706317
256
001707569

001712907
257
001720081

001722292
258
001722459

001725170
259
001726212

001728256


260
001730675

001732218
261
001732927

001734429
262
001737599

001740435


263
001740602

001744397
264
001745523

001747817
265
001748234

001752489
266
001754616

001756868
267
001757702

001800330
268
001801331

001804626
269
001813551

001817097


270
001830527

001832779
271
001832946

001836533
272
001839119

001841162
273
001841329

001845250
274
001845416

001849295
275
001849462

001853133
276
001855218

001856803
277
001856970

001859973
278
001904561

001907272
279
001907438

001910441
280
001910608

001913695
281
001915446

001918158
282
001924581

001927542


283
001927709

001930420


284
001930587

001934674


285
001934841

001936467


286
001936634

001938970


287
001939137

001940930


288
001944934

001946311
289
001946477

001949898
290
001950064

001955403
291
001956237

002000533
292
002000700

002004078
293
002004245

002008541
294
002009959

002011920


295
002015048

002017175
296
002019093

002020553
297
002021304

002024349
298
002028186

002031856
299
002034400

002037195
300
002037362

002038696
301
002038863

002041616
302
002041783

002044994
303
002045161

002047121

304
002048331

002050917


305
002051084

002055672
306
002055838

002059092
307
002059259

002103763
308
002106516

002109352
309
002109519

002110812
310
002110979

002113356
311
002117318

002118736
312
002124075

002126202
313
002126369

002128288
314
002128454

002131124
315
002131291

002132583
316
002132750

002135962


317
002137588

002140883
318
002141050

002144762
319
002145638

002146889
320
002147056

002149017