1
000002419

000003419
2
000003586

000007006
3
000007215

000009967
4
000010885

000012261
5
000015932

000018350
6
000018601

000022855
7
000023064

000025566
8
000025775

000030279
9
000031281

000035951
10
000036161

000038203


11
000038455

000041874
12
000042125

000043125
13
000043376

000047379
14
000109277

000110277
15
000110445

000113822
16
000114074

000116658
17
000116868

000118869


18
000119120

000121246
19
000121498

000124625
20
000124834

000127294


21
000127545

000129797
22
000130006

000134301
23
000134511

000135803
24
000136012

000138722
25
000138932

000140474


26
000140683

000142810
27
000144187

000146647


28
000146856

000148398
29
000148608

000152653
30
000154114

000155114
31
000155323

000157074
32
000157283

000200577


33
000203206

000206416
34
000206626

000210504
35
000210755

000212506
36
000214717

000218554
37
000218763

000221723
38
000221975

000224184
39
000224978

000226687
40
000226896

000232151
41
000232360

000235362
42
000236906

000239783
43
000239993

000242911
44
000245999

000251003
45
000251212

000256049
46
000256301

000259136
47
000259345

000301305
4
48
000301556

000305809
49
000306019

000308770
50
000308980

000310981
51
000312192

000313483
52
000313693

000317779
53
000318031

000320157
54
000320366

000321992
55
000322911

000325037
56
000326539

000328790
57
000329292

000331960
58
000332420

000334504
59
000334672

000336882
60
000340345

000345224
4
61
000345475

000349895
62
000350104

000352189
63
000352732

000354066
64
000354317

000357319
65
000357570

000359905
66
000400823

000404284
67
000406704

000409039


68
000409249

000411041
69
000411292

000412834
70
000416756

000418257
71
000418466

000422219
72
000423596

000426306


73
000426516

000431228
74
000433273

000436024


75
000436234

000439903
76
000440113

000442489


77
000442699

000445867
78
000446119

000447828
79
000448079

000449538
80
000449747

000451748
81
000451958

000454668
82
000454919

000457296
83
000458256

000503093
84
000503303

000507597


85
000509267

000513645
86
000513855

000516898
87
000517108

000518984
88
000519235

000524197
89
000524907

000526283
90
000527076

000531413
91
000533249

000535834
92
000536419

000540047
93
000540214

000542257
94
000542508

000544509
95
000544761

000548263
96
000548514

000551600
97
000551809

000555812
98
000556022

000558065
99
000558274

000600859
100
000602904

000605238
101
000607575

000609701
102
000609952

000614039
103
000614248

000618251


104
000618503

000622422
105
000622673

000625425
106
000625635

000628345
107
000628888

000632557
108
000632809

000634142


109
000634352

000636561
110
000636771

000639022
111
000639273

000640982
112
000643236

000645445
113
000647907

000649825
114
000650535

000651993
115
000652412

000654121
116
000655498

000659918
117
000700169

000703713
118
000703923

000706133
119
000708136

000710470
120
000711764

000713390
121
000714142

000716268
122
000716477

000718562
123
000720898

000722065
124
000722275

000725610
125
000726028

000727237
126
000727405

000731116
127
000731325

000735787
128
000749886

000751720
129
000753890

000756391
130
000758102

000800770
131
000802982

000806443
132
000806861

000809446
133
000809655

000811698
134
000812992

000814784
135
000818831

000821875


136
000822084

000825587


137
000825796

000828340


138
000828549

000831635
139
000831844

000836640
140
000836849

000840435
141
000840645

000843271
142
000843523

000847609
143
000847860

000849236
144
000849445

000853114
145
000857286

000900497
146
000901207

000903124
147
000903834

000905669
148
000905878

000908922
149
000909423

000912175
150
000912426

000914427


151
000914637

000919558
152
000921394

000925313


153
000925481

000929276


154
000929527

000933113
155
000933656

000935699


156
000944208

000946751
157
000948588

000952716


158
000952967

000954718
159
000954969

000959514
160
000959765

001004269
161
001004437

001005770
162
001016991

001021578
163
001023497

001025415
164
001025666

001027584
165
001027835

001029794
166
001031130

001034924
167
001035134

001038053
168
001038262

001039846
169
001040097

001044601
170
001044852

001049105
171
001053444

001056196
172
001057740

001058948
173
001102078

001104037
174
001104246

001107248


175
001107500

001110210
176
001110419

001113296
177
001118135

001121805
178
001122014

001125809
179
001126018

001130313
180
001131273

001134651
181
001134860

001137028
182
001141367

001144494
183
001144704

001146454
184
001147498

001150917


185
001151127

001154921
186
001156507

001200009


187
001205433

001207809


188
001208060

001213481
189
001217445

001220989
190
001221198

001226119
191
001235337

001239257
192
001240843

001243553
193
001243763

001246598
194
001247558

001249184
195
001249435

001254063


196
001254899

001257025
197
001257234

001259778
198
001300571

001304574
199
001306076

001308328
200
001315461

001317337


201
001318130

001319339
202
001320090

001322175
203
001322384

001325553
204
001326764

001329057


205
001331143

001334813
206
001335022

001336731
207
001336982

001340610


208
001341737

001343780


209
001343989

001347283


210
001347493

001348618
211
001348828

001352205
212
001352414

001354207
213
001356252

001358086
214
001359922

001401756
215
001402007

001405635
216
001405845

001409806
217
001410015

001413309


218
001414854

001419232
219
001420943

001425321
220
001425906

001429409
221
001430077

001433454
222
001433706

001438459
223
001438669

001440086
224
001440671

001443631
225
001452975

001455310
226
001455519

001458438
227
001458647

001500231
228
001503861

001506362
229
001509742

001511784
230
001512077

001514078
231
001520044

001522086
232
001522338

001524297
233
001529136

001532221


234
001532473

001537018
235
001552743

001556204
236
001556413

001600792


237
001604296

001606631
238
001606882

001608925
239
001612930

001614973
240
001615724

001618309


241
001622648

001625149


242
001625359

001627151
243
001627361

001629779
244
001631949

001633574
245
001634702

001635952
246
001636161

001638121
247
001642918

001645503
248
001647548

001651467
249
001654013

001656889
250
001657141

001701060
2002
251
001703856

001707567
252
001713949

001716492
253
001716702

001719203
254
001719413

001723791
255
001724626

001728838
256
001729089

001733760
257
001736263

001741309
258
001742061

001745688
259
001746815

001750068


260
001755449

001759452
261
001759870

001803623
262
001803874

001805792
263
001806001

001808836
264
001809088

001811672
265
001811924

001817136
266
001819932

001821766
267
001822851

001824685
268
001825562

001828022
269
001829274

001831984
270
001833320

001837406
271
001837616

001839700
272
001842496

001844914
273
001847292

001848876
274
001850295

001851337
275
001852506

001854715
276
001858971

001903474
277
001905018

001909522
278
001912151

001913442
279
001915362

001920575
280
001922786

001927039
281
001927291

001929542
282
001933046

001935965
283
001938010

001939510
284
001939678

001943431
285
001943682

001946142
286
001948437

001952481
287
001952900

001955735
288
001955944

001958237


289
001958447

002000031
290
002001408

002002617
291
002002826

002004577
292
002006371

002008122
293
002019343

002021886
294
002023138

002024847
295
002025098

002028643
296
002028894

002031062
297
002046245

002047954
298
002048205

002050331
299
002051208

002053251


300
002053460

002055211
301
002056797

002059215
302
002059424

002101592
303
002101802

002103636
304
002104388

002106931
305
002107182

002110059
306
002111687

002113479