1
000003336

000005546
2
000005797

000008549
3
000008800

000010718
4
000012721

000014680
5
000014889

000017683
6
000017934

000019727
7
000019936

000022438
8
000023481

000025733
9
000027193

000028485
10
000029362

000030863
11
000031114

000032364
12
000032615

000034700
13
000036911

000038871


14
000039080

000040914
15
000041166

000045669
16
000045920

000047921
17
000052385

000053427
18
000053678

000057389
19
000059809

000103103
20
000103521

000105147


21
000105607

000107441
22
000109277

000110444
23
000110695

000114073
24
000114324

000116784
25
000116993

000117993
26
000118536

000120913


27
000121122

000123957
28
000124209

000125250


29
000125502

000126877
30
000127170

000128962
31
000129172

000131757
32
000213883

000216635
33
000216886

000220430
34
000220682

000222641
35
000222892

000226311
36
000226980

000229523
37
000229774

000233402
38
000233778

000236071
39
000238908

000242578


VH1
40
000242954

000245706
41
000245915

000247416
42
000250086

000251336
43
000251546

000255174
44
000255675

000258886
45
000259137

000301555
46
000301806

000305767
47
000305977

000307811


48
000308062

000312024
49
000312233

000315277
50
000316070

000319698
51
000319908

000321158
52
000323286

000325954


53
000332962

000334755


54
000334964

000336590
55
000337383

000339968


56
000340303

000341386
57
000344682

000345974
58
000347602

000350979
59
000351564

000354233
60
000354484

000356735
61
000356986

000401990
62
000403243

000406620
63
000409165

000410999
64
000411251

000413835
65
000414087

000416713


66
000420385

000423512
67
000423721

000426348
68
000426599

000429768
69
000430478

000431520
70
000431854

000435399
71
000436317

000437943


72
000438194

000439569
73
000440697

000441738
74
000443283

000445200
75
000445994

000447286
76
000451124

000453959
77
000454210

000455419
78
000456963

000500841
79
000501884

000504594
80
000504846

000507514
81
000509559

000512352
82
000512603

000515397
83
000515815

000517065
84
000517775

000519026
85
000519277

000521528
86
000523114

000525657
87
000528244

000530871
88
000531789

000533165
89
000533374

000536293
90
000536544

000538837
91
000539088

000541298
$100
92
000541507

000544843
93
000545219

000547137
94
000547388

000550265
95
000550516

000553310
96
000553561

000555771
97
000556022

000557481
98
000557732

000559524


99
000559776

000601109
100
000603905

000605822


101
000606199

000607366
102
000607950

000609618
103
000610119

000612621
104
000612872

000615499
105
000615708

000618210
106
000619879

000621963
107
000622799

000624049
108
000624258

000625509
109
000626010

000629262
110
000629472

000632391
111
000632642

000635435
112
000635812

000637437
113
000637688

000640524
114
000643194

000644486
115
000644695

000646780
116
000648032

000649825
117
000650076

000651451
118
000658751

000700043
119
000700294

000704714
120
000705216

000708051
121
000708886

000711513
122
000711764

000713473
123
000713724

000715600
124
000715852

000718687
125
000720356

000722691
126
000722942

000726403
127
000726612

000728905
128
000729157

000731408


129
000734203

000735620
130
000735872

000740000
131
000740668

000742878
132
000749135

000750385
133
000758144

000800604


134
000800855

000802898
135
000803357

000805066
136
000806736

000808195
137
000808446

000812491
138
000812742

000815035
139
000815286

000817787
140
000817997

000820624


141
000822126

000823793
142
000824045

000825962
143
000826214

000827506
144
000827882

000831885
145
000832094

000833970
146
000834639

000836723
147
000836974

000839392
148
000839644

000841937
149
000842188

000845774
150
000847985

000850070
151
000851948

000855575
152
000855826

000858119
153
000901541

000903750
154
000904835

000908880
155
000910007

000913927
156
000914220

000917347
157
000918891

000921768
158
000922019

000923853
159
000924105

000926565
160
000926816

000929025
161
000929694

000930902
162
000931279

000933780
163
000935241

000938868


164
000939078

000943623


165
000943874

000946334


166
000951382

000952632
167
000952883

000954467
168
000957179

000959681
169
001003853

001006813
170
001007231

001009441


171
001010026

001011276


172
001011527

001013069
173
001013279

001014529


174
001016032

001018491
175
001018951

001020243
176
001020494

001021995
177
001023372

001024706
178
001024957

001026291
179
001028544

001031046
180
001031297

001033256
181
001034508

001036176
182
001037345

001039304
183
001041265

001042515
184
001042767

001046394
185
001047730

001050440


186
001050691

001052192


187
001058783

001101660
188
001101869

001103078
189
001105122

001109376
190
001109627

001111836
191
001112672

001115382
192
001116717

001119803
193
001120054

001123973
194
001124225

001127435
195
001127645

001128770
196
001129021

001131439
197
001131649

001133149
198
001133401

001136361
199
001137530

001139572
200
001139824

001142492
201
001144245

001146454
202
001147164

001150583
203
001151961

001155004
204
001156674

001159300
15
205
001201262

001204389
206
001204640

001207559
207
001208602

001210854
208
001212064

001214566
209
001216318

001219988
210
001221949

001222991
211
001224827

001227746
212
001227997

001231082
213
001231292

001233376
214
001234920

001236379
215
001236589

001238548
216
001240050

001242135
217
001242636

001245472
218
001251896

001253897
219
001254440

001255690
220
001255983

001259068
221
001259320

001302197
222
001302448

001304115
223
001304366

001308077
224
001308287

001309454
225
001311540

001313333
226
001314835

001318421
227
001318672

001320298
228
001321175

001323676
229
001323928

001326805
230
001327223

001329390
231
001330059

001332811


232
001334355

001336564


233
001336774

001339150
234
001345366

001346616
235
001346867

001349244
236
001349578

001351996
237
001353874

001355708
238
001358295

001401714
239
001401966

001404300
240
001405302

001407637
241
001409807

001413852


242
001414228

001416354
243
001416689

001418273
244
001418482

001422277
245
001422528

001425822


246
001426073

001427323
247
001428242

001431411
248
001432204

001433746
249
001434832

001436624
250
001437209

001439878
251
001440129

001442881
252
001443132

001445258
253
001445718

001447093
254
001447344

001450096
255
001450347

001453933
256
001454143

001456019
257
001506530

001508740


258
001511952

001513786
259
001515289

001517624
260
001517833

001520501


261
001521211

001522795


262
001523047

001525006


263
001525215

001527550
264
001527760

001528801
265
001529053

001531179


266
001531430

001533306
267
001533515

001535642
268
001535851

001539687
269
001541690

001543441
270
001543817

001546694
271
001550532

001552033


272
001552284

001555870
273
001556121

001600083
274
001600793

001602043
275
001602294

001605672
276
001605923

001608424


277
001608676

001610134
278
001611387

001614639
279
001616517

001619060
280
001622982

001624232


281
001624441

001629153
282
001629405

001634450
283
001638789

001640415
284
001641125

001643543
285
001643794

001645211
286
001645462

001647005
287
001647256

001648923
288
001649174

001652176
289
001654346

001656264
290
001659018

001701352


291
001701687

001703730
292
001703981

001705565


293
001705816

001707984
294
001709653

001712238
295
001712489

001714615
296
001716035

001718161
297
001718412

001723249
298
001723500

001724917
299
001725127

001727003
300
001732885

001734761


301
001750194

001753696


302
001754406

001756449
303
001756700

001758076
304
001758285

001801829
305
001804625

001808503
306
001810339

001813257
307
001815761

001818554
308
001818806

001821432
309
001821642

001822975
310
001824103

001826437
311
001828273

001833027
312
001833278

001834987
313
001836031

001839117
314
001840410

001842411
315
001842663

001844622
316
001844873

001846707
317
001849419

001850753
318
001852172

001853881
319
001855425

001857426
320
001857678

001900471
321
001900722

001901973
322
001902224

001906102
323
001906353

001908187
324
001908438

001911357
325
001911608

001914193
326
001915946

001917947
327
001926165

001928583
328
001929585

001930960


329
001931920

001934630


330
001935007

001936299
331
001937509

001940678
332
001940929

001942638
333
001944183

001947560
334
001950772

001952273
335
001952524

001953900
336
001954109

001957820
337
001958071

001959947
338
002002117

002004660
339
002004912

002006162
340
002006413

002010041
341
002010250

002012418
342
002012669

002015504
343
002015714

002019091
344
002019343

002020635
345
002021136

002023012
346
002023222

002025932
347
002026141

002029310
348
002029561

002032855
349
002036151

002039278
350
002039529

002043699


351
002046870

002049372


352
002050832

002053834
353
002055420

002057838
354
002059132

002100466
355
002100717

002104136


356
002104388

002107223
357
002107933

002110142


358
002116566

002119485
359
002119820

002123114


360
002123365

002124907
361
002128662

002131289

362
002132249

002133332
363
002133542

002136877
364
002137129

002138587
365
002138880

002140214


366
002140465

002141966
367
002144928

002147471