1
000005463

000007381
2
000007882

000010009
3
000010510

000012344
4
000012554

000015347
5
000019227

000020894


6
000021062

000023063
7
000023314

000024523


8
000024733

000027359
9
000027569

000031822
10
000032032

000033532
11
000033700

000036201
12
000037620

000040706
13
000041207

000042332
14
000042542

000045419
15
000045628

000047421
16
000049924

000051300


17
000051468

000056221
18
000056473

000059933
19
000102729

000105105


20
000158785

000202579
21
000203206

000204665
22
000205375

000207751
23
000207961

000209378
24
000209587

000212673


25
000214092

000216844


26
000218638

000220389
27
000221474

000222516
28
000222684

000224560
29
000229274

000230440
98
30
000231234

000233485
31
000233653

000235529
5
32
000235697

000238699
33
000238867

000241577
5
34
000241786

000244371
35
000244581

000247249


36
000248668

000250085
37
000251796

000254590
38
000300513

000301638
39
000301848

000306852
40
000307103

000310480
41
000310648

000313025
42
000313234

000315903
43
000316696

000320115
44
000320325

000322367
45
000322702

000325829
46
000327373

000328415
47
000328583

000330209
48
000334672

000336632
49
000343431

000345015


50
000345183

000348894
51
000349145

000351563
52
000351731

000353232


53
000353399

000357361
54
000357612

000400155
55
000400365

000404076
56
000404244

000407704
57
000412585

000415712


58
000415880

000417339
59
000417507

000420300
60
000420510

000422594
61
000424722

000426431
62
000426975

000428850


63
000429018

000430310
64
000430520

000434022
65
000434232

000435732


66
000435942

000437734


67
000437902

000439444
68
000443866

000446827
69
000446995

000449162
70
000449330

000451873
71
000452083

000456169
72
000456379

000457504
73
000457714

000459089
74
000459340

000502384
75
000502635

000505762
76
000506014

000508640
77
000508891

000510767
78
000512270

000513895
79
000514063

000517941
80
000518192

000519651
81
000519861

000522029
82
000522405

000524239
83
000524449

000525741
84
000525950

000529870
85
000530079

000531288
86
000540673

000542090
87
000542633

000545135
88
000546512

000548096
89
000548264

000550682
90
000550892

000554853


91
000555063

000557147
92
000557357

000600359
93
000600568

000602486
94
000602695

000606073
95
000606866

000608158
96
000613748

000618335
97
000620713

000622214


98
000625218

000627386


99
000627553

000628762
100
000632183

000634518


101
000635269

000636686
102
000642443

000644361
103
000644570

000648615
104
000648825

000650951
105
000701838

000703588


106
000703798

000707676
107
000707885

000711513


108
000712640

000714099
109
000725361

000726903
110
000728739

000729865
111
000730741

000732033
112
000733744

000735203
113
000737915

000739416
114
000739625

000743170
115
000743379

000745380
116
000748759

000750760
117
000751596

000754181


118
000754390

000757017
119
000757268

000800479
120
000806360

000807903


121
000808070

000809821
122
000809989

000812073
123
000812325

000815869
124
000816078

000817287
125
000817455

000818663
126
000818831

000821166
127
000823294

000824628
128
000824795

000826254
129
000826422

000828715
130
000829383

000830675
131
000830885

000833720
132
000834972

000837974
133
000838142

000839851
134
000842313

000845190
135
000845399

000846650
136
000846901

000849569
137
000849779

000852864
138
000853074

000856868
139
000857078

000858411
140
000858621

000901456
141
000901707

000904084
142
000904293

000905377
143
000905586

000907462
144
000918558

000919849
145
000920059

000921810
146
000938411

000940328


147
000940496

000943415
148
000944584

000946209


149
000946419

000950255
150
000950506

000952132
151
000957805

000959639
152
000959849

001002726
153
001003352

001006605
154
001006814

001008898
155
001009108

001011443
156
001011652

001013403
157
001014697

001017032
158
001017241

001021328
159
001022997

001024623
160
001024790

001026166


161
001028210

001030086
162
001030296

001032881
163
001033466

001036343
164
001036552

001038720


165
001039430

001041389
166
001041557

001044809
167
001044977

001046019
168
001052860

001054486


169
001100451

001101868


170
001102036

001106122
171
001106332

001110877
172
001111712

001115840
173
001116050

001117759
174
001117968

001119302
175
001125226

001126267
176
001126435

001128770
177
001129730

001132315
178
001133109

001136111
179
001136612

001137904
180
001142034

001145745


181
001148040

001149082
182
001149250

001150291
183
001151752

001154921
184
001200302

001203763
185
001203973

001205223
186
001205975

001207058
187
001207268

001208601
188
001210312

001211896
189
001212106

001213148
190
001214984

001216860
191
001218237

001222824
192
001223033

001225493
193
001226954

001227996
194
001228164

001230915
195
001231125

001235462
196
001235671

001237714
197
001239049

001242343
198
001242553

001244262
199
001244472

001245513
200
001245765

001247348
201
001247558

001249434
202
001250227

001252937


203
001253814

001300278
204
001300488

001303490
205
001303657

001304741
206
001304950

001306326
207
001318923

001320298


208
001320591

001324594
209
001325054

001327764
210
001328557

001330475
211
001332311

001334145
212
001343864

001346324
213
001347076

001349911
214
001350162

001352705
215
001352915

001355959
216
001402216

001404509
217
001404677

001407387
218
001410850

001412559
219
001412726

001415311
220
001418274

001420149
221
001420317

001424028
222
001428492

001430618
223
001431453

001434956
224
001437251

001439127
225
001444174

001445717
226
001445926

001447927


227
001448137

001450388
228
001450556

001452265
229
001452516

001454601


230
001455477

001456519
231
001456729

001457896
232
001458063

001459856
233
001500482

001503318
234
001503944

001506154
235
001506405

001508948
236
001509158

001512285
237
001516373

001518499
238
001521045

001522295
239
001522588

001527675
11
240
001527885

001530178
241
001530387

001533097
242
001533599

001535850
243
001536018

001541606
244
001541815

001543691
245
001543943

001548404
246
001549406

001552325
247
001552493

001554160
248
001554954

001557413
249
001559917

001603586
250
001603796

001605713
251
001611053

001614889
252
001615099

001616724
253
001616934

001622188
254
001626276

001627360
255
001627861

001629404
256
001629613

001631322
257
001632658

001634450


258
001640249

001641958
259
001642167

001643543
260
001643711

001647422
261
001647631

001650842
262
001651093

001655513
263
001657433

001659892
264
001700602

001702937
265
001704106

001706858
266
001707651

001708693
267
001710738

001712864
268
001713115

001715158
269
001716744

001718536
270
001729339

001730506
271
001734887

001741017
272
001741643

001744312
273
001744480

001745688
274
001745856

001751486
275
001751653

001755114
276
001756700

001758076


277
001758243

001759285
278
001759536

001802830
279
001803540

001807794
280
001809588

001811089
281
001812800

001813841
282
001814718

001815760
283
001815928

001817512
284
001818764

001820098
285
001821308

001822934
286
001823560

001824852
287
001826605

001827647
288
001827815

001830024


289
001830192

001833194
290
001833403

001835530
291
001835739

001839492
292
001839660

001841577
293
001841745

001843996


294
001845207

001847708
295
001848293

001849919
296
001851880

001856342
297
001856510

001858469
298
001900055

001901681
299
001901890

001904517
300
001904726

001907937
301
001908147

001910648
302
001911400

001912859
303
001914820

001919365
304
001925122

001926289
305
001926456

001928040
306
001929835

001930877
307
001931044

001934422
308
001934631

001936507
309
001936675

001940928
310
001941805

001944473
311
001944683

001947643
312
001947811

001949770
313
001953734

001955902
314
001956111

001959447
315
002001491

002002617
316
002002784

002004285
317
002008457

002009916
318
002010083

002011626
319
002011793

002013878
320
002014046

002015296
321
002015505

002018090
322
002021595

002023346
323
002024097

002026349


324
002026516

002031229
325
002031438

002032605
326
002032856

002036984
327
002037236

002040696
328
002040906

002043699
329
002043909

002048412
330
002050082

002051123
331
002051291

002052667
332
002052834

002053960
333
002054169

002057255


334
002058840

002101634


335
002102844

002104762
336
002107349

002109267
337
002109476

002111769
338
002111979

002115690
339
002115857

002122238
340
002137587

002140798
341
002141300

002143259
342
002143468

002145469
343
002148515

002149557
344
002157065

002158274
345
002159401

002202528