1
000005005

000007339


2
000007549

000009842
3
000010010

000011510
4
000011720

000014763
5
000014973

000016390
6
000016599

000018600
7
000018768

000020436


8
000020603

000022896
9
000023106

000026275


10
000026484

000029361
11
000029571

000032239
12
000032407

000034867
13
000035035

000038704
14
000038913

000043250
15
000043418

000046295
16
000046463

000050674
17
000050842

000054386
18
000054554

000057181
19
000057390

000058599

20
000100518

000101602
21
000101770

000102978
22
000103188

000104271
23
000104439

000106023


24
000153947

000156073
25
000156324

000159618
500megabyte
26
000159786

000201662
27
000201871

000205833
28000
28
000206042

000207876
29
000208628

000210546
30
000212382

000215092
31
000215260

000217553
32
000217720

000221974


33
000222142

000227104
34
000227272

000229565


35
000230441

000231650


36
000231818

000234486

37
000238366

000240868
38
000241035

000242452
39
000242620

000244997
40
000245165

000248333
41
000248543

000250502
42
000250670

000253755
43
000253965

000256466
44
000256634

000259553
45
000259721

000302514
46
000302682

000304850
47
000305351

000307436
48
000308771

000312232
49
000312442

000315402
10
50
000315570

000317362
51
000317530

000320407
52
000320575

000322784
53
000323286

000324578
54
000325788

000327873


55
000328208

000329583
56
000329792

000331084

57
000331294

000333712


58
000334130

000335464
59
000336925

000338425
60
000338593

000340052

61
000340220

000341595
62
000343056

000344389
63
000347727

000349228
64
000349437

000351313


65
000351481

000352564
66
000354150

000355859
67
000356069

000357903


68
000358071

000359613
69
000401074

000402658
70
000402867

000405410
71
000405620

000406954
72
000407163

000410207
73
000410375

000412417
74
000416339

000419049

75
000422553

000426223
76
000426474

000429726
77
000430478

000434273
78
000434524

000437442
79
000439904

000444658
80
000444867

000447077
81
000447328

000450664
82
000454252

000456586
83
000456796

000502217
84
000503928

000505846
85
000507265

000508890
86
000512353

000516356
87
000517859

000519151
88
000519319

000521194


89
000521404

000523613
90
000524574

000525657
91
000527118

000528452


92
000528661

000531705
93
000531914

000534124


94
000538880

000539963
95
000540131

000541673
96
000542091

000543258
97
000544761

000547637


98
000548723

000551641
99
000551851

000553143
100
000553311

000555812


101
000556022

000558482
102
000558733

000602569
103
000602737

000605864


104
000606032

000608575
105
000610036

000611078
106
000612038

000613914


107
000614582

000617042


108
000617251

000618668
109
000618878

000621004

110
000621214

000622589
111
000622757

000626218
112
000626469

000627677
113
000627887

000629304
114
000629472

000631264
115
000633142

000636686
116
000636938

000638105
117
000638272

000639398


118
000639607

000642275
119
000642485

000643985
120
000649158

000650617
121
000651119

000652285
122
000652537

000654121
123
000654580

000657124
124
000658126

000659251
125
000659669

000702003
126
000702713

000703797


127
000703965

000706216


128
000706426

000708135
129
000708553

000710470
130
000710888

000712514
131
000712723

000714850
132
000715101

000717352
133
000717603

000721690
134
000723151

000726027
135
000728948

000732993
136
000733202

000737330
137
000738666

000741918
50s
138
000742128

000744629
139
000746048

000750010


140
000751053

000753847
141
000754098

000755807
142
000759187

000802022
143
000802190

000803815

144
000805234

000807068


145
000808738

000811573
146
000811782

000814326
147
000814660

000815869
148
000816078

000818246
149
000819999

000822751
150
000822919

000824753
151
000826214

000827297
152
000827465

000828632
153
000828799

000833386
154
000833596

000834679
155
000834847

000836431
156
000837183

000840310
157
000841812

000844606
158
000845233

000847442
159
000847610

000850612
160
000850780

000852614
161
000852782

000854199
162
000854700

000856785
163
000859413

000901790
164
000903251

000904918
165
000905169

000906878
166
000908464

000911049
167
000912802

000914219
168
000914428

000915762
169
000919433

000921810
170
000925439

000928483
171
000928651

000932362
172
000932572

000934781
173
000938160

000939244
174
000939412

000940495
175
000940663

000944457
176
000944667

000945750
177
000945918

000949004
178
000955052

000956886
179
000958055

001000682
100
180
001000933

001002976
181
001005354

001007147
182
001007315

001008815
183
001013988

001015614
184
001016115

001018533
185
001018743

001019826
186
001019994

001024497
187
001024665

001026207
188
001027335

001028668
189
001028878

001031504
190
001033424

001035508
191
001037136

001039095


192
001039305

001040430
193
001040598

001043516
194
001044101

001045560
195
001046687

001048021
196
001048189

001049272
197
001049440

001051274
198
001051442

001053026
199
001059950

001103161
200
001105414

001106748
201
001106957

001108166
202
001109710

001112837
203
001114131

001115215
204
001115383

001116466
205
001117468

001119344
206
001119595

001121262
207
001126977

001128770
208
001130648

001132774
209
001132942

001134567
210
001134735

001136945


211
001137154

001138988
212
001145204

001148456
213
001148666

001151167


214
001152002

001153545
215
001154088

001155922
216
001200886

001204139
217
001204306

001208685
218
001208853

001211938

219
001212940

001216860


220
001217027

001220947
221
001222158

001223450
222
001223659

001225243
223
001225453

001228747
224
001228998

001231082
225
001232877

001234461
226
001234628

001236838
227
001237798

001240091
228
001240259

001241676
229
001241886

001243762
230
001243971

001245638
231
001247183

001251019


232
001301113

001302697
233
001312166

001313500
234
001316045

001317420
235
001318964

001320215


236
001323594

001326221
237
001327848

001329766

238
001331060

001333561
239
001337149

001340527
240
001342238

001343446
241
001343614

001347659
242
001347827

001349661
243
001351413

001355416
244
001355626

001356835


245
001357002

001358127
246
001358295

001359921
247
001402383

001403716
248
001403884

001404968
249
001405135

001406219
250
001406387

001407720
251
001407888

001408972
252
001409181

001411432
253
001414061

001417647
254
001417857

001418982
255
001419567

001421317
256
001422570

001423778
257
001423988

001426489
258
001428993

001430952
259
001432079

001434122
260
001434331

001436958
261
001437126

001440295
262
001440504

001444340
263
001444592

001445842
264
001446051

001449262
265
001450097

001451514
266
001452349

001453975


267
001454184

001456769


268
001456937

001459355
269
001459523

001501608
270
001501775

001503443
271
001503611

001505778
272
001509700

001511451
273
001515539

001517665
274
001517833

001520877
275
001521045

001526257
276
001527092

001529636
277
001529803

001532722


278
001533432

001536601
279
001536894

001538186


280
001538479

001540980
281
001542066

001543441

282
001543609

001548196
283
001548364

001549572
284
001551492

001555745
285
001555955

001559832
286
001617476

001619769
287
001620270

001621354
288
001621522

001624023
289
001624233

001628152

290
001628362

001630697

291
001630906

001633449

292
001633826

001635243
293
001635411

001636869
294
001637079

001640373
295
001640708

001644335
296
001644503

001648589
297
001648757

001652677
298
001652845

001656055
299
001656223

001659600

300
001701186

001702311
301
001702730

001704397
302
001704606

001706524
303
001707192

001709569


304
001709737

001712280
305
001712489

001716075
306
001719747

001720955
307
001722416

001725293
308
001725711

001727211
309
001727463

001729547


310
001729757

001730923
311
001731133

001733217
312
001733385

001735011
313
001735220

001736929
314
001737514

001741434
315
001741602

001745897
316
001746065

001747774
317
001747941

001751986
318
001752196

001756616
319
001757409

001800161
320
001800370

001802038
321
001805000

001806209
322
001806376

001811339
323
001811507

001814300
324
001814885

001818221
325
001818388

001821057
326
001836490

001841077
327
001843163

001844664
328
001850212

001853339
329
001853507

001856425
330
001856635

001859804
331
001900013

001903224
332
001904351

001905434
333
001905602

001906769
334
001906937

001909397
335
001909648

001912525
336
001913694

001914902
337
001915070

001916404
338
001916572

001918406
339
001919700

001921200
340
001922703

001926622
341
001926832

001928374
342
001928584

001930835
343
001931003

001932420


344
001932629

001935590
345
001948687

001949896
346
001950063

001951189
347
001953442

001954817
348
001955027

001958779
349
002001366

002003618
350
002003827

002006787
351
002006997

002008915
352
002009750

002011417
353
002012294

002013920
354
002016840

002018466
355
002018634

002020885


356
002026725

002029852
357
002030020

002032855
358
002033023

002036275
359
002036443

002040863
360
002041031

002044951
361
002045452

002049247
362
002054253

002057546
363
002058215

002103135
364
002103303

002107556
365
002107724

002109809
366
002109977

002112687
367
002112854

002115815
368
002115983

002119151
369
002124366

002127368
370
002127577

002130037
371
002130205

002132331
372
002132499

002136043
373
002136211

002139588
374
002139756

002145177
375
002145512

002155563
376
002155731

002202570
377
002202738

002205614
378
002206491

002207575
379
002207784

002209076
380
002209244

002211746
381
002211955

002214081
382
002215292

002218419
383
002219379

002222131
384
002222341

002224467
385
002225886

002227428
386
002228430

002230681


387
002230891

002233976

