1
000003044

000004545


2
000004713

000009425
3
000009592

000013470
4
000013638

000016265
5
000016433

000018142


6
000018309

000021645


7
000021813

000024148


8
000026609

000028777
9
000028945

000031321
10
000034909

000038370
11
000038580

000040956
12
000041124

000044835
13
000045170

000047921
14
000048423

000051300
15
000053303

000057473
16
000057974

000100434


17
000103855

000106023
18
000108818

000111070


19
000111279

000113072
20
000150693

000151777
21
000151945

000153070


22
000153238

000156532
23
000156741

000200244
24
000200411

000202955
25
000208503

000210629


26
000211589

000214591
27
000214759

000218929


28
000220306

000222599
29
000222809

000224476
30
000227564

000231984
31
000232193

000236405
32
000236656

000239366
33
000240451

000242452


34
000242620

000244538
35
000245123

000246582
36
000246749

000249960
37
000250128

000253422
38
000253631

000257134
39
000257302

000259970
40
000300722

000302306

41
000303391

000305392
42
000305560

000308270
43
000308479

000310772
44
000310982

000312024


45
000312192

000313233


46
000313401

000315068
47
000315570

000317237
48
000317572

000320532
49
000322452

000324786
50
000326748

000329249
51
000334047

000335380


52
000335590

000338967


53
000339594

000340761
54
000342889

000346391
55
000346601

000347976
56
000348186

000351521
57
000351689

000353899
58
000354567

000357277
59
000358780

000359821
60
000400031

000403283
61
000405662

000408747
62
000409332

000411124


63
000411334

000415587
208
64
000415964

000420884
65
000422428

000426890
66
000427058

000428684
67
000428851

000430185
68
000430895

000432354
69
000435733

000437442
70
000437610

000441196
71
000442532

000445659


72
000447829

000451248
3
73
000451416

000453500
74
000455086

000456962
75
000457130

000501383
76
000502010

000503093
77
000503803

000505887
78
000506097

000510392
79
000510601

000514646
80
000516274

000519318
81
000519527

000522362
82
000522530

000524573
83
000524741

000526825
84
000527285

000529828
85
000529996

000532247


86
000532457

000534458
87
000535918

000539046
88
000539213

000541673
89
000541883

000544634
90
000544802

000547804
91
000548473

000552225
92
000602195

000605072
93
000605239

000607240
94
000607408

000608450
95
000608993

000611745
96
000617335

000618377


97
000618544

000621546
98
000623132

000624966
99
000625468

000628428
100
000629305

000633558
101
000633768

000636144
102
000636354

000639898
103
000640066

000643568
104
000646572

000647697


105
000648199

000652536


106
000653996

000657040
107
000657834

000700919


108
000701129

000703713
109
000705466

000708593
110
000708761

000709803
111
000709971

000712889


112
000713057

000717102
113
000719772

000721189
114
000724652

000726820
115
000726988

000728697
116
000728865

000732492
117
000733744

000734953
118
000735163

000737289
119
000742545

000744921
120
000745089

000748133
121
000748342

000751178


122
000751387

000754264
123
000754432

000759269
124
000800354

000802898
125
000803065

000804858
126
000805067

000807944
127
000808112

000809237
128
000809405

000812365
129
000812575

000814242
130
000814785

000816453
131
000830718

000832719
132
000834096

000835388
133
000838601

000840477
134
000844565

000846900
135
000847109

000849569
136
000849737

000851821
137
000851989

000855867
138
000856035

000857953


139
000901207

000902624
140
000902833

000904251


141
000904418

000906002


142
000906212

000908171
143
000908381

000911841
144
000914887

000917222
145
000917390

000920183
146
000922520

000924896


147
000927567

000929234
148
000931362

000935657
149
000935866

000939619


150
000940413

000942831


151
000943040

000946376
152
000947587

000951881
153
000952091

000954384
154
000954552

000958555
155
000958764

001000682
156
001000891

001004060
157
001007607

001008648


158
001008816

001009858
159
001010026

001012652
160
001012862

001014863
161
001015031

001017782


162
001017992

001021453
163
001022163

001025749
164
001025916

001028501
165
001029920

001032339
166
001032548

001035383
167
001035593

001037969
168
001038137

001041598
169
001041766

001044392
170
001044602

001048104
171
001050066

001051107
172
001053027

001054986
173
001056197

001059407
174
001103913

001106790
175
001106957

001111961
176
001112713

001116049
177
001116634

001118802
178
001119512

001121971
179
001122139

001125392
180
001125559

001129521
181
001129689

001133233
182
001133401

001136152
183
001136320

001138947
184
001139115

001141032
185
001142535

001146037
186
001146205

001149416
187
001149583

001150625
188
001150793

001153795
189
001154004

001155296
190
001158217

001201761


191
001207393

001209519
192
001215526

001219070
193
001219238

001221030
194
001221240

001225618
195
001225786

001228788
196
001231167

001235211


197
001235379

001237672
198
001237840

001239507
199
001239717

001243178
200
001244722

001246973
201
001247183

001249684
202
001249894

001250977


203
001251187

001252645
204
001253898

001256191
205
001257902

001303406
206
001303616

001306785
207
001306952

001310747
208
001313125

001316878
209
001317087

001320757


210
001320925

001322634
211
001323886

001326429
212
001327306

001331351
213
001331560

001335939
214
001336524

001341236
215
001341403

001344405
216
001344615

001346074
217
001346659

001348368
218
001353582

001356584
219
001356752

001358711
220
001358879

001403258
221
001403425

001405510


222
001406971

001408221
223
001408681

001410640
224
001410808

001414018


225
001414228

001415436


226
001419733

001422402
227
001422570

001423862
228
001424864

001426531
229
001427616

001429951


230
001430119

001434747
231
001434915

001437000
232
001437167

001438501
233
001439378

001440879
234
001442840

001445758
235
001447887

001451222
236
001451390

001456561
237
001457855

001500023


238
001502192

001503860
239
001504028

001507030
240
001507197

001510199
241
001510367

001514162
242
001515664

001517624
243
001517791

001519542
244
001519710

001523212
245
001523380

001524797
246
001524965

001530011
247
001534141

001537310


248
001537519

001541606
249
001543651

001546027
250
001550240

001551407


251
001551617

001554535


252
001554703

001559582
253
001559792

001602877


254
001603337

001605004
255
001608217

001609884
256
001611428

001614639
257
001614848

001616724
258
001616934

001620687


259
001621397

001624148
260
001624316

001628403
261
001628570

001630530
262
001630698

001633241
263
001633409

001636160
264
001636370

001639998
265
001640207

001644836
266
001645045

001647880
267
001648090

001650174
268
001700227

001702186
269
001702980

001706441
270
001706608

001707817
271
001708027

001711779
272
001711947

001713281
273
001715701

001720329
274
001723375

001725334
275
001728714

001731841
276
001732051

001737138
277
001737306

001740600
278
001743020

001744854
279
001746690

001750860
280
001751070

001753196
281
001753405

001755698
282
001756700

001757992
283
001758202

001801120
284
001802414

001803706
285
001820432

001821891
286
001824937

001826145
287
001826313

001828272


288
001828440

001829816


289
001830025

001833611


290
001833779

001836906
291
001840244

001845915
292
001846125

001848501
293
001849920

001853589
294
001853757

001856509
295
001857553

001859470
296
001859680

001902265
297
001907688

001910231
298
001910399

001913985
299
001914862

001917071
300
001921535

001923619
301
001923871

001926581
302
001926748

001930459
303
001932796

001935298
304
001936508

001938551


305
001938719

001939760
306
001939928

001942638
307
001943682

001947476


308
001947644

001951147
309
001951356

001952607
310
001952816

001957904
311
001959198

002001532
312
002009458

002011709
313
002013587

002017715
314
002018800

002020718
315
002024932

002026933
316
002027142

002029518
317
002037069

002040112


318
002040322

002043616
319
002043784

002047745
320
002048747

002051332
321
002051500

002052583
322
002052793

002056629


323
002056838

002057964
324
002100384

002102885
325
002103053

002105429
326
002107557

002110309


327
002110560

002112728


328
002117401

002120987


329
002121154

002125032
330
002125242

002128744
331
002130789

002134625
332
002138297

002140423
333
002150434

002152810
334
002153520

002155521
335
002156148

002159233


336
002159443

002202611
337
002205407

002206449
338
002206616

002208326
339
002210078

002213039
340
002213206

002215291
341
002215459

002216625
342
002218795

002220755
343
002221381

002223382
344
002223592

002225885
345
002226094

002228471
346
002240233

002243819
347
002244196

002245905
348
002246740

002249241
349
002249409

002250534
350
002250744

002252036
351
002256708

002258292
352
002259878

002302254


353
002302422

002304382

