1
000006548

000008882
2
000009092

000010426
3
000010635

000013554
4
000013805

000016306
5
000016516

000018726
6
000018977

000021228
7
000021980

000024356
8
000025316

000026984
9
000027777

000030863
10
000032157

000033866
11
000034409

000038162
12
000038371

000039788
13
000039998

000043208
14
000043585

000046462
15
000046671

000050007
16
000050216

000052885
17
000139933

000142434
18
000147607

000149358
19
000151277

000153403
20
000154197

000157324
21
000157534

000159451
22
000200120

000201161
1000
23
000201412

000203205
2
24
000204541

000206333
1000
25
000208294

000212172
8
9
1000
26
000214342

000215509
27
000215760

000216760
28
000216970

000220597
29
000221808

000223517
30
000223726

000225561
31
000225812

000226812
32
000227021

000228063
33
000229774

000232109
34
000232318

000235320
35
000235530

000238448
36
000240535

000244329
37
000244581

000246582
38
000247584

000249418


39
000249669

000250669
40
000250879

000253380
41
000253631

000256216


42
000256467

000257676
43
000302932

000304057
44
000304392

000306393
45
000306603

000308604
46
000308813

000309855
47
000311024

000312941
48
000313151

000314151
49
000314360

000315736
50
000317322

000318739
51
000318990

000321950
52
000322160

000324244
53
000324454

000327664
54
000328333

000329541
55
000332128

000333128
56
000333338

000336423
57
000336633

000338091
58
000339010

000342137
59
000342347

000345015
60
000345225

000348477
61
000349604

000351813
62
000352023

000353565
63
000353775

000354775
64
000354984

000357361
65
000359322

000403575
66
000405662

000408789
67
000408998

000412084


68
000412293

000415128
69
000415338

000416505
70
000419133

000421134
71
000430103

000431186
72
000431396

000432396
73
000432605

000436024
74
000436359

000440070
75
000441114

000443740
76
000443950

000445200
77
000445410

000449037
78
000449247

000450914
79
000451124

000453208
80
000453459

000455836
81
000456045

000457963
82
000459048

000502968
83
000503177

000505262
84
000506139

000507347
85
000507598

000510309
86
000510560

000512185
87
000512437

000515063
88
000515982

000517774
89
000518609

000521194
2
90
000522322

000523363
91
000523573

000525949
92
000526367

000527951
93
000528828

000530078
94
000530288

000532748


95
000533958

000535000
96
000535251

000536335
97
000537462

000539838


98
000540798

000544051
99
000545303

000546720
100
000548514

000552809
101
000553311

000555479
102
000555688

000558231
103
000559942

000601193
104
000601402

000604404
105
000605948

000608367
106
000609577

000611453
107
000611871

000612913
108
000613247

000614331
109
000616459

000619336
110
000619545

000622130
111
000623049

000625550
112
000626886

000627928
113
000629180

000630806
114
000631182

000634309
115
000634685

000640357
116
000640566

000643276
117
000643528

000646947
118
000647156

000650575
119
000650785

000652452
120
000654080

000655872
121
000656082

000658625
122
000658876

000700585
123
000702880

000704714
124
000705466

000709136
125
000709429

000710470
126
000710680

000711721
127
000712014

000714182
128
000714392

000717269
129
000717812

000718854
130
000719063

000722065
131
000722275

000723608
132
000723818

000724860
133
000726529

000728530
134
000728781

000730365
135
000730575

000732200
136
000732410

000736204
137
000736456

000737831
138
000745256

000746339
139
000747467

000750510
140
000752180

000753847
141
000754056

000756308
142
000756517

000759853
143
000800062

000801480
144
000801731

000803899
145
000805109

000806318
146
000806569

000809279
147
000812366

000816369
148
000816662

000818371
&
149
000820291

000821791
150
000823252

000825712
151
000825963

000829257
152
000829884

000831801
153
000833346

000835472
154
000835973

000839434
155
000840144

000841937
156
000842146

000843647
157
000843856

000845732
158
000846275

000848318
159
000849320

000852155
160
000853282

000855492
161
000855701

000857577
162
000857828

000859663
163
000859872

000901122
164
000902542

000904042
165
000904293

000905710
166
000905920

000907546
167
000910132

000911424
168
000911634

000915470
169
000918307

000920934
170
000921143

000922978
171
000925356

000927440
172
000929193

000930360
173
000930570

000934281
174
000934532

000937117


175
000939245

000941997
176
000942915

000944124
177
000944333

000948295
178
000948504

000950297
179
000950631

000953967
180
000954176

000955802
181
000958097

001000140
182
001000433

001003101
183
001003352

001005145
184
001005855

001010150
185
001010401

001011443
186
001015156

001016448
187
001016907

001018825
188
001019327

001021369
189
001022622

001024789
190
001028711

001030795
191
001031797

001033048
192
001033466

001035175
193
001037553

001039137
194
001041098

001045852
195
001046687

001048647
196
001048981

001050023
197
001050232

001052275
198
001052526

001054361
199
001054570

001056905
200
001057156

001059991
201
001101035

001102702
202
001102953

001106623
203
001106957

001110001
204
001110503

001111544
205
001111962

001113546
206
001116133

001118510
207
001122932

001125475
208
001127728

001130980
209
001131232

001132732
210
001133609

001134818
211
001135111

001136277
212
001136529

001139823
213
001140074

001141491
214
001141701

001143910
215
001144120

001147330
216
001150501

001152877
217
001153129

001154546
218
001154797

001156423
219
001157633

001200468
220
001207727

001209018
221
001212356

001215066


222
001215276

001217277
223
001217820

001220655
224
001220865

001223575
225
001224034

001225076
226
001228038

001230123


227
001230332

001233793


228
001234211

001235253
229
001235504

001238006
230
001240551

001242051
231
001242303

001244095
232
001244305

001246306
233
001246849

001249642
234
001249894

001251644
235
001251896

001255190
20
236
001255441

001257358
237
001257610

001300695
238
001300946

001303031
239
001303240

001305450
240
001305659

001308119
241
001308370

001311581
242
001311832

001314334
35
243
001314543

001317796
244
001318047

001321508
245
001321717

001325512
246
001326931

001328848
247
001334730

001336981
248
001338108

001339317
249
001340069

001343738
250
001344990

001346032
251
001347117

001348159
252
001348410

001349661
253
001350162

001353039
254
001354542

001356501
255
001357294

001400088
256
001400297

001401631
257
001401841

001403258
258
001404051

001405844
259
001407930

001409347
260
001410182

001411641
261
001413143

001414352
262
001414895

001416354
263
001417189

001420984
264
001421235

001423486
265
001423696

001426406
266
001427324

001430076
267
001431036

001433913
268
001434915

001436833
269
001438168

001440587
270
001441922

001444299
271
001445676

001448511
272
001455227

001457061
273
001457313

001458479
274
001458689

001501232
275
001502318

001504777
276
001506822

001509824


277
001510075

001512994


278
001513954

001515914


279
001516665

001519208
280
001519418

001521044
281
001521295

001523171
282
001523380

001525506
283
001525925

001527425
284
001533015

001535016
285
001535225

001538561
286
001539396

001540813
287
001541023

001543149
288
001544360

001548655
289
001548864

001551324
290
001551533

001553368
291
001553619

001555662
292
001557122

001558414
293
001559124

001600166
294
001600459

001603211


295
001603587

001604629
296
001604880

001606714
297
001608759

001610468
298
001611178

001614138
299
001614598

001616516
300
001616725

001619060
301
001619311

001622105
302
001622523

001626109
303
001627319

001629237
304
001629446

001631656
305
001631907

001634867
306
001635995

001637745
307
001637955

001640957
308
001641208

001644043
309
001644712

001648840
310
001649758

001652552
311
001653721

001657348
312
001659018

001700059
313
001703981

001705023
314
001706859

001707900
315
001712781

001714907
316
001723667

001726794
317
001739641

001742518
318
001743979

001746147
319
001746356

001747982
320
001748233

001751569
321
001753781

001755782
322
001756867

001757950
323
001758202

001759619
324
001759828

001803498
325
001805667

001806709
326
001807127

001809545
327
001809797

001811214
328
001813383

001815593
329
001816553

001817595
330
001818847

001820765
331
001823602

001825436
332
001825646

001827605
333
001827856

001830399
334
001830692

001832276
335
001834196

001836280
336
001836532

001838741
337
001840035

001842954
338
001843205

001846207
339
001846416

001848167
340
001848377

001852922
341
001853590

001856050
342
001857469

001900054
343
001900305

001901889
344
001902099

001904392
345
001904601

001907979
346
001908230

001912108
347
001912317

001915987
348
001919283

001921909
349
001923287

001924704
350
001928250

001930835
351
001931086

001932128
352
001932504

001934714
353
001936925

001938342
354
001939887

001943181
355
001943390

001945683
356
001947603

001951314
357
001953025

001954233
358
001956904

001959655
359
002007206

002009290
360
002013378

002017465
361
002019051

002021636
362
002021887

002023304
363
002023555

002026641
364
002027434

002029185
365
002030687

002034982
366
002035359

002036943