1
000002043

000006130
2
000006589

000010300
3
000012804

000013846
4
000014431

000017891
5
000018143

000021729
6
000022522

000023689
7
000028153

000030362
8
000036202

000037995
9
000043084

000045544
10
000142143

000143936
11
000144187

000146230
12
000146481

000148982
13
000149192

000151110
14
000151277

000153278
15
000153530

000155823
16
000156074

000157825
17
000159327

000202704
18
000203123

000204998
19
000206000

000207126
20
000207377

000210629
21
000211047

000212381
22
000214259

000216009
23
000217679

000219304
24
000219472

000221473
25
000221683

000223058
26
000223309

000224643
27
000224894

000227312
28
000228022

000229439
29
000229691

000233527
30
000234696

000237739
31
000238199

000241910
32
000242996

000246874
33
000247125

000249042
34
000249294

000251503
35
000252380

000253463
36
000253840

000255674
37
000256176

000257718
38
000257969

000302181
39
000302432

000305100
40
000305351

000308103
41
000317238

000319031
42
000325455

000328290
43
000332545

000337007
44
000337258

000338467
45
000339886

000343847
46
000346351

000347976
47
000348436

000349478
48
000350813

000353232
49
000354651

000357653
14
50
000357904

000400697
51
000400990

000404701
52
000408331

000409831
53
000413670

000415796
54
000416673

000418590
55
000419175

000422636
300
56
000428059

000429726
57
000431646

000432729
58
000433106

000434147
59
000434315

000436316


60
000436567

000437609
61
000437860

000439319
62
000439696

000443490
63
000444701

000447786
64
000448454

000449496
65
000449747

000451623
66
000452333

000455043
67
000455253

000457462
68
000458798

000500632
69
000500883

000502759
70
000505972

000507014
71
000507265

000508557
72
000509225

000511893
73
000512478

000515188
74
000516482

000517524
75
000517775

000521069
76
000523197

000524239
77
000524490

000526366
78
000528286

000531038
79
000534667

000536001
80
000536210

000537544
81
000537754

000541965
82
000542175

000543675

83
000543926

000545635
84
000546846

000550640
85
000550892

000555437
86
000555646

000558565
87
000600693

000604613


88
000608576

000610744
89
000610953

000612037
90
000612205

000615832
1989
91
000618211

000619294
92
000619545

000620879
93
000621089

000625217
94
000626677

000631098
95
000632016

000633433
96
000633643

000634851
97
000635103

000636978


98
000637188

000638772
99
000638940

000643819
100
000646322

000648198
101
000649951

000652494


102
000659627

000702921
103
000703172

000707259
104
000710388

000713807
105
000715560

000719604
106
000719814

000721022


107
000721190

000723608
108
000724527

000726653
109
000728531

000732117
110
000732368

000734786
111
000735037

000736621


112
000736873

000740167
113
000740418

000741877


114
000742587

000744838
115
000745089

000749885
116
000750094

000752095
117
000757935

000801646
118
000801898

000803482
119
000805318

000806359
120
000806861

000808820
121
000809780

000811072


122
000811240

000813283
123
000813451

000815702
124
000815912

000817496


125
000817663

000819039


126
000819790

000821208
127
000829091

000830634
128
000832345

000834554
129
000841437

000843522


130
000843689

000845899
131
000848528

000850445
132
000852865

000853949
133
000856077

000858495
134
000858704

000901665
135
000902917

000904751
136
000905002

000907045
137
000909006

000911466
138
000911676

000913552
139
000913761

000916346
140
000916597

000917722
141
000920017

000923353
142
000923563

000927816
143
000928067

000929526
144
000929777

000932112
145
000934824

000936074
146
000936784

000938952


147
000940705

000942038
148
000942290

000945041
149
000945251

000948795
150
000949046

000950171


151
000950840

000952674


152
000953259

000956386
153
000956637

001000056


154
001002810

001004436
155
001005396

001006730


156
001011611

001014195


157
001015906

001018867


158
001019118

001021620
159
001022997

001027000
160
001027251

001031338
161
001033674

001036885
162
001037136

001040722
163
001040973

001044309
164
001044560

001048647
165
001050524

001053234
166
001057907

001059282


167
001059492

001100950


168
001101202

001103453
169
001103704

001105038
170
001106082

001107123
171
001108042

001109292
172
001112880

001114255


173
001118552

001120178
174
001120346

001121388
175
001122056

001125266


176
001127311

001128353
177
001128938

001130855
178
001131107

001132190
179
001133150

001137946
180
001138155

001141032


181
001142743

001144577
182
001144829

001146287
183
001146539

001148832


184
001149041

001153086


185
001153713

001155213
186
001155881

001158758
187
001159009

001202303
188
001202555

001205223


189
001205391

001210019
190
001210771

001213815
191
001213983

001215525
192
001216068

001218820
193
001224452

001226244
194
001230875

001232709
195
001234378

001236921
196
001237173

001239799
197
001240801

001242093
198
001242928

001244721


199
001245306

001246890
200
001248893

001253354
201
001253731

001256191


202
001256400

001258735
203
001258986

001300028
204
001301071

001302113
205
001302364

001306951
206
001307203

001312332
207
001312833

001317712
208
001319507

001322342
209
001324261

001325386
210
001325638

001327972
211
001330017

001333269
212
001333521

001335855
213
001337024

001339776
214
001339985

001341027
215
001344156

001346783
216
001348035

001349869
217
001351080

001353248
218
001353457

001357043
219
001357294

001400505
220
001401590

001404467
221
001407012

001409222
222
001409390

001411099
223
001416105

001418773
224
001419024

001420525
225
001420776

001423152
226
001424613

001427156
227
001427408

001429158
228
001430119

001431828
229
001432246

001433872
230
001435165

001436791


231
001436959

001438877
232
001439211

001440670
233
001440838

001443506
234
001444925

001446634
235
001451098

001452891
236
001453267

001454934
237
001455227

001457896
238
001459148

001502942
239
001506989

001508031
240
001508782

001510033
241
001510743

001512035
242
001515247

001517081
243
001518000

001520752
244
001521295

001523338
245
001523589

001526424


246
001526592

001528843
247
001529011

001532555
248
001533682

001536559
249
001537895

001541064
250
001542316

001544192
251
001545653

001547445
252
001548489

001549781
253
001550658

001552158
254
001553035

001554702
255
001554995

001558873
256
001600209

001604337
257
001606173

001609425
258
001612179

001616307
259
001616558

001618977
260
001619228

001622563
261
001623649

001626943
262
001627194

001629946
263
001630531

001633157
264
001635536

001636786
265
001640541

001643584
266
001644044

001645753
267
001645921

001649924
268
001650134

001651551
269
001703105

001704689
270
001705482

001707942
271
001708152

001712613
272
001714450

001718077
273
001718704

001721456
274
001722875

001724333
275
001724543

001726419
276
001727379

001729297
277
001731300

001732341
278
001734595

001736387
279
001741560

001742852
280
001743103

001744312
281
001744563

001746397
282
001746815

001747899
283
001748525

001749567
284
001753906

001755573
285
001800829

001803623
286
001808587

001810129
287
001812341

001814133
288
001814384

001817053
289
001817513

001819472
290
001819723

001821682
291
001821934

001823768
292
001824019

001825520
293
001827898

001830525
294
001831527

001832902
295
001834154

001836239
296
001836490

001840576
297
001840828

001842203
298
001844373

001845832
299
001846458

001848709
300
001849461

001852922
301
001853173

001855675
302
001855884

001857385
303
001902141

001903558
304
001903809

001906269


305
001910065

001913568
306
001914444

001916946
307
001917197

001919615
308
001920117

001922785


309
001923162

001925288


310
001927249

001932545
311
001933255

001934714
312
001935507

001939927
313
001940721

001943389
314
001943599

001945474
315
001946101

001947351


316
001948729

001951480
317
001951690

001956652
318
001956904

001959739
319
001959990

002001532
320
002001825

002002950
321
002003952

002005328
322
002009499

002012376


323
002013003

002015213
324
002017090

002020301
325
002025599

002029227
326
002029436

002030728


327
002034441

002036359
328
002038028

002039695
329
002045160

002048454
330
002048705

002052875
331
002053126

002057505
46
47
48
332
002058674

002100758
333
002101969

002104971
334
002105555

002107848
335
002109768

002112311
336
002112479

002115147
337
002115399

002117316
338
002120988

002122613
339
002127494

002128869
340
002129079

002131539
341
002131790

002134333
342
002142801

002144677


343
002144928

002148306
344
002148724

002150599
345
002152102

002153602
346
002153854

002155855
347
002156815

002158065
348
002213373

002219545
7143457
349
002219755

002223299