1
000003294

000005462


2
000005630

000007631
3
000007799

000011427
4
000012303

000013345
5
000013513

000016473
6
000019644

000021478
7
000021855

000023188
8
000023356

000027067
9
000028111

000030571
10
000031489

000034700
11
000034868

000038412


12
000039164

000042041
13
000043501

000046086
14
000046254

000048464
15
000058016

000100809
16
000153029

000154363

17
000154531

000157658


18
000157826

000200244


19
000201871

000205332

20
000205500

000208001
21
000208169

000210754

22
000210922

000214133
23
000214300

000216844
24
000217512

000220722
25
000220890

000223392


26
000223560

000227479
27
000230567

000233110
28
000235238

000238448
29
000240243

000241910
30
000242078

000246081
31
000249586

000250627
32
000250795

000255799
33
000256759

000258927
34
000259095

000302306
35
000302473

000306351
36
000306519

000308145
37
000308313

000309938
38
000310106

000312399
39
000312567

000314443

40
000315361

000317571
41
000319199

000323535
42
000323703

000327748
43
000329334

000330959
44
000331127

000333879
45
000334797

000336798
46
000338635

000340135
47
000340303

000344556
48
000344724

000348352
49
000350146

000351855
50
000352023

000353857
51
000354317

000357110


52
000357820

000359863
53
000400031

000404201
54
000404369

000407704
55
000407872

000409414
56
000411209

000414378
57
000414545

000415921

58
000416089

000417881


59
000418049

000419132

60
000419300

000420509


61
000420677

000422636

62
000422804

000425389

63
000426808

000428475


64
000428643

000430185
65
000432272

000433855
66
000434023

000437025
67
000437193

000439069
68
000440488

000442322
69
000442490

000446410
70
000446577

000451373
71
000451541

000455585
72
000457171

000500215
73
000514605

000516857
74
000518067

000519401
75
000519569

000522904
76
000523990

000526283
77
000526701

000529036
78
000529203

000532205
79
000534000

000537044
80
000537712

000539338
81
000545261

000548972
1982
82
000550725

000551767
83
000551934

000555604
84
000555772

000557689
85
000558107

000600233
86
000600401

000603320
87
000604197

000607491


88
000607658

000612412
89
000612580

000614748


90
000616000

000618710
91
000618878

000620504
92
000620671

000623632
93
000626094

000628470
94
000631391

000634393
95
000634560

000638146
96
000640024

000644778
97
000644946

000646238
98
000653329

000655997


99
000656165

000657416
100
000657583

000701378
101
000709637

000710679
102
000710847

000711847


103
000712014

000714433
104
000715393

000718186
105
000718354

000722065
106
000722233

000725610


107
000725778

000727070
108
000729240

000730532
109
000730700

000734327
110
000735538

000737998
111
000743254

000746089


16th
112
000746507

000748758
18th
113
000750720

000752637
114
000753890

000757184


25th
115
000801355

000803940
116
000804609

000806067
117
000808196

000811281
118
000812241

000813617
119
000818039

000821666


120
000822210

000825128
121
000825296

000827506
122
000827673

000830300
123
000830468

000832135
124
000832303

000834930
125
000835097

000837098


126
000837266

000838934
127
000841145

000842854
128
000844607

000846650
129
000846817

000851321
130
000852865

000855116
131
000855284

000857077


132
000857245

000901998
133
000902500

000904876


134
000905044

000908338
135
000908923

000912592
136
000923479

000926815
137
000927650

000928817
138
000928985

000932195


139
000934156

000936950


140
000937118

000941538


141
000942039

000944791
142
000950756

000954884
143
000955052

000958096
144
000959599

001001975
145
001002435

001003685
146
001008107

001009774
147
001009942

001011901
148
001012069

001014321
149
001026542

001030170


150
001031380

001033715


151
001033883

001037636


152
001041724

001045185
153
001045353

001047812
154
001047980

001050482
155
001050650

001055612
156
001057114

001059824
157
001100660

001101910
158
001102828

001105121
159
001105289

001108249


160
001108417

001110627


161
001110795

001112921
162
001113089

001116758


163
001119428

001121262


164
001121430

001123932
165
001128646

001133316
166
001135236

001137529
167
001139949

001142701


168
001143244

001145954
169
001146622

001149624


170
001149792

001151626
171
001151794

001154754
172
001158134

001159634
173
001159802

001202178
174
001203889

001205598
175
001209061

001210353
176
001210521

001213398
177
001213566

001215984
178
001216152

001218445
179
001221323

001224492
180
001225161

001227662
181
001227830

001231458
182
001231625

001234002


183
001234503

001237881
184
001238048

001241968
185
001243012

001246347
186
001249560

001251686
187
001251854

001253855
188
001254023

001255857
189
001256859

001300612
190
001300780

001302697
191
001303699

001307327
192
001307495

001310038
193
001310539

001313541
194
001313709

001315835
195
001316003

001317837
196
001319256

001321174
197
001321342

001325178
198
001325346

001327430


199
001329266

001332227
200
001334438

001336356
201
001336524

001340235
202
001340402

001341736
203
001341904

001344239
204
001344406

001346407
205
001349912

001352539


206
001353791

001356459
207
001356627

001358920
208
001400089

001403007


209
001403175

001407554
210
001407721

001409097
211
001411100

001413184
212
001413352

001415436
213
001415604

001419482
214
001419650

001421025
215
001422111

001423903
216
001429535

001431703
217
001432204

001434831
218
001439461

001442005
219
001442172

001444966

220
001445134

001447635


221
001447803

001450471


222
001450639

001452223
223
001452391

001453683
224
001453851

001456060
225
001456228

001457687
226
001457855

001501232


227
001501400

001504903
228
001507114

001508197
229
001508365

001511326
230
001511493

001512994
231
001513162

001515288
232
001516582

001520460
233
001520628

001522670
234
001523047

001526090
235
001526258

001528176
236
001528344

001530011
237
001530179

001533556
238
001533724

001535058
239
001535225

001536684
240
001538187

001542106
241
001543484

001544734
242
001544902

001548196
243
001548697

001551240
244
001553077

001554702
245
001554870

001557080
246
001557247

001559874
247
001600042

001602627
248
001606340

001607382
249
001607549

001610259
250
001611220

001613930
251
001614098

001617767
252
001617935

001619227
253
001619395

001623189
254
001625526

001627735
255
001627903

001630321
256
001630489

001633074
257
001635577

001638246
258
001638414

001641165
259
001643544

001646838
260
001647548

001649716
261
001651635

001654929
262
001656015

001657056
263
001659435

001703104
264
001703272

001705106


265
001705274

001707650
266
001707818

001711070
267
001711238

001712655
268
001713282

001716451
269
001722124

001724000
270
001724168

001725960
271
001726128

001727795
272
001727963

001730631


273
001730799

001734135
274
001734303

001738139


275
001738307

001739807
276
001739975

001741517
277
001741685

001743144


278
001752988

001754572
279
001755866

001757408
280
001757576

001758618
281
001759661

001803372
282
001804333

001805666
283
001805834

001808377
284
001809046

001810505
285
001810672

001813633
286
001813801

001814842
287
001815010

001818679
288
001821850

001825728
289
001829691

001831859
290
001832027

001835488
291
001835656

001840701
292
001840869

001842370
293
001842538

001844956
294
001850712

001854173


295
001854883

001857718
296
001857886

001859387
297
001859555

001902140
298
001902307

001905893
299
001906061

001908271
300
001910983

001912108
301
001912276

001915069
302
001915237

001917280
303
001917447

001921242
10
304
001923245

001928749
305
001928917

001933254
306
001934131

001938009


307
001938844

001940887
308
001941054

001943431
309
001943599

001946309
310
001949396

001951439
311
001951607

001953107
312
001953275

001956944
313
001957112

002000114
314
002003785

002007121
315
002007289

002009790
316
002011793

002014086
317
002018759

002020259
318
002020427

002023179
319
002023347

002026766
320
002026934

002028351
321
002028518

002030811
322
002031396

002034148
323
002034858

002036484
324
002036652

002040821


325
002040989

002042865
326
002043033

002045451
327
002045619

002046661
328
002049081

002050248
329
002050415

002051999


330
002052167

002053292


331
002053460

002055086
332
002055837

002057171
333
002057339

002059840
334
002100342

002102301
335
002103262

002104303
336
002104471

002107348
337
002107516

002109433
338
002112354

002115439
339
002115607

002119277
340
002119444

002122905
341
002123073

002126075
342
002126243

002130371
343
002130539

002131998
344
002138380

002139964
345
002145387

002147680


346
002147848

002149348
347
002151935

002154562
5
348
002155731

002158024
349
002158692

002201319
350
002206575

002208659
351
002209369

002211495
352
002211663

002213831
353
002213999

002217043
354
002219921

002221172
355
002221882

002223257
356
002223425

002225092
357
002227137

002230014
358
002230599

002233142
359
002233310

002236687