1
000005797

000009258
2
000009467

000011468
3
000012887

000014555
4
000014764

000019977
5
000020603

000022438
6
000022605

000025816


7
000026026

000029194
8
000029404

000032156
9
000032365

000035868
10
000036077

000039705
11
000039956

000042416


12
000042625

000045544
13
000048298

000051800
14
000052677

000053886


15
000054095

000058015
16
000101853

000103687
17
000105315

000107107
18
000108568

000112362


19
000114115

000116366
20
000116910

000119912
21
000120080

000122206
22
000122415

000124041
23
000125543

000128921
24
000129130

000132091
25
000132342

000133884
26
000134052

000136929
27
000137097

000140140
28
000140350

000141934
29
000144020

000145896
30
000147065

000149149
31
000149359

000153487
32
000153738

000157407
33
000239909

000242703
34
000242871

000244371
35
000245039

000246165
36
000247417

000251420


37
000253339

000257759


38
000257927

000300679

74

39
000300930

000305309
75
74
40
000305518

000307102
41
000308855

000312816
42
000313026

000315652
43
000315862

000318822
44
000320992

000325204
45
000325413

000329041
74
46
000330835

000334421
47
000334631

000336757


48
000336925

000341345
49
000341971

000347017


50
000349979

000353857


51
000357237

000401240
52
000401407

000403033
53
000404035

000406119
54
000406287

000408330
55
000409123

000411917


56
000414045

000415921
57
000418299

000419841
58
000420260

000423262
59
000423596

000425639
60
000425932

000428141
61
000428351

000432562
62
000434732

000437609
63
000440405

000442322
64
000442490

000446243
65
000446452

000447995
66
000449038

000451248
67
000452834

000454334
68
000458798

000501675


69
000502927

000506221
70
000506431

000510684
71
000512312

000514813
72
000514981

000517065
2nd
73
000522989

000525532
74
000525742

000530370
75
000530621

000536043
76
000536252

000539421
77
000539922

000542174


78
000542342

000543383


79
000544802

000548388
80
000548639

000551141
81
000553353

000555896
82
000557398

000600442
83
000600610

000602736
84
000602945

000606365
85
000606616

000609826


86
000610828

000612871
87
000613081

000617292
88
000617502

000619169
89
000619337

000621922
90
000622090

000624216
91
000624425

000627344
92
000629597

000632557
93
000632767

000636186
94
000636354

000638939

95
000639107

000640941
96
000641109

000642984
97
000644612

000647030
98
000648366

000650659
99
000650827

000652828
100
000653704

000657165
101
000657333

000701461
102
000701629

000703171
103
000703423

000705048
104
000705216

000708009
105
000708261

000712431
106
000713766

000717853
107
000718563

000721982


108
000723276

000725277
109
000725528

000727362
110
000727530

000730699
111
000730867

000734578
112
000734829

000738498
113
000738749

000740709
114
000746632

000749176
115
000749343

000750760
116
000752680

000756016
117
000800313

000802022
118
000802231

000807110
74
119
000807361

000809112
120
000809489

000812991
74
121
000814911

000818246
122
000818915

000821208


123
000821375

000824461
124
000826631

000828298
125
000828716

000830175
126
000830384

000832636
127
000833846

000837724


128
000839435

000842312
129
000842522

000844940


130
000845149

000846483
131
000846651

000848777
132
000848945

000852864
133
000853074

000855450
134
000855618

000858912


135
000908923

000911424
136
000914095

000915845
137
000916264

000918473
138
000918641

000920642
139
000920810

000925105
140
000926315

000929901
141
000930069

000934698
142
000934865

000938827
143
000940204

000941538
144
000944709

000946876
145
000951048

000952507


146
000956470

000958597
147
000958806

001000682
148
001002059

001003101
149
001004604

001007647
150
001009108

001011860


151
001012069

001014029
152
001016282

001017741
153
001018242

001021578


154
001031464

001034799


155
001036844

001040930
156
001041098

001044684
18thcentury
157
001044894

001046227
158
001046520

001050899
159
001051567

001053485


160
001059659

001101785
161
001101952

001104663
1
162
001109085

001110502
163
001114382

001117884
164
001118135

001120553
165
001122932

001125475
166
001131982

001135694
167
001135903

001138863


168
001139115

001140156


169
001140324

001142117
170
001142284

001146496
171
001146706

001150583
172
001150835

001154671
173
001154880

001157465


174
001157675

001159134
175
001159301

001202053


176
001202221

001204389
177
001204598

001206683


178
001206851

001208977
179
001210563

001213565
180
001213733

001215066
181
001215276

001218820
182
001220489

001223199
183
001223367

001226828
184
001226996

001230206
185
001230833

001234419
186
001238299

001239883
187
001241051

001242552
188
001242720

001245180
189
001245347

001246639
190
001246807

001249058
191
001249226

001250643
192
001252480

001255148
193
001255357

001259068
194
001259737

001303907
195
001304116

001308995
196
001309455

001313708


197
001313876

001317587
198
001319465

001321341
199
001321509

001324260


200
001324428

001327222
201
001327389

001331810
202
001333270

001335104
203
001335272

001336815
204
001338567

001340652
205
001342363

001345031
206
001345199

001347992
207
001348702

001351996
208
001352206

001354541
209
001359171

001401214
210
001401382

001403383
211
001403551

001406010
212
001406220

001408680


213
001409974

001412433


214
001413310

001416980


215
001417189

001420400
216
001420609

001422569
217
001422820

001426531
218
001430661

001436040


219
001436292

001438126
220
001441297

001445425
221
001446135

001448303
222
001449972

001452807


223
001453851

001456561
224
001456979

001459439
225
001459690

001501691


226
001502151

001505320


227
001505487

001506613


228
001506780

001510325
229
001514288

001517373


230
001517625

001520960
231
001521253

001523671
232
001523923

001527050


233
001527384

001530303
234
001530554

001535266
235
001535517

001539687
236
001539939

001543191
237
001543442

001548613
238
001549740

001551616
239
001551867

001555119
240
001555371

001558206
241
001601085

001602543
242
001602795

001605463
243
001607591

001609592
244
001611845

001614347
245
001620229

001622981
246
001623190

001625400
247
001625609

001628987


248
001635327

001637870
249
001638747

001639998
250
001640165

001644293
251
001644503

001646129
252
001647047

001649799
253
001649967

001652010
254
001652261

001654554
255
001654722

001656222
256
001656807

001659809
257
001700060

001701769


258
001702813

001706190
259
001706400

001710069
260
001717119

001719162
261
001721582

001723499
262
001723751

001726377
263
001727588

001729547
264
001729798

001733718
265
001733927

001735595
266
001735763

001737555
267
001737723

001739974


268
001740476

001742643
269
001743562

001746898
270
001747149

001751110
271
001751361

001755198


272
001755365

001801245
273
001801497

001803122


274
001803290

001808336
275
001808545

001810755
276
001811006

001813591
277
001813759

001817929
278
001818138

001821516
279
001821767

001824602
280
001824853

001826479
281
001828190

001829482
282
001833779

001835822
283
001836657

001840409
284
001840619

001843830
285
001844081

001848584


286
001848794

001852713
287
001854424

001856259
288
001856510

001901013
289
001901974

001906727
290
001918031

001922285
291
001924413

001926038
292
001926206

001927707
293
001933088

001936340
294
001937551

001939051
295
001939678

001941929
296
001942097

001944140
297
001946310

001949061
298
001949271

001950980
299
001953358

001955484
300
001958030

001959864


301
002000741

002002033
302
002002201

002006913
303
002007080

002012251
304
002012419

002017715
305
002018550

002022887
306
002023555

002027975


307
002029186

002030436
308
002039988

002042865
309
002045744

002049121


310
002050040

002052750


311
002055087

002057380
312
002101969

002105721
313
002105973

002109475
314
002113355

002117775
315
002119736

002123864
316
002125325

002127785
317
002127995

002129245
318
002133458

002136919