1
000003294

000004712
2
000004879

000007172


3
000007340

000008382
4
000008550

000009967
5
000011761

000014013
6
000014597

000017016
7
000017642

000020227
8
000021062

000025566
9
000025734

000028944
10
000031573

000033198
11
000035201

000038120
12
000038288

000041957
13
000042125

000045127
14
000045295

000047254


15
000052010

000054762
16
000054929

000057639
17
000059309

000100517
18
000110278

000112404
19
000112572

000114990
20
000115158

000116742
21
000116910

000119953
22
000120121

000122039
23
000122916

000126418
24
000127170

000128212
25
000128379

000130506
26
000132759

000135260
27
000135428

000137471
28
000137847

000141016
29
000141184

000144019


30
000145522

000148482
31
000240034

000242494
32
000242662

000243954
33
000244122

000245914
34
000247125

000249501
35
000249669

000251128


36
000251296

000254756


37
000254924

000258218
38
000258386

000300470
39
000300638

000302890


40
000303057

000305475


41
000308396

000310272


42
000310440

000313192
43
000313359

000315652


44
000315820

000317988
45
000318198

000321825
46
000321993

000324703
47
000324913

000326330


48
000326497

000329291
49
000329459

000334213
50
000334380

000335839
51
000338134

000339259
52
000343765

000346475


53
000346643

000348977
54
000349145

000352105
55
000352482

000354191
56
000354359

000357194
57
000357362

000359279
58
000359447

000401365
59
000404410

000406286


60
000406454

000408830
61
000408998

000412334
62
000412502

000414711


63
000414879

000416880


64
000417048

000419716


65
000419884

000423220
66
000424472

000426515
67
000426683

000429309
68
000429477

000431937
69
000437193

000440904
70
000442198

000443448
71
000443616

000446118
72
000446286

000449454
73
000449622

000452457
74
000453209

000456461
75
000456629

000459047
76
000502593

000504511


77
000504679

000507222


78
000507390

000508974


79
000509142

000510434
80
000511185

000513061
81
000513229

000516273
82
000518318

000519526
83
000519694

000521820
84
000521988

000523405
85
000530288

000533290
86
000533458

000534916
87
000535084

000537669
88
000537837

000539463


89
000540757

000541798


90
000541966

000543717


91
000543885

000547220


92
000547388

000551558
93
000552935

000554603
94
000554771

000559107
95
000559609

000601735
96
000603112

000605405


97
000605948

000608658


98
000608826

000611244
99
000612622

000615582
100
000615750

000619628
101
000619796

000622422
102
000622590

000626718
103
000628930

000630555
104
000630723

000633892
105
000634060

000635310
106
000639565

000644111
107
000646322

000647781
108
000650159

000651201
109
000651369

000653537
110
000655289

000658834


111
000659001

000702337
112
000702505

000705715
113
000705883

000709261
114
000709429

000711471
115
000712849

000714599
116
000715059

000718478
117
000719522

000721690
118
000721858

000723692


119
000724819

000727446
120
000727613

000729030
121
000729198

000732534
122
000732702

000733952
123
000735872

000739749


124
000740293

000742169


125
000742336

000745297


126
000745465

000749801
127
000749969

000752053
128
000752221

000756558
129
000756726

000758977


130
000759145

000800562
131
000800730

000804691
132
000804859

000807527
133
000807695

000809279
134
000809447

000812782
135
000815244

000818038
136
000818831

000821583
137
000825046

000826588
138
000827215

000829424


139
000830551

000832719
140
000832887

000834387
141
000842271

000843271
142
000843439

000845440


143
000845608

000846900


144
000847068

000850820
145
000852532

000854658
146
000854825

000858328
147
000858496

000900830
148
000900998

000903750
149
000903918

000906419
10
150
000906587

000908922
10
151
000909090

000912634
152
000912802

000916972


153
000917139

000920058
154
000920226

000921268


155
000921435

000923853
156
000924021

000928984
157
000929151

000930944
158
000933990

000937659
159
000937827

000941371
160
000941539

000943999


161
000944166

000947502
162
000947670

000948753
163
000950089

000952090
164
000952258

000956678
165
000956846

001000348
166
001002184

001005186
167
001006814

001007981
168
001009942

001013570
169
001017116

001019409


170
001019577

001022454
171
001023748

001027334

930

172
001029670

001032547


173
001032715

001033757
174
001033924

001035258


175
001035426

001037761


176
001037970

001039346
177
001039764

001042098
178
001042266

001044184
179
001044352

001047729
180
001050441

001052233
181
001052401

001053818
182
001054654

001057364
183
001057907

001059908
184
001101327

001102744
185
001102912

001104913
186
001105081

001106665
187
001106832

001111127
188
001111295

001114923
189
001115091

001118927
190
001121430

001125308
191
001126769

001129104
192
001129271

001131314
193
001133109

001136695


194
001138364

001141741
195
001141909

001146162
196
001146330

001149374
197
001149542

001154504
198
001157383

001159968
199
001200136

001201636


200
001201804

001203972
201
001204140

001206224
202
001206684

001209644
203
001209812

001213273
204
001215317

001219696
205
001219864

001223158


206
001224243

001226995
207
001227163

001228288
208
001228456

001231207
209
001231375

001232667
210
001232835

001236588
211
001236756

001239716
212
001241469

001243011
213
001244388

001246181
214
001251103

001253021
215
001253189

001255190
216
001255357

001256399
217
001258569

001300069
218
001303741

001307035
219
001307745

001310246
220
001313751

001318713
221
001318881

001320840


222
001321008

001325887
223
001326055

001329891


224
001332478

001334562


225
001334730

001337982
226
001338651

001339859
227
001340027

001343154
228
001343322

001347325
229
001347952

001350745
230
001351705

001353832
231
001401590

001403842
232
001405594

001410348
233
001410516

001412934
234
001414854

001417689
235
001417857

001420608
236
001420776

001424529
237
001425030

001427740
238
001430160

001433454
239
001433622

001438042
240
001438711

001441963
241
001442131

001445550
242
001445718

001450513
243
001450681

001453641
244
001455102

001458938


245
001459106

001502400
246
001502568

001504193
247
001504987

001507488
248
001507656

001510825


249
001510993

001513953
250
001514121

001515371
251
001515539

001518416
252
001518584

001520335


253
001522129

001524714
254
001541941

001544984
255
001550199

001551616
256
001552576

001554577
257
001554745

001558247
258
001559625

001603211
259
001604213

001606297
260
001606465

001609300
261
001610469

001613388
262
001613555

001614764
263
001615975

001617976


264
001618143

001621771
265
001621939

001624899
266
001626902

001629404


267
001632533

001636035
268
001638622

001640540
269
001640708

001644252
270
001644420

001648214


271
001648382

001650758


272
001651510

001653553
273
001653721

001658349
274
001658517

001703104
275
001704314

001708693
276
001708861

001711821
277
001711989

001717618
278
001718120

001719787
279
001719955

001722999


280
001723167

001725960


281
001728839

001732300


282
001732468

001735053
283
001735220

001737221
284
001738098

001740099
285
001740267

001742477


286
001742644

001745146


287
001746523

001748816
288
001748984

001750985
289
001751153

001754072
290
001754239

001756616
291
001757409

001759786


292
001759953

001801204
293
001803332

001806334
294
001806502

001811339
295
001811507

001814509
296
001816178

001817178
297
001817346

001820848
298
001821767

001824519
299
001824686

001826104
300
001826271

001830525
301
001830692

001832360
302
001832528

001835404
303
001839243

001841619


304
001841787

001844330


305
001844498

001848126


306
001848293

001851254
307
001853799

001855591
308
001855759

001858803
309
001858971

001901514
310
001901682

001903015


311
001903183

001905560
312
001905727

001907186
313
001907354

001911691
314
001911859

001913818
315
001913986

001915736
316
001916071

001917071
317
001917239

001919740
318
001921243

001925288


319
001926623

001930793


320
001930961

001932879
321
001933046

001935923


322
001936091

001939594
323
001943307

001946893
324
001947102

001948227
325
001948979

001950021
326
001950772

001953107
327
001953859

001955776
328
001955944

001959947
329
002001116

002003117
330
002003952

002005119


331
002005287

002007580
332
002007748

002010708
333
002010876

002013336
334
002013503

002017423
335
002018258

002021010


336
002021929

002024680


337
002024848

002027642
338
002027809

002029769
339
002029937

002032188


340
002032356

002035775


341
002035943

002039070
342
002039238

002043074


343
002043242

002045409
344
002045577

002047328
345
002048497

002049538


346
002049706

002053459
347
002053627

002055878
348
002056046

002057797
349
002057965

002101008
350
002101176

002104845
351
002105013

002106889
352
002107057

002108182
353
002108350

002111686
354
002116358

002118609
355
002118777

002121279
356
002121446

002123614
357
002123782

002126117
358
002126285

002128661
359
002129246

002131247
360
002131415

002134542
361
002134710

002136043
362
002136211

002139088
363
002139256

002141757
364
002141925

002143759
365
002144594

002147054
366
002148056

002153352
367
002157024

002158691
368
002159568

002201736