1
000002836

000004628
2
000004879

000007381
3
000007632

000010426
4
000010593

000012052


5
000012220

000013804
6
000015098

000017808
7
000019769

000022980
8
000024441

000025441
9
000025608

000028193
10
000029529

000032531


11
000033533

000036035


12
000036202

000039163
13
000039414

000043834
14
000044085

000046170


15
000046379

000048839


16
000049049

000050716


17
000051009

000052676
18
000054929

000056472
19
000057057

000100517


20
000100894

000103896


21
000104731

000107608
22
000201621

000202621


23
000202831

000205624
24
000205834

000207835
25
000208044

000210170
26
000210672

000213090
27
000213341

000216176
28
000216427

000218762
29
000218972

000221014
30
000221266

000224143
152
31
000224394

000225435
32
000227105

000229231
33
000229816

000231733
34
000231985

000234903
35
000237198

000238198
36
000238908

000242244
37
000248168

000249668
38
000250044

000251170
39
000251379

000253213
40
000253464

000254464
41
000254632

000257426
152
42
000258970

000301054
43
000301306

000304474
44
000304976

000306518
45
000306936

000310105
46
000311524

000313859
47
000314110

000316570


48
000316821

000319656
49
000319866

000321241
50
000321492

000324786
51
000326831

000328665


52
000328833

000330834
53
000340720

000344556
54
000344766

000347309
55
000347977

000350646
56
000350897

000354149
57
000354859

000357945
58
000359447

000402532


59
000402742

000405160
60
000410124

000412292
61
000412627

000415796
62
000416005

000417756
63
000417966

000418966
64
000419133

000420801
65
000421094

000422302
66
000422470

000424263
67
000426557

000428308
68
000428476

000431728
69
000432605

000434606
70
000436943

000438777
71
000445451

000447452
72
000447704

000449579
73
000450665

000451915
74
000452333

000456712
75
000457255

000458880
76
000502593

000504303
77
000505305

000509516


78
000509767

000511977


79
000512312

000513353
80
000526659

000529828
81
000530079

000533665
82
000533833

000536168
83
000538296

000540422
84
000547889

000549556
85
000552268

000553268
86
000553478

000555437
87
000555688

000600817
88
000602320

000603779
89
000604155

000605530
90
000606741

000607741
91
000619629

000620754
92
000620922

000622297
93
000622548

000626635
94
000626844

000628762
95
000629013

000630972
96
000631682

000635394
97
000635603

000637562
98
000637730

000641233
99
000641442

000643110
100
000652412

000653412
101
000653579

000656915
102
000657125

000700752
103
000701254

000702838
104
000703089

000707342
105
000707593

000710178
106
000711764

000714224
107
000714475

000718186


108
000718438

000720063
109
000720273

000722524
110
000723317

000725610
111
000725862

000728530
112
000728739

000730740
113
000731534

000734119
114
000735329

000738582


115
000739792

000741668


116
000742837

000743962
117
000747091

000748884
118
000749093

000750760
119
000754098

000757225
120
000758686

000801104
121
000804525

000807819
122
000808070

000810071
123
000810281

000811948
124
000813618

000815744
125
000816829

000818663
126
000819665

000822792
127
000823085

000824878
128
000825087

000827172
129
000827381

000829508
130
000829759

000832802
131
000833012

000836431
132
000836849

000838725
133
000838935

000841561
134
000841812

000845315
135
000845525

000847817
136
000848069

000852656
137
000852907

000855033
138
000857078

000858662
139
000859497

000901831
140
000903918

000905669
141
000905920

000909297
142
000913052

000916846
143
000917306

000918974
144
000919183

000922269
145
000922520

000924354
146
000928025

000931611
147
000932488

000935156
148
000935950

000938910
149
000939120

000942247
150
000942456

000943748
151
000944000

000946251
152
000946502

000949462
153
000951799

000955594
154
000955803

000958138
155
000958389

000959472
156
000959724

001002392
157
001002643

001004227
158
001006230

001008732
159
001009817

001010817
160
001012361

001014654
161
001014905

001015905
162
001016073

001017532


163
001017742

001021077
164
001036344

001039346
165
001040473

001043183
166
001044435

001045560
167
001045853

001047520
168
001048189

001049606
169
001050733

001052317
170
001053444

001054527
171
001056447

001058823
172
001101202

001102494
173
001109001

001110085
174
001110252

001111252
175
001111462

001112545
176
001112922

001114881
177
001115466

001117300
178
001117551

001119678
179
001119929

001121429
180
001121681

001125016
181
001125309

001126726
182
001127019

001130397
183
001132108

001135485
184
001136821

001138947
185
001139115

001141199
186
001141826

001144452
187
001144662

001147914
188
001148165

001151084
189
001151627

001153628
190
001155339

001158842
191
001159093

001200135
192
001201762

001203555
193
001203806

001205932
194
001206600

001207642
195
001207893

001210145
196
001210354

001212605


197
001215484

001216484


198
001216652

001218445
199
001219280

001223032
200
001223492

001226786
201
001227037

001229080
202
001229290

001230373
203
001230624

001233126
204
001233335

001234836
205
001235087

001236713
206
001238716

001241676
207
001241886

001244929
208
001245181

001247223
209
001249185

001252228
210
001252480

001255315
211
001256942

001300820
212
001301071

001304741
213
001305951

001307786
214
001310331

001313500


215
001313667

001318505
216
001318756

001321341
217
001321592

001322884
218
001324386

001326805


219
001330810

001332477
220
001332686

001336439
221
001345282

001346491
222
001347159

001348159
223
001348536

001350620
224
001351330

001353331
225
001354458

001357919


226
001358128

001400421
227
001401715

001402715
228
001402925

001405009
229
001405803

001407345
230
001408013

001409973
231
001412059

001414811
232
001416063

001417188
233
001417398

001421192
234
001421443

001423987
235
001424738

001425738
236
001425906

001428575
237
001428993

001432745
238
001432997

001435206
239
001435749

001437041
240
001437209

001440461
241
001440671

001445174
242
001445342

001449304
243
001449722

001453141
244
001453350

001455018
245
001456395

001457979
246
001458564

001459814
247
001500649

001503026
248
001503903

001505069
249
001506196

001508823
250
001510784

001512243
251
001513579

001516331
252
001518208

001519959
253
001521003

001524172


254
001524340

001527675
255
001527927

001530345
256
001530554

001532597
257
001532848

001537310
258
001539438

001542190
259
001542441

001544901
260
001545152

001547028
261
001547905

001549989


262
001550282

001554702
263
001559375

001600375
264
001601418

001604128


265
001610386

001612095
266
001612346

001614055
267
001614890

001616182
268
001616350

001617642
269
001619395

001621604
270
001621814

001623189
271
001624108

001625441
272
001641750

001643001
273
001643919

001645503
274
001645713

001647005
275
001647214

001649549
276
001649758

001652260
277
001654138

001658307
278
001658559

001702103
279
001707317

001710194
280
001710404

001712905
281
001713115

001715450
282
001715701

001718578
283
001718829

001720038
284
001720289

001724709
285
001728130

001729130
286
001729840

001731466
287
001733844

001737930
288
001738098

001739640
289
001741435

001745480
290
001745731

001747982
291
001748233

001751486
292
001751695

001755364
293
001755616

001757742
294
001758452

001800453
295
001802164

001806334
296
001806585

001808169
297
001809505

001811714


298
001811924

001813841
299
001814093

001817595
300
001817805

001819222
301
001819890

001823810
302
001824019

001827063
303
001827648

001829732
304
001830651

001831651
305
001832111

001835029
306
001835864

001837698
307
001837950

001840952
308
001841203

001843621
309
001843831

001845540
310
001845749

001850294
311
001850462

001851462
312
001851630

001852922
313
001853173

001854924
314
001855175

001856634
315
001856844

001859095
316
001859346

001901597
317
001901849

001903307
318
001903600

001904809
319
001905102

001906644
320
001906937

001908896
321
001909648

001910648
322
001910858

001913401
323
001915070

001916821
324
001917072

001920199
325
001920409

001922910
326
001923120

001925580
327
001925831

001927832
328
001928041

001932962
329
001933338

001935339
330
001937050

001940845
331
001941805

001944056
332
001944308

001948102
333
001948353

001951898
334
001952482

001953941
335
001954193

001955735
336
001956445

001957445
337
001959615

002002867
338
002003118

002005036
339
002006455

002007997
340
002009791

002013544
341
002013795

002017381
342
002019176

002021677
343
002022429

002024180
344
002025015

002027183
345
002029561

002031395
346
002031605

002033272
347
002034358

002036984
348
002037319

002039111
349
002039404

002041822
350
002042449

002046619
351
002047996

002050081
352
002050249

002051540
353
002051708

002053542
354
002054628

002057046
355
002105055

002106055
356
002106223

002108015
357
002108225

002109350
358
002110560

002111602
359
002111812

002114063
360
002114731

002116774
361
002117609

002121112
362
002121321

002122863
363
002123115

002125116
364
002125325

002127243
365
002127494

002130454
366
002130706

002134292
367
002134793

002138045
368
002138588

002142341
369
002142592

002145344
370
002146638

002148848
371
002151310

002155813
372
002156064

002159358
373
002200569

002201861