1
000003796

000006007


2
000006173

000009093
3
000009301

000013055
4
000013514

000019061
5
000019729

000022356
6
000022565

000025026


7
000025192

000028779
8
000028988

000030406
9
000030573

000033951
10
000034118

000037788
11
000037955

000040416
12
000042793

000046464
13
000046630

000050384
14
000051594

000054305
15
000054513

000058350
16
000058559

000102146
17
000102897

000107610
18
000107777

000109945
19
000110112

000113616
20
000113824

000119455
21
000122333

000124752
22
000126295

000128130
23
000128297

000130800
24
000131008

000132885
25
000133052

000137556
26
000137723

000143270
27
000143938

000148275
28
000148859

000151195
29
000151362

000155116
30
000155324

000157952
31
000249378

000252047
32
000252214

000254008
33
000254175

000257511
34
000257678

000259972
35
000300181

000302349


36
000302558

000305394
37
000307062

000311025
38
000311192

000312776
39
000312985

000315863
40
000320075

000322870
41
000323078

000325372
42
000326207

000328876
43
000329084

000333130


44
000333339

000336550


45
000337843

000340804
46
000341013

000344850


47
000345017

000349188
48
000349355

000353734
49
000355069

000357404
50
000357613

000401742
51
000401909

000404119
52
000406413

000409875
53
000410042

000413087
54
000414755

000419134
55
000419343

000423472
56
000423681

000425933


57
000428435

000430938
58
000431146

000433607
59
000433774

000437444
60
000440072

000442866
61
000443075

000444159


62
000444326

000446912
63
000447121

000450457
64
000450666

000454795
65
000455629

000457214
66
000459925

000501802
67
000502011

000504346
68
000504513

000507725


69
000507891

000510644
70
000510811

000515399
71
000517276

000519820
72
000519987

000523032
73
000523198

000526744
74
000526910

000530164
10
75
000530372

000533917
76
000534084

000538047


77
000538672

000541800
78
000542843

000545804
79
000545971

000550267
80
000558233

000559318


81
000559485

000604281


82
000604490

000606241
83
000608702

000610162
84
000610329

000613540
85
000613707

000615793


86
000639900

000643362
87
000648534

000650327
88
000701213

000704133
89
000704967

000707219
90
000711306

000712766
91
000712933

000716019
92
000716186

000718981


93
000719189

000722818


94
000724027

000726655
95
000726822

000729575
96
000729741

000733704


97
000733871

000737958
98
000744006

000746300
99
000746467

000749845
100
000750012

000754475


101
000757978

000759646
102
000804985

000807446
103
000807613

000810324
104
000812701

000814620
105
000819416

000820584
_H6Y
_H6Y
106
000820751

000824171
107
000825839

000829885
108
000830052

000834014
109
000835432

000839394
110
000839561

000844024
111
000846235

000848904
112
000849905

000853867
113
000855369

000858664
114
000859414

000903919
115
000904086

000905712
116
000905879

000909508
117
000909675

000912678
118
000912886

000914972


119
000915138

000916640
120
000918475

000920477
121
000921228

000925691
122
000926275

000930946
123
000931154

000933782
124
000934408

000937869
125
000938036

000942374
126
000942541

000946628
127
000946795

000951049
128
000954094

000956471
129
000958265

001001435


130
001004104

001009109
131
001009276

001010861
132
001011028

001015032
133
001017451

001018910
134
001020746

001022789
135
001022956

001026752
136
001026918

001029254
137
001031632

001033717
138
001035010

001040140
139
001041475

001045896


140
001049024

001050734
141
001059785

001103830


142
001103997

001106500


143
001106667

001110545
144
001121264

001123392
145
001124351

001126269
146
001126478

001130190
147
001130357

001133527
148
001133694

001135904
149
001136113

001139032
150
001141910

001143870
151
001144621

001146540
152
001149251

001151461
153
001151628

001156883
154
001157426

001200303


155
001200470

001202764
156
001207269

001208311
157
001208478

001210188
158
001210355

001212858
159
001213024

001216778
160
001217612

001220365
161
001220532

001222784


162
001222951

001224953


163
001225746

001228957
164
001229166

001232961
165
001234379

001236757
166
001237340

001239634


167
001239801

001242596
168
001246683

001249770


169
001249936

001252814
170
001253023

001254608
171
001255358

001257652


172
001257819

001300071
173
001300238

001303867


174
001304034

001309080
175
001310332

001313460
176
001314419

001316880
177
001317047

001321343


178
001323720

001325764
179
001325931

001329726


180
001329893

001332687
181
001332896

001334856
182
001335023

001339611
183
001341905

001344074
184
001345784

001349663
185
001352123

001356002
186
001356169

001358171
187
001358338

001401925
188
001402092

001406638
189
001406847

001410433
190
001410600

001412519
191
001412686

001416815


192
001417816

001420944
193
001421111

001424573


194
001425615

001428076
195
001429578

001432414
196
001432581

001434249
197
001434416

001437085
198
001438378

001440547
199
001441423

001444092
200
001448972

001452017
201
001452183

001457564
202
001457731

001501818
203
001512454

001516207
204
001516458

001518960
205
001519127

001522505
206
001523173

001525842
207
001529304

001532515


208
001532724

001536186
209
001536853

001539940


210
001540148

001541733


211
001541900

001544694
212
001546029

001547697
213
001549908

001553078
214
001553954

001557332
215
001557499

001559501
216
001559709

001602379


217
001610971

001616351
218
001616518

001619396
219
001621064

001624734
220
001630615

001633535
221
001633743

001636162
222
001636329

001639040
223
001639207

001643044
224
001643211

001646339
225
001646506

001650385
226
001650593

001653555
227
001655140

001659185


228
001659352

001703648
229
001703815

001707569
230
001707736

001710864


231
001721916

001724586
232
001724753

001728548
233
001728715

001732927
234
001733511

001736014
235
001736222

001738600
236
001738767

001743438
237
001746066

001750737
238
001800413

001806586
239
001806753

001813468
240
001814928

001819390


241
001820266

001823311
242
001823520

001830276
243
001834447

001835573
244
001835740

001838243
245
001840286

001842372
246
001842997

001846126
247
001846292

001850296
248
001850505

001853424
249
001854134

001858263
250
001858471

001902308
251
001902475

001905228
252
001917949

001921661
253
001921828

001924998
254
001925165

001928126
255
001928334

001930920
256
001931379

001934174


257
001934340

001938970
258
001939137

001941764
259
001942098

001943433
260
001943600

001946728
261
001946895

001951482
262
001951649

001957614
263
002002202

002004037
264
002004454

002007790
265
002007999

002011044
266
002011252

002014881
267
002015089

002019844
268
002020011

002023556
269
002026059

002032190
270
002036986

002038905
271
002039113

002041866
272
002044244

002047413


273
002048790

002052252
274
002052418

002055046
275
002055213

002059092
276
002059259

002100385
277
002102095

002105682


278
002105890

002109310
279
002109477

002114148
280
002114357

002117110
281
002120780

002123491
282
002123700

002127787
283
002128204

002131833
284
002132000

002136629
285
002136796

002140675
286
002140883

002142552
287
002143011

002147974
288
002148433

002150101
289
002155148

002157692
290
002159402

002201654
291
002201863

002205450


292
002205658

002208619
900
293
002208786

002212040
294
002215835

002218588


295
002218755

002221924


296
002223468

002226804


297
002226971

002229891
298
002230058

002233936
299
002234103

002237899
300
002238066

002242111
301
002244238

002248076
302
002253289

002256501
303
002256667

002259379
304
002259545

002302006
305
002302215

002304300
306
002305051

002308554


307
002308721

002311182
308
002312100

002314685
309
002325029

002326781
310
002327323

002329617
311
002329784

002332870
312
002333079

002336624
313
002338042

002341254


314
002341546

002342713
315
002342880

002346175
316
002346342

002349512
317
002350638

002353975
318
002354142

002356894
319
002357061

002400148
320
002400356

002402900


321
002403067

002406529
322
002406696

002409157
323
002409323

002411534
324
002414787

002417165


325
002420293

002425214
326
002425381

002429385
327
002429552

002431888
328
002432054

002435016
329
002435975

002439937
330
002440104

002443691
331
002443900

002446611


332
002446777

002451032


333
002451199

002453743
334
002458372

002502710
335
002502919

002507089
336
002507465

002510593
337
002510760

002513888
338
002514222

002518184
339
002518351

002519644
340
002519810

002522313
341
002526859

002528361
342
002534283

002537119
343
002540331

002544085
344
002549840

002551968
345
002553511

002556973
346
002557181

002600309
347
002600476

002602436
348
002602645

002605773
349
002605940

002610528
350
002610695

002613030
351
002613197

002617910


352
002618077

002622039


353
002623124

002624625
354
002624792

002627753
355
002627920

002630464
356
002631007

002634635


357
002637680

002642018


358
002644186

002647189
359
002647356

002649358
360
002649525

002653362
361
002653571

002657074
362
002657241

002701579


363
002701746

002704498


364
002704707

002706459
365
002706667

002709837
366
002711339

002713674
367
002714383

002716344
368
002716510

002719221
369
002719388

002721432
370
002721641

002725186
371
002725353

002727980


372
002728189

002730816


373
002732526

002734362
374
002734570

002737323


375
002737531

002740660
376
002740826

002745122


377
002745289

002749418
378
002749627

002752922
379
002753089

002757259
380
002758135

002800971


381
002801138

002804934
382
002805142

002808312
383
002808479

002811649
384
002813609

002815152
385
002817863

002820366
386
002820533

002822243
387
002823953

002826622


388
002826789

002829542
389
002829709

002832628
390
002832962

002835756
391
002835923

002839218


392
002839385

002843597
393
002843764

002846350
394
002846517

002849353
395
002849562

002853858
396
002856569

002859572
397
002859739

002903784
398
002903993

002908122
399
002908289

002912418
400
002912626

002915629
401
002915796

002919967
402
002920176

002922094
403
002922261

002926390


404
002928142

002929852
405
002930019

002933731
406
002933898

002938277
407
002939862

002942323
408
002943574

002946035
409
002949205

002952041


410
002952208

002955669
411
002955878

002958255
412
002958964

003002843


413
003007014

003009850
414
003017274

003021362
415
003021570

003025032
416
003025199

003028452
417
003028661

003032456
418
003035376

003038379