1
000003169

000004878
2
000005046

000007423
3
000007590

000009091
4
000009259

000011218
5
000011386

000013762


6
000013930

000016974
7
000018601

000020978
8
000021146

000023397
9
000023565

000026233
10
000026401

000029111
11
000029279

000031447
12
000031614

000033115
13
000035160

000036577

14
000036745

000039580
15
000039748

000041248
16
000041416

000043959
17
000044127

000045461
18
000047547

000049590
19
000050091

000051550
20
000052969

000054845
21
000055722

000057556
22
000057724

000059016
23
000059184

000102227
24
000104230

000106273
25
000106775

000108400
26
000108777

000111528
27
000111696

000114948
28
000115116

000118911
29
000119454

000121872
30
000124793

000127127
31
000127796

000130297
32
000132634

000134426


33
000134594

000135886

34
000136054

000137304
35
000137806

000138889
36
000140809

000144353
37
000144521

000147106
38
000147273

000149066
39
000149234

000152569


40
000153488

000156949


41
000249085

000251003


42
000251171

000253005


43
000255258

000257634
44
000258303

000300220
45
000300722

000303348
46
000303516

000307603
47
000309105

000311565
48
000311733

000314401


49
000314569

000316904
50
000317363

000320991
51
000321159

000323702
52
000323870

000325704
53
000325872

000327206
54
000327373

000329416
55
000329584

000332461
56
000332629

000335297
57
000335465

000337841
58
000339677

000340969
59
000341512

000343847
60
000345183

000346516


61
000346684

000349770
62
000357278

000359905


63
000400073

000402532


64
000402700

000406161


65
000406329

000407537
66
000410500

000413210
67
000413378

000416004

68
000416172

000417798


69
000417966

000419758

70
000422887

000425514
71
000425682

000428433

72
000429560

000432354
73
000432522

000433855
74
000434023

000435190
75
000435358

000438151
76
000438319

000439945
77
000440321

000441697
78
000442198

000444992
79
000446577

000449705


80
000449872

000451331
81
000451499

000453292
82
000453459

000455877
83
000457046

000459256
84
000459424

000502259


85
000503886

000506722
D13
86
000506889

000509516


87
000509684

000513979
88
000515064

000518608
D13
89
000518901

000521987
90
000522447

000525407


91
000525575

000529244
92
000529746

000531204
93
000534584

000537252


94
000549265

000551266
95
000551434

000553018
96
000553269

000554519
97
000554687

000558648
98
000559567

000601651


99
000602570

000605906
100
000606074

000609201


101
000611412

000612746
102
000616209

000618460
103
000620630

000623382
104
000623549

000626259
105
000626427

000628720
106
000629889

000633683
107
000633851

000635018
108
000636521

000639773
109
000639941

000642943


110
000643111

000645987
111
000646155

000650200
112
000651702

000653662
113
000654539

000658125
114
000658292

000701294
$20000
115
000702964

000707467
116
000708261

000711221
117
000712348

000714516
118
000714684

000715892
119
000716060

000719521
120
000719689

000721982
121
000722692

000724526
122
000724694

000727404

123
000727572

000730031
124
000730199

000731950
125
000734162

000736163
126
000737999

000740459
127
000740626

000743503
128
000743671

000746631
129
000748134

000751178


130
000751345

000753889
131
000754056

000757476
132
000757643

000800061
133
000800229

000802230
134
000803441

000804524
135
000804692

000806735
136
000808821

000811114
137
000815953

000819289
138
000819457

000821416

139
000821626

000823418
140
000823586

000828548
141
000828716

000831968

142
000832136

000834429
143
000836807

000841228

144
000841395

000842729
145
000842897

000844814
146
000844982

000848276

147
000854534

000856576
148
000856744

000859120
149
000859288

000902749
150
000902917

000906253
151
000906420

000908255
152
000913511

000915845
153
000919308

000920767


154
000920935

000922852


155
000923020

000925063
156
000925231

000927190
157
000927400

000931027
158
000931195

000934114
159
000941789

000945041
160
000950381

000951881
161
000952174

000953174
162
000954510

000955510
163
000955886

001000765
164
001000933

001003226


165
001008149

001010233
166
001012528

001014195
167
001014363

001017198
168
001019076

001022746
169
001022913

001024706
170
001025291

001026791
171
001026959

001029252
172
001030421

001032589
173
001033174

001034424
174
001034675

001037719
175
001037887

001040764


176
001042767

001045560
177
001045728

001049939
178
001050149

001052525


179
001052693

001055612


180
001102912

001105997
181
001106165

001109376
182
001109835

001112462
183
001112630

001115048
184
001122264

001124474


185
001126352

001128186
186
001128354

001130438
187
001130606

001133566
188
001133734

001136653
189
001136821

001139447
190
001140866

001143660
191
001146455

001150166


192
001150334

001153962


193
001154380

001156506
194
001156674

001159551
195
001159719

001202303
196
001203055

001205390
197
001208477

001209978
198
001211981

001213898
199
001215484

001217944
200
001219405

001220655
201
001222366

001224075
202
001224869

001226244
203
001234086

001236838
204
001237673

001241009
205
001248184

001249893
206
001250770

001252479
207
001258944

001302489
208
001311123

001312916
209
001313083

001315210
210
001316295

001319798
24
211
001319965

001322967


212
001323135

001326638
213
001329225

001331059

214
001332061

001334062
215
001334230

001336856
216
001338067

001339651
217
001339819

001343571
218
001343739

001347367
219
001347535

001350328
220
001352248

001354666


221
001354834

001356251
222
001356418

001359712
223
001359880

001401422
224
001401590

001403299
225
001403467

001405385
226
001405553

001408263
227
001408764

001412350



228
001412518

001415270
229
001415437

001419274
230
001419441

001420483
231
001420651

001423611


232
001423779

001425613

233
001432079

001433997
234
001434164

001435748
235
001438794

001441546
236
001445175

001446926


237
001447094

001448678
238
001449346

001450722
239
001452099

001455310
240
001457813

001501691
241
001501859

001505528
242
001506655

001507864

243
001508032

001512452
244
001513162

001516998
245
001517416

001519667
246
001521337

001524255
247
001524423

001525965
248
001526133

001529010
249
001529178

001531846
250
001532014

001536809
251
001539271

001542023
252
001542191

001544943


253
001546070

001548988
254
001549156

001550198


255
001550866

001552367
256
001553535

001556204


257
001556372

001557538
258
001557706

001600041
259
001601710

001604712


260
001604880

001608508
261
001608676

001612428
262
001612596

001614389
263
001617559

001619811
264
001619979

001623898
265
001624066

001625400
266
001626402

001629028


267
001629196

001631364
268
001631532

001635535
269
001635703

001637578


270
001642418

001646504
271
001647089

001649382


272
001654847

001658433
273
001702229

001704731


274
001705733

001707066
275
001707609

001712447
276
001713365

001715783
277
001716618

001718286
278
001718454

001721664
279
001724043

001726461
280
001726628

001728421
281
001732342

001733426
282
001733802

001736345
283
001738015

001739807
284
001742644

001744479
285
001750152

001752862
286
001753030

001754447
287
001754615

001755948
288
001756992

001758659
289
001758827

001802747
290
001803207

001805666
291
001805834

001808669
292
001812633

001815134
293
001815302

001817345
294
001817679

001819097
295
001819556

001820640
296
001820808

001824185
297
001829650

001831859
298
001832236

001833820
299
001833987

001836364
300
001836532

001840368
301
001840536

001842203
302
001842371

001844122
303
001844289

001847333
304
001847501

001851462
305
001851630

001854132
306
001857386

001859303
307
001859471

001901055
308
001905269

001907895
309
001911066

001913192
310
001913360

001915736
311
001918407

001920575
312
001920742

001922118
313
001926248

001927748


314
001927916

001929959
315
001930127

001932336
316
001932504

001934589
317
001934798

001937550
318
001938969

001941679
319
001942097

001944098
320
001944349

001947101
321
001948103

001950354

322
001951106

001953274
323
001953442

001956277
324
001956445

001958362
325
001958530

002000698
326
002000866

002002325
327
002002492

002003910
328
002005454

002007455


329
002009583

002011959
330
002012794

002015755
331
002021970

002024639
332
002024932

002028643
333
002029311

002033898
334
002034149

002037360
335
002037527

002039320
336
002040989

002042531
337
002044493

002046953
338
002054336

002057797
Blaargon7
339
002059508

002103177
200
340
002103345

002105471
341
002106098

002108557
342
002111853

002115564
343
002115732

002116899
344
002119027

002121070
345
002121238

002122780
346
002124408

002126534
347
002134293

002136585
348
002143385

002146345
349
002146513

002148055
350
002148223

002151225
801
351
002151393

002156480
800
801
352
002159067

002200192
353
002200360

002203863
800
800
354
002204031

002205406
355
002205741

002209201
356
002209578

002210578
357
002210746

002213831
358
002213999

002216834
359
002217002

002218711


360
002218879

002220421
361
002220589

002222381
362
002225093

002226510
363
002227888

002230348
364
002232267

002234602
365
002234770

002236103