1
000002836

000004253
2
000006423

000007506
3
000007674

000010217
3
4
000010385

000014054
802
5
000015724

000018434
6
000019436

000022646
3
7
000022814

000024857
8
000025775

000029028
9
000029696

000031613


10
000031781

000034366
11
000036453

000037578
12
000038580

000041457
13
000041624

000042708
14
000042917

000045002
15
000045170

000047421


16
000047672

000049882
17
000053970

000056930
18
000057098

000059224
19
000059392

000101810
20
000101978

000103687
21
000104647

000105856
22
000106024

000107983
23
000201454

000203705


24
000203873

000207251
25
000207502

000209545
26
000209712

000212172

27
000216636

000217928
28
000218096

000219888


29
000220056

000221431
30
000221599

000223392
31
000223560

000225727
32
000225895

000228730
33
000229732

000231567
34
000231776

000234528
11
35
000238366

000239992
36
000240827

000243453


37
000243621

000245164
29
38
000246791

000248500
39
000248793

000251003
40
000251171

000252921
41
000253089

000254673
42
000254841

000257718
43
000257886

000259469


44
000259637

000301263

45
000301431

000305350
46
000305560

000308312
47
000308479

000309688
48
000310481

000311607

49
000311774

000313066

50
000313234

000315694
51
000315862

000318071
52
000318573

000320282
53
000320450

000323952
54
000324120

000327831
55
000328249

000330500


56
000330668

000332336


57
000332712

000334630

58
000334797

000337049

59
000337217

000339384
60
000340762

000344139


802
61
000344307

000347017
62
000347185

000349811
63
000349979

000352564
64
000353358

000355484

65
000355693

000357527
66
000357737

000359988
67
000400156

000404785
68
000405828

000408247
69
000408414

000411708
70
000411876

000414503
71
000414671

000417047
72
000418174

000420175
73
000420343

000422177
74
000422345

000424680
75
000424847

000426765
76
000426933

000428642
77
000433856

000435649


78
000435817

000437067
79
000437235

000439695
80
000440321

000442155
81
000442323

000444658
82
000444826

000447327
83
000448037

000451540
84
000451708

000452874
85
000453042

000456253
86
000458089

000459381
87
000459549

000500841
88
000501426

000504553
89
000504721

000508557
90
000510560

000513228
91
000513396

000515605
92
000515773

000517399
93
000517567

000520152
94
000520320

000521403


95
000521863

000523739
96
000523948

000526533
97
000526701

000529578
98
000529746

000532039
99
000532206

000535876
100
000537253

000540922

101
000541090

000542883
102
000543051

000545802
103
000545970

000548096


104
000548264

000550432
105
000550600

000556313
106
000556481

000557981


107
000558149

000559191


108
000559359

000602652


109
000603571

000605238
110
000605531

000608408
111
000614123

000617959

112
000618127

000620253


113
000620421

000622130


114
000622298

000623840
115
000624550

000627302
116
000627470

000630013
117
000630264

000633683
118
000644237

000647823
119
000647990

000649908
120
000650076

000651410


121
000651577

000655080

122
000657583

000659167
123
000700253

000702504
124
000702672

000704673
125
000705174

000706967
126
000709011

000710387
127
000713099

000715434
128
000717937

000719688
129
000719981

000722524
130
000726571

000729489
131
000730450

000733201
132
000733369

000735203

133
000735371

000738331
134
000745047

000747549


135
000748384

000749759
136
000749927

000755140
137
000756684

000758560
138
000802815

000805734
139
000805902

000809779

140
000810031

000812741
141
000812909

000815952
142
000816621

000819706
143
000819874

000822959
144
000823127

000825253
145
000825421

000828131
146
000833930

000835889
147
000836599

000837891
148
000839018

000840519


149
000840686

000842020
150
000842188

000844481


151
000844649

000847067
152
000847235

000848443


153
000848611

000853406
154
000853658

000855825
155
000857245

000858745
156
000907755

000909256
157
000909423

000911633
158
000915221

000917472
159
000923145

000925313
160
000926190

000927357
161
000928526

000929609
162
000929777

000933321
163
000933489

000935657
164
000938869

000941871
165
000942540

000945208
166
000947461

000948837
167
000950548

000953008
168
000953175

000955760
169
000958723

001000849
170
001002143

001005353
171
001007982

001009024


172
001009191

001011109
173
001011277

001016281
23pointer
174
001016532

001017949
3pointer
175
001018117

001020619
176
001022079

001024706
177
001024874

001029044


178
001041432

001044059
179
001044226

001045852
180
001050066

001052525

181
001052693

001054611


182
001058324

001059699
183
001100368

001103703
184
001103913

001105664
185
001106749

001108124
186
001108376

001110335
187
001115966

001118677


188
001119178

001124641
189
001124809

001126267
190
001127561

001128937
191
001129105

001131398

192
001132024

001136861
193
001137279

001138697
194
001144036

001146079
195
001146706

001150667
196
001151961

001155130
197
001155548

001159467
198
001159927

001201970
199
001205141

001209561
200
001209729

001211771
201
001213941

001215942
202
001217361

001218486
203
001229165

001231916
204
001232334

001235462
205
001235629

001237964
206
001238716

001241593
207
001243012

001246347
208
001246515

001250810
209
001251812

001252937
210
001255608

001258276
211
001258444

001302113
212
001302281

001305366
213
001308078

001310038
214
001310581

001311706
215
001313334

001315084


216
001315252

001319172
217
001319924

001323051


218
001325596

001326679
219
001326847

001328723
220
001328891

001330600


221
001330768

001332894
222
001333062

001335939
223
001336106

001339567


224
001339944

001341903
225
001342071

001344614
226
001346408

001348910
227
001349078

001353456
228
001353624

001356876
229
001358796

001400129
230
001400297

001403007
231
001405094

001407637

232
001407805

001409639


233
001409807

001410849

234
001411016

001414727


217
235
001414895

001418606
236
001418774

001421192
237
001421360

001423736
238
001423904

001427282
239
001428158

001429868

240
001430035

001434622
241
001436667

001438293
242
001438460

001440587
243
001440754

001443423
244
001444508

001446676
245
001446844

001449512
246
001454476

001458187
247
001458355

001502650
248
001504320

001505612
249
001505779

001508156
250
001508324

001509532
251
001509700

001513202
252
001515331

001516372
253
001525257

001527884
254
001528052

001529093
255
001529261

001533097
256
001533474

001536768
257
001536936

001539228


258
001539396

001542774
259
001546528

001549572
260
001549740

001551616
261
001555621

001559540
262
001601210

001603962
263
001606715

001608341
264
001613222

001614389
265
001615057

001617433
266
001617601

001619727
267
001620062

001623815
268
001623983

001628111
269
001631407

001632991
270
001633158

001635451
271
001641583

001643084
272
001643794

001645795
273
001652761

001654804
274
001654972

001657015
275
001657182

001658683

276
001658851

001702854
277
001704648

001705690
278
001705858

001708901
279
001709528

001711320
280
001711488

001715324
281
001718787

001720663

282
001720831

001721873
283
001722041

001725084
284
001726962

001729505
285
001732634

001734135
286
001735012

001737555
287
001737890

001741684


288
001745105

001746314
289
001748233

001749984
290
001750152

001753488
291
001753655

001758201
292
001800412

001804082
293
001807169

001810880
294
001811048

001815802
295
001836740

001838199
296
001839034

001843538
297
001843705

001845540
298
001845707

001848251
299
001848418

001850503
300
001850671

001852880
301
001853048

001854298
302
001854550

001857135

303
001857302

001859178
304
001859346

001903391
305
001904726

001907061

306
001907229

001909480


307
001909648

001911065
308
001911233

001915778
309
001933630

001935506
310
001935674

001939427
311
001939595

001942680


312
001943932

001945641
313
001945976

001950771
314
001953275

001955109
315
001955819

001959071
316
001959239

002002992
317
002003160

002005578
318
002012961

002014587
319
002016798

002019133
320
002019801

002021719
321
002024181

002025640
322
002026475

002028059
323
002028810

002032146
324
002033774

002035566
325
002036401

002040488
326
002042824

002047161
327
002047329

002050748
328
002053919

002055378
329
002057047

002059507
330
002101051

002106305
331
002106473

002110226
332
002111937

002114730
333
002115357

002118859
334
002120028

002121612
335
002122030

002124865
336
002126201

002130204
337
002131164

002134041
338
002135043

002137003
339
002138714

002140047
340
002142759

002144051
341
002152436

002155354
342
002200902

002203404


343
002210620

002211871
344
002213540

002215249
345
002215584

002216751
346
002220756

002224800
347
002228263

002229680


348
002229931

002232350
349
002233268

002235353