1
000006756

000011677
2
000011845

000014096
3
000014264

000016682
4
000016850

000018308
5
000018476

000022271
6
000022439

000023772
7
000024941

000028527
8
000029029

000030529
9
000030697

000032448
10
000032615

000036160
11
000036327

000038537
12
000038705

000041582
13
000044377

000046420
14
000047881

000052092
15
000054304

000056013
16
000056181

000059600
17
000059768

000103187
18
000103354

000105147
19
000106316

000107566
20
000110612

000112738
21
000112906

000115616
22
000115784

000119661
23
000121581

000123749
24
000123917

000127252
25
000127837

000129713
26
000129881

000131757
27
000131925

000133258
28
000133426

000135344
29
000231067

000234153
30
000234320

000237406
31
000239784

000240826
32
000240994

000243078


33
000243246

000246290
34
000246457

000248750


35
000249335

000250544
36
000250712

000253547
37
000253715

000257259
38
000257427

000300179
39
000300430

000302514
40
000302724

000304933
41
000305101

000306518
42
000306686

000308520


43
000311608

000313692
44
000314527

000315777
45
000315987

000318655
46
000318865

000320199


47
000320366

000322618


48
000323494

000327497
49
000327665

000330876
50
000331836

000333295
51
000334005

000337466
52
000337717

000339426
53
000342096

000343972
54
000345725

000348101
55
000348269

000350896
56
000351064

000353982
57
000354651

000356026
58
000356194

000358737
59
000407914

000409456
60
000411251

000412292
61
000413920

000416421


62
000416589

000418840
63
000419008

000422469
64
000422637

000425514
65
000427850

000431603
66
000432563

000434898


67
000435858

000437609
68
000439195

000441446
69
000441614

000444992
70
000445159

000448245
71
000449998

000451748
72
000452709

000454584


73
000454752

000456044
74
000456587

000458880
75
000500091

000504386
76
000505930

000508015
77
000509559

000512144
78
000512687

000515147
79
000517400

000518483
80
000518651

000523030
81
000523197

000525407
82
000525575

000527951
83
000528119

000529828
84
000530663

000532372


85
000532915

000534291
86
000534459

000536668


87
000540757

000542716
88
000544594

000545635
89
000545803

000549598
90
000549766

000551850
91
000552018

000555395
92
000556397

000557939


93
000558107

000602027
94
000602195

000604613
95
000604781

000606782
96
000609452

000610952
97
000611662

000615207
98
000617794

000619169
99
000625385

000626885
100
000627053

000630222
101
000630390

000631807
102
000633059

000634684
103
000634852

000637062
104
000637230

000639272
105
000639440

000643193
106
000643361

000648281
1
107
000648699

000652619
108
000653913

000655789


109
000657417

000659126
110
000659877

000702212
111
000703297

000705757
112
000706384

000709094
113
000709262

000711721
114
000712765

000715517
115
000717687

000719729
116
000719897

000723316
117
000724569

000725861
118
000726028

000728196
119
000728364

000732075


120
000732243

000733410
121
000734162

000736037
122
000736205

000740125
123
000740293

000745130
124
000745298

000747883


125
000748050

000749759
126
000749927

000752596
127
000752763

000754473
128
000755433

000756475
129
000756642

000759144


130
000759312

000802564


131
000802732

000806776
132
000807945

000811031
133
000811199

000815035
134
000815203

000817621
135
000817788

000819748
136
000820625

000823877
137
000828591

000830800
138
000832011

000834804
139
000834972

000836264
140
000836432

000839184
141
000840061

000841520


142
000841687

000844814
143
000845274

000847651
144
000847818

000849653
145
000850780

000853365


146
000853533

000855825
147
000907171

000909923
148
000911133

000913677
149
000913844

000917430
150
000919225

000920642
151
000921018

000924229
152
000924397

000926856
153
000929860

000934030
154
000934198

000937117
155
000937285

000938994
156
000939328

000941079
157
000943124

000945166
158
000945334

000946918
159
000947086

000949671
160
000949839

000952132
161
000952300

000953758


162
000953926

000955552
163
001000016

001002601
164
001002768

001005770
165
001006856

001008148
166
001009775

001010984
167
001011152

001012611
168
001014113

001015947
169
001017158

001020410
170
001020578

001021703
171
001021871

001024914
172
001025082

001026124
173
001026917

001030295
174
001030463

001031713
175
001031881

001034799


176
001036427

001037510
177
001037678

001039512


178
001039680

001041306
179
001043309

001046645
180
001046812

001049147
181
001049982

001053568
182
001054403

001055445
183
001056822

001059574
184
001059742

001101785
185
001101994

001106039
186
001107166

001109167
187
001109335

001111378
188
001111545

001114172


189
001114340

001117759
190
001119595

001122222
191
001122431

001124474
192
001124642

001128395
193
001130523

001132857


194
001137279

001139239
195
001139490

001141324
196
001142618

001143785
197
001143953

001146871


198
001149542

001153962
199
001156340

001157716
200
001157883

001159968
201
001201721

001204347
202
001204515

001206224
203
001206392

001208309


204
001208477

001210478


205
001210646

001212147
206
001212314

001214649
207
001214817

001215817


208
001215985

001217402
209
001217570

001219028


210
001222867

001224784


211
001224952

001226327
212
001228622

001230290
213
001230458

001233334


214
001233502

001234502
215
001239508

001241009
216
001241177

001242927
217
001243095

001246264
218
001246432

001249184
219
001256942

001258276
220
001259695

001301696
221
001302031

001304073
222
001306577

001309245


223
001309413

001311164


224
001311332

001313958
225
001316962

001319589
226
001319757

001321174
227
001322551

001323802
228
001327223

001328932
229
001329099

001330600


230
001332561

001335271


231
001336357

001339317


232
001339485

001342237
233
001343781

001347450
234
001348285

001349619
235
001358128

001359379
236
001400214

001402006
237
001402216

001404634
238
001406595

001408179
239
001408848

001409889
240
001410057

001414769
241
001414937

001419816
242
001420818

001422193
243
001422361

001423987
244
001424822

001427699
245
001427867

001429784


246
001429952

001432912


247
001433080

001437125
248
001437293

001439335
249
001439503

001442130
250
001442631

001443882
251
001444049

001447093
252
001447261

001451264
253
001452474

001454267
254
001456020

001459272
255
001459481

001501941
256
001502109

001503192
257
001503652

001507155
258
001507323

001509032
259
001510326

001512619
260
001512786

001514120
261
001516540

001518291
262
001518667

001520501
263
001522379

001524005
264
001525507

001526549
265
001526717

001531638
266
001531805

001534933
267
001535100

001537685


268
001537853

001541648
269
001541815

001546027
270
001546195

001549447
271
001551867

001553409
272
001554119

001556537
273
001557915

001602335
274
001602503

001605713
275
001607466

001608967
276
001609843

001610885
277
001612721

001615014
278
001615391

001617976
279
001619061

001620395
280
001623524

001624607


281
001624775

001626943


282
001627111

001630405


283
001630781

001632240
284
001638163

001639747
285
001642668

001644168
286
001646213

001647255
287
001650843

001652719
288
001653929

001656931
289
001700185

001701436
290
001715284

001718202


291
001718412

001721956
292
001722124

001725418
293
001731133

001732467
294
001739058

001740516
295
001743645

001745563


296
001748859

001751152
297
001752446

001754572
298
001802206

001804248
299
001805125

001807919
300
001811507

001813216
301
001816553

001820306
302
001820474

001822517
303
001824269

001827105
304
001827272

001829190
305
001829358

001831317
306
001831485

001835154
307
001835322

001836739
308
001836907

001837949
309
001841954

001843037
310
001843539

001845957
311
001848168

001850837
312
001851004

001853256
313
001853423

001856551
314
001856718

001900555
315
001902141

001903599
316
001904393

001908855
317
001909022

001912066
318
001912234

001916612


319
001920033

001922410
320
001926748

001929625


321
001929793

001931711


322
001936884

001939427


323
001939595

001944265
324
001944433

001947727
325
001947895

001950104
326
001953442

001955985


327
001958113

002000448
328
002004286

002006495


329
002007456

002008873


330
002009041

002010082
331
002010250

002012293
332
002012461

002013878
333
002014546

002016839
334
002017007

002019592
335
002019760

002021594
336
002024473

002025806


337
002025974

002028392
338
002030479

002031938
339
002032105

002035107
340
002035275

002038152
341
002038320

002041489
342
002041657

002043824
343
002048664

002050748
344
002050916

002053000
345
002059049

002101634
346
002101802

002103261
347
002103428

002104845
348
002114189

002116524


349
002120570

002122613
350
002133333

002137295
351
002137462

002140131
352
002140299

002142842
353
002143010

002144552
354
002144720

002147221
355
002147389

002148597


356
002148765

002152768


357
002152936

002158065
358
002158233

002201777

