1
000002157

000003616
2
000003783

000005994
3
000006161

000008329


4
000008538

000012000
5
000013042

000016379


6
000016588

000019883


7
000020049

000022343
8
000022510

000024262
9
000024429

000026222
10
000026389

000028766


11
000028933

000033021
12
000034105

000036649


13
000036816

000039068


14
000040403

000042363


15
000042530

000044282
16
000044449

000048244
17
000048411

000050872
18
000052123

000056753
19
000107013

000110808
20
000111851

000115104
21
000116439

000119484
22
000122028

000125365
23
000136834

000139546
24
000139712

000142632
25
000142799

000145051
26
000226634

000227677
H93
27
000227844

000229053


28
000229220

000232098
29
000232265

000234267
30
000234434

000237478
31
000240565

000242317
32
000243901

000245987
33
000246904

000250908
34
000251075

000252076
35
000252243

000256789
36
000258249

000301586
37
000301753

000303796
38
000307258

000309010
39
000309177

000313473
40
000315516

000317310
41
000317810

000319604
42
000320146

000321397
43
000321564

000325234
44
000328905

000331699
45
000334911

000338748
46
000338915

000342460
47
000345755

000349175
48
000349342

000353763
49
000354514

000358017


50
000358184

000400436
51
000400603

000403523
52
000403690

000406150
53
000407735

000411572
54
000412907

000415493
55
000418204

000421290
56
000422542

000428214
57
000428381

000430800
58
000430967

000432969
59
000434011

000435638
60
000435805

000438099
61
000438266

000441394
62
000441561

000446733
63
000448693

000451821


64
000451988

000454657
65
000454824

000457285
66
000457452

000500913
67
000502957

000505960
68
000507044

000508838


69
000509547

000510840
70
000512341

000515219
71
000515386

000520224
72
000526439

000531152
73
000532320

000535782
74
000537825

000541037
75
000541204

000544832
76
000544999

000548961
77
000549420

000551047
78
000554008

000556302
79
000557011

000600765
80
000600932

000604852
81
000605019

000608981
82
000609148

000611734
83
000613069

000617114
84
000617281

000620827
85
000621953

000624205
86
000624372

000627959
87
000628125

000631754
88
000632588

000633756
89
000634090

000635800
90
000635967

000639136
91
000639303

000643224
92
000643432

000647895
93
000648062

000652358
94
000654193

000658990
95
000659866

000703244


96
000704036

000705329
97
000706289

000710543
98
000710877

000714213
99
000714380

000716632
100
000719051

000722763


101
000725725

000728269


102
000728436

000730313
103
000730479

000732189
104
000732356

000734358
105
000735651

000738863
20
106
000739030

000741824


107
000741991

000745202
108
000745369

000747788
109
000747955

000749832


110
000749999

000753669


111
000753836

000755880
112
000756047

000757089
113
000757256

000759759
114
000759926

000802929


115
000804305

000805556
116
000805723

000807099


117
000807266

000810519
118
000810686

000813022


119
000813189

000815107
120
000815274

000819528


121
000819695

000821197


122
000821364

000824408

123
000824575

000830748
124
000831791

000833668
125
000833876

000835169
126
000836963

000839340
127
000841133

000844971
128
000846806

000849308
129
000850476

000852144
130
000852311

000854981
131
000855147

000857733


132
000857900

000900319
133
000903864

000906075
134
000906242

000910913
135
000915459

000919588


136
000919755

000923300
137
000925761

000927430
138
000936397

000937857
139
000938566

000941819
140
000944155

000947241
141
000947575

000949368
142
000951495

000957126
143
000957918

001000713


144
001000880

001004633
145
001004800

001008012
146
001024987

001027656
147
001034080

001036624


148
001036791

001040336


149
001040503

001041962
150
001042588

001047176
151
001048427

001051931
152
001053474

001056477
153
001056644

001059355
47
154
001105778

001107530
155
001109824

001111367
156
001111534

001114370


157
001114537

001119291
158
001119458

001123003
159
001124672

001126549
160
001127216

001132221


161
001132388

001134723
162
001134890

001138644


163
001138811

001143190
164
001144233

001146026
165
001146193

001149321


166
001149989

001151532
167
001151699

001153993
168
001154160

001157246
169
001157413

001159123
170
001201083

001203919
171
001204086

001206088
172
001206255

001209425
173
001210176

001215931
174
001216098

001218976
175
001220144

001222897


176
001227610

001231447


177
001231614

001234783
178
001234950

001237411


179
001237578

001241790
180
001244919

001249215


181
001250674

001251967
182
001252134

001255179


183
001255346

001257848
184
001258015

001302436


14
185
001302603

001307024
186
001310569

001315950


187
001316116

001319453


188
001319620

001322790
189
001323916

001326460
190
001327795

001329672
191
001333509

001335928
192
001340766

001343894


193
001344395

001346438
194
001346605

001348816
195
001349817

001351986
196
001353362

001354905
197
001355072

001359410
198
001403706

001405040
199
001405207

001411130
200
001411297

001412881
201
001419596

001423142
202
001423309

001425227
203
001426603

001430607


204
001432192

001435571
205
001435738

001437906
206
001438824

001441035
207
001441243

001443912
208
001444079

001446707
209
001447458

001450627
210
001453547

001456383
211
001456550

001501972
212
001503390

001506352
213
001506518

001508395
214
001508562

001511523
215
001511690

001512983
216
001514943

001516904
217
001517613

001519490
218
001519656

001523702
219
001526246

001529375
220
001529541

001532878
20
221
001534838

001536840
222
001537007

001539718
223
001539885

001541387
224
001541553

001546975
225
001547142

001551730
226
001553482

001555275


227
001555442

001559696
228
001600864

001605327


229
001605911

001609164


230
001610624

001615129


231
001617214

001620008


232
001621176

001625931
233
001626098

001628267
234
001629560

001632438
235
001632604

001635315
236
001635482

001638777
237
001641572

001642948
238
001643615

001645367
239
001645534

001649705
240
001653750

001657629


241
001657796

001700632
242
001703302

001705596
243
001712936

001714188
244
001714563

001716899
245
001717065

001718066
246
001718233

001721737


247
001721904

001723155
248
001723322

001727075
249
001731497

001736084
250
001737544

001740714
251
001740881

001744009
252
001744176

001747513
253
001748639

001751934
254
001752100

001755437
255
001757272

001800025
256
001800192

001802319
257
001802486

001804738
258
001807658

001811995
259
001812996

001815624
260
001818043

001823507
261
001823674

001827302
262
001828220

001831807
263
001831974

001833809
264
001833976

001836019
265
001836186

001838397


266
001840899

001844778
15
267
001853370

001854913
H93
268
001855581

001859126
269
001859293

001901628
270
001902713

001904715


271
001904881

001906675
272
001906842

001909970


273
001911722

001917102
274
001917269

001920147
275
001920314

001925485
276
001926695

001929281
277
001930490

001933118
278
001933327

001936538
279
001936705

001939082
280
001939666

001941001
281
001941877

001943754
282
001946465

001950218
283
001951762

001953347
284
001953513

001956266
285
001956808

002001104
286
002001271

002005150
287
002007027

002011406
288
002012949

002016536
289
002020957

002023585
290
002023752

002025504
291
002025671

002026963
292
002035555

002037432
293
002038975

002040018
294
002043105

002044981
295
002050862

002052072
296
002127733

002130527


297
002132529

002138368
298
002138535

002140120
299
002140579

002142581
300
002142748

002144916
301
002145625

002148336