1
000003795

000006171


2
000006339

000009967
3
000010135

000012011


4
000012178

000015055
5
000015682

000018726


6
000018893

000021895
7
000023023

000025941
8
000026109

000029611
9
000029779

000032156
10
000032323

000034450


11
000034617

000038078


12
000039622

000040748


13
000040915

000043000
14
000043168

000044668


15
000044836

000046378
16
000047338

000049673
17
000049841

000051258
18
000051426

000055137
19
000147315

000150651
20
000150819

000154613
21
000154781

000156615
22
000156783

000159493
23
000213550

000215425
24
000215593

000219138
25
000221474

000223976
26
000225937

000228772
27
000228940

000232234
28
000232402

000235654
29
000236489

000238490
30
000240702

000242327
31
000243746

000245164
32
000245540

000246915
33
000247625

000249418
34
000251838

000255257
35
000255508

000257759
36
000258219

000259303
37
000259470

000302598


38
000302765

000303807
39
000303975

000305350
40
000305518

000307728
41
000307896

000309521
42
000326789

000328457
43
000328625

000330918
44
000331669

000334546


45
000334714

000339051
46
000341012

000343764
47
000343932

000345307
48
000350021

000351772


49
000351940

000356068
50
000357779

000359529
51
000359697

000402950
52
000405954

000408455
53
000418841

000421677
54
000421844

000424429
55
000424597

000427641
56
000427809

000430602
57
000431354

000434731


58
000434899

000438902
59
000439570

000440654
60
000443533

000446076


61
000449789

000451873


62
000452041

000454126
63
000456754

000458630
64
000458798

000500674
65
000500842

000504261
66
000504429

000506805
67
000506973

000511018
68
000511311

000514938
69
000515106

000517357
70
000517567

000519526


71
000519694

000523363
72
000524615

000526908
73
000527577

000529995
74
000530163

000534541
75
000534709

000538211
76
000538379

000540547
77
000541674

000546803
78
000547764

000549639
79
000550975

000554686
80
000554854

000556229
81
000556397

000559733
82
000559901

000601401
83
000601569

000602819
84
000602987

000605322
85
000607075

000608617
86
000610953

000612746
87
000619796

000622047


88
000622215

000626176
89
000626344

000630305
90
000630973

000633141


91
000633309

000636770
92
000636938

000640399
93
000640566

000646696
94
000649534

000651410
95
000651577

000656331
96
000656499

000659543


97
000659710

000703255
98
000703423

000707634
99
000714725

000716601
100
000716769

000718979
101
000719605

000721189
102
000721357

000722983
103
000723609

000724818
104
000724986

000727112
105
000727280

000728738
106
000728906

000731408


107
000731576

000734619
108
000734787

000737789
109
000737957

000739833
110
000740209

000741835
111
000742628

000744171
112
000744338

000747215
113
000747383

000749217
114
000749385

000753388
115
000755099

000756183
116
000756350

000759811
117
000759979

000802397
118
000802565

000806443
119
000806611

000808153
120
000808321

000810697
121
000810865

000813408
122
000813993

000816077
123
000816245

000819789
124
000819957

000823376
125
000823544

000825670
126
000825838

000828340
127
000832345

000834763
128
000835890

000837474
129
000845233

000847776
130
000847944

000849861
131
000850029

000853323
132
000855993

000858036
133
000907755

000908797
134
000911092

000912551
135
000912718

000915178
136
000916264

000919307
137
000919475

000921309
138
000928234

000930527
139
000930695

000935240
140
000936242

000939536


141
000944083

000945750
142
000948421

000950255
143
000952091

000953800
144
000958764

001000890


145
001001851

001003476


146
001003644

001005145
147
001005563

001007522
148
001008858

001011318


149
001011485

001013069


150
001013237

001014279
151
001014447

001017741
152
001017908

001020201
153
001020369

001024539
154
001024707

001025749


155
001025916

001028376
156
001028544

001033423
157
001033591

001035175
158
001041307

001043600
159
001043768

001046519
160
001050566

001054027
161
001054987

001056279
162
001056447

001101409
163
001106791

001109584
164
001109752

001111753
165
001111921

001113171
166
001116050

001118343
167
001119637

001122222
168
001122390

001124349
169
001124517

001126267
170
001126435

001130897
171
001131065

001134109
172
001136445

001138279
173
001139115

001142575
174
001143285

001145370
175
001145538

001149374
176
001149542

001152711
177
001152962

001155255
178
001156674

001159509


179
001202972

001204681
180
001204849

001206766


181
001208769

001211563


182
001211731

001215358
183
001215526

001217694


184
001218320

001222282
185
001222742

001225744
186
001225911

001227495
187
001227663

001230415
188
001230583

001233668
189
001244805

001246848


190
001247016

001248308
191
001252646

001255398
192
001255566

001258818
193
001301572

001302655
194
001309205

001311414
195
001312416

001315835
196
001317630

001318922
197
001319757

001323426
198
001323594

001325637
199
001325805

001328306
200
001328474

001330266
201
001331185

001333019
202
001333229

001334854


203
001335022

001337065
204
001340945

001344239
205
001345366

001347116
206
001347827

001348868


207
001349537

001352622
208
001352832

001354916
209
001355084

001356960


210
001402132

001404259
211
001409557

001411474


212
001411642

001415520
213
001416438

001418314
214
001419275

001421526
215
001421735

001424320
216
001424530

001427031


217
001427199

001428241
218
001428409

001431452


219
001431620

001433663
220
001436125

001437625
221
001437793

001439210
222
001444508

001447760
223
001447928

001450680
224
001453475

001456311
225
001456478

001458354


226
001458522

001500648
227
001500816

001504527
228
001505446

001507030
229
001507197

001510533
2nd
7th
230
001510701

001514662
3rd
8th
231
001514830

001518082
232
001518292

001521753
233
001522004

001525131
234
001525299

001528217
235
001531305

001532388
236
001532556

001534182


237
001535684

001537894


238
001546070

001548780


239
001555037

001559499
240
001559667

001601000
241
001601168

001605505
242
001609093

001610718
243
001610886

001615431
244
001615599

001617809
245
001617977

001619686
246
001619853

001623564
247
001623732

001627110
248
001627277

001629654
249
001629905

001632657
250
001632908

001637370
251
001637997

001642041
252
001642251

001643793
253
001644003

001646754
254
001647006

001649215
255
001650759

001651801
256
001651969

001654929
257
001655180

001657557
258
001658308

001700101
259
001700269

001703563
260
001703731

001706065
261
001706233

001708276
262
001708444

001712113
263
001712281

001715033
264
001716660

001718411
265
001719621

001720788


266
001720956

001722248
267
001722416

001724375
268
001725878

001728004
269
001728213

001732258
270
001735637

001736971
271
001738640

001741142
272
001742019

001744228

273
001744396

001745855


274
001746023

001749484
275
001749902

001752528
276
001752696

001753863


277
001754406

001757200
278
001757367

001758993
279
001801080

001804665
280
001805084

001807001
281
001807169

001809128
282
001809296

001812090
283
001812257

001813925
284
001819056

001821224


285
001821391

001823059
286
001823227

001826062
287
001826730

001829482
288
001830901

001833277
289
001833445

001835488
290
001837074

001840368
10100
291
001842538

001844330
292
001847751

001850336
293
001850796

001853089
294
001853257

001856217
295
001856385

001900054
296
001900222

001902640


297
001902808

001907520
12
7
298
001910691

001912733


299
001913819

001916195

300
001916363

001919574
301
001928625

001930209
302
001930502

001932712
303
001933922

001935423
304
001937593

001939010
305
001939178

001942763
306
001942973

001945641


307
001945851

001948769
308
001949479

001951439
309
001951607

001954233


310
001954401

001958946
311
001959114

002002950
312
002004328

002005578


313
002005746

002009832
314
002010125

002012877
315
002014880

002017673
316
002017925

002020176
317
002020344

002023804
318
002023972

002027350
319
002027809

002029685


320
002029853

002032897
321
002033065

002036651
322
002036818

002038945
323
002039112

002041948
324
002042366

002044492
325
002049081

002051123
326
002052501

002055169
327
002056213

002058631

328
002103637

002105304
329
002105514

002107640
330
002107808

002109725


331
002109893

002111394
332
002112646

002114105
333
002114314

002117024
334
002117276

002119277
335
002119486

002124031
336
002129329

002130955
337
002141300

002143968
338
002144136

002146470


339
002147097

002148806


340
002148974

002152018
341
002154062

002157148