1
000005005

000007297
2
000007465

000008549
3
000008717

000011802
4
000013555

000015014
5
000015181

000020060
6
000021521

000025274


7
000025442

000028610


8
000029446

000030863


9
000031031

000035159


10
000036327

000038078
11
000038246

000040789
12
000042500

000044668
13
000044836

000046962
14
000047547

000050215
15
000050800

000053552
16
000053803

000056346
17
000057682

000100517
18
000142143

000144353
19
000144521

000146271
20
000146439

000149817
21
000151778

000156031
22
000156199

000158784
23
000158952

000202037
24
000202205

000204081
25
000206084

000210420


26
000212215

000214967
27
000215802

000217344
28
000218263

000221265
29
000221432

000223142
30
000223309

000227771
31
000228314

000231483
32
000231651

000233402
33
000233570

000236655
34
000236823

000239575


35
000241578

000244454
36
000244789

000248125


37
000249711

000253088


38
000253256

000256383
39
000256551

000258552
40
000301472

000304016


41
000304184

000307269
42
000307437

000310439
43
000310607

000315736
44
000315904

000317404
45
000319824

000321158


46
000322577

000324703
47
000325455

000329041
48
000329209

000331710
49
000336799

000342179
50
000343514

000350145
51
000351272

000354524
52
000355109

000357694
53
000357862

000401073
54
000401491

000404243
55
000404410

000406828
56
000408957

000413335
57
000414170

000416713


58
000416881

000420217
59
000420385

000424304
60
000424472

000427975
61
000430770

000435023
62
000435191

000437401


63
000437944

000440570
64
000442740

000444908
65
000445076

000451081
66
000452625

000454418
67
000459507

000500924
68
000501968

000503885
69
000506097

000507764


70
000507932

000512144
71
000512312

000515897
72
000516065

000517482
73
000518609

000523280


74
000523448

000525949


75
000526117

000527159


76
000527327

000529703


77
000529871

000532039
78
000532206

000535334
79
000535501

000538378

80
000539130

000541465
81
000541632

000543300
82
000545053

000548805
5
83
000548973

000550724
84
000550892

000553101
85
000554062

000556104
86
000556272

000558065
87
000558232

000600984
88
000601152

000602903
89
000603071

000606365
90
000606532

000608492
91
000608659

000611370
92
000612580

000614915
93
000615083

000618335


94
000618503

000620379
95
000623257

000625092
96
000625259

000628178
97
000628346

000631098
98
000631265

000633266
99
000635436

000636770
100
000636938

000641775
101
000644821

000646655
102
000646823

000649574
103
000649742

000651701
104
000654205

000655831
105
000655998

000659543
81
106
000659710

000701461
107
000702171

000705382
108
000705550

000707634
109
000708636

000711263
110
000711431

000712556
111
000712723

000717227
112
000720648

000722190
113
000722358

000725610
114
000730450

000733702


115
000735329

000736955
116
000737123

000739666
117
000739834

000742043
118
000742253

000744087
119
000744380

000747424
120
000749719

000751887


121
000752054

000754431
122
000756017

000759102
123
000800229

000802147
124
000802315

000805066
125
000806486

000809279
126
000809447

000813575
127
000813743

000816328
128
000820374

000823460
129
000823628

000825629
130
000825796

000828006
131
000828174

000832344
132
000833721

000836097
133
000836265

000837641
134
000840144

000842312
135
000844148

000847484
136
000847652

000849194
137
000849362

000853073
5
230
138
000853241

000855200
139
000904627

000908880


140
000909715

000912133
15
141
000912301

000915011
142
000915179

000917722
143
000917890

000920100
144
000920268

000923019
145
000925231

000927023
146
000937076

000939077
147
000939245

000941621
148
000943040

000947043
149
000947211

000951256


150
000955595

000956636
151
000958014

001001182
5
152
001004103

001005979
153
001006647

001008023
154
001012695

001014070
155
001014905

001017449
156
001017992

001020243
157
001020411

001022120
158
001022288

001026082
159
001026917

001028293
160
001028461

001031046
161
001031213

001034049
162
001034216

001037177
163
001037345

001039846


164
001041098

001044476
165
001045728

001048480
166
001048648

001051775
167
001051942

001055111
168
001055279

001057697
169
001058741

001101117
170
001102078

001104079


171
001104246

001107290
172
001107458

001108792
173
001108959

001112253
174
001112713

001114005
175
001114173

001115799
176
001116634

001120095
177
001120388

001123348
178
001123516

001126017
179
001126185

001130063


180
001130940

001133817


181
001133984

001137362
182
001137530

001138697
183
001138864

001142075
184
001142243

001143827
185
001145162

001147664
186
001147832

001151710
187
001152002

001153086
188
001154505

001156047
189
001156632

001159968
190
001200845

001203221
191
001203389

001205306
192
001205766

001207684
193
001207852

001211146
194
001211772

001214441
195
001214608

001216568
196
001217445

001220822
197
001220990

001222741
198
001223409

001224743
199
001224910

001229289
200
001229498

001231374


201
001234170

001237714
202
001237882

001239549
203
001241552

001243428
204
001243596

001246890
205
001247057

001250685
206
001255608

001300820
207
001301405

001306326
208
001306535

001309746
209
001310706

001311748
210
001311916

001315418
12
211
001315586

001317504
212
001317671

001321466
213
001321634

001322801
214
001323469

001325261
215
001328098

001330600
216
001332561

001333728
217
001333896

001338191


218
001340778

001342111
219
001349787

001353915


220
001354083

001356751
221
001358379

001402048
222
001402424

001404926
223
001405427

001408263


224
001408430

001411516
225
001411809

001414602


226
001414937

001416688
227
001417773

001419649
228
001419817

001424362
229
001424530

001426489
230
001426657

001428283
231
001428450

001431411
232
001431579

001432829
233
001432997

001436040
234
001436208

001438376
235
001438544

001441212
236
001441505

001444382
237
001444550

001446342
238
001446510

001448219


239
001448387

001450096
240
001451098

001454058
530
241
001454226

001500356
18
242
001500524

001503151
243
001504528

001509407
244
001509575

001511826
245
001512328

001515288
246
001515456

001517290
247
001519126

001520418
248
001522129

001525340
249
001525507

001528843
250
001530387

001531888
251
001533098

001536392


252
001536810

001538895


253
001539188

001542565


254
001545194

001547362
255
001548405

001551282
256
001551450

001553910


257
001554078

001555411


258
001555579

001558498


259
001600125

001602001


260
001603921

001606297


261
001606465

001609384
262
001610636

001612845


263
001613013

001615682


264
001617184

001622063
265
001622231

001623898


266
001624692

001626025
267
001627236

001631781
268
001639873

001642083
269
001642835

001646546
270
001647089

001649382
271
001649550

001654387
272
001655806

001658266
273
001701478

001707275
274
001759661

001800828
275
001801955

001805708
276
001806668

001808086
277
001809755

001811798
278
001814051

001815093
279
001815469

001819222
280
001820474

001823976
281
001824269

001828106
282
001829024

001832110
283
001832277

001833319
284
001834696

001835738
285
001836198

001837532
286
001838200

001839909
287
001840744

001842703
2
288
001843956

001845373
289
001845916

001847166
290
001848335

001849919
291
001854883

001857260
292
001857678

001859095
293
001859471

001901055
294
001908939

001912150


295
001912484

001915111


296
001915279

001919115

200

600
297
001919408

001921659
298
001921827

001924745
299
001924913

001926664
300
001926832

001929667
301
001930294

001933171


302
001933839

001935214
303
001935757

001938885
304
001939052

001942930
305
001943640

001946267
306
001946435

001950313


307
001950480

001952940
308
001953108

001954734
309
001954902

001958112
310
001958739

002000448
311
002002242

002004911


312
002005078

002006621
313
002007331

002010041
314
002010209

002012418
315
002012586

002014253


316
002043325

002046160


317
002046370

002048329


318
002056338

002058881
319
002059049

002102218
320
002102386

002107014
321
002109101

002110643
322
002111228

002113312
323
002113480

002115481
324
002115649

002119318
325
002120362

002122071
326
002122239

002126367
327
002127494

002128911
328
002129079

002132081
329
002133333

002137003
330
002137170

002139297


331
002139464

002140589
332
002140757

002143843
333
002146221

002148556

