1
000004462

000006171
2
000006631

000008257
3
000009426

000011593
4
000013221

000015764
5
000015974

000019268


6
000019477

000021311
7
000021563

000024481


8
000024691

000026358
9
000026609

000029069
10
000029279

000030279
11
000031364

000033032
12
000033283

000036535

13
000037871

000041248
14
000041458

000044918
15
000045128

000047421
16
000047630

000049465
17
000049716

000052718
18
000052969

000055054
19
000056389

000058974
60
20
000059184

000102102
21
000102270

000103270
22
000103438

000106148
23
000106357

000108942
24
000109360

000112821
25
000113323

000116200
26
000118328

000122247
27
000122499

000124416
28
000124667

000125834
29
000126044

000130756


30
000131883

000134927
31
000135136

000137805
32
000138014

000141141
33
000144145

000147648
34
000147899

000148899
35
000149067

000151151
36
000151820

000152861
37
000153655

000155823
38
000156074

000157449
39
000157659

000200160
40
000200370

000201995
41
000209754

000214049

42
000214217

000215259

43
000215677

000217886
44
000318364

000319448


45
000319657

000321450
46
000323745

000324786
47
000325038

000328081
48
000328291

000330167
49
000330376

000334755
50
000338051

000340177
51
000340678

000343972
52
000344224

000346225
53
000347685

000350604
54
000351064

000352189
55
000352440

000354775
56
000354984

000356902
57
000357278

000358779
58
000359030

000402074
59
000402784

000404618

60
000404869

000408330
61
000408581

000411959
62
000412627

000413669
63
000417757

000420842
64
000421094

000424429
65
000427684

000430435
66
000431187

000432312
67
000432563

000434356


68
000435692

000437109
69
000438111

000439403
70
000439654

000442322
71
000442573

000443865
72
000444951

000448620
73
000448830

000451540
74
000451749

000454042
75
000455211

000456753
9
76
000458756

000459798
77
000502427

000506305
78
000508599

000510684
79
000510935

000512311
80
000512520

000516189
253

81
000518192

000522571
82
000525575

000528285
83
000528494

000533623
84
000534751

000538253
85
000538504

000539671
86
000539881

000542841
87
000543092

000545344
88
000551851

000555729
89
000558941

000601526
90
000604238

000609284
91
000609494

000613622
92
000613831

000617000
93
000619295

000620379
94
000620630

000624341
95
000624592

000627636
96
000628763

000631264
97
000631474

000633892
98
000635853

000637270
99
000637480

000639147
100
000639357

000641441
101
000641692

000644319

102
000647448

000648490
103
000648741

000653745
104
000657333

000659960
105
000700461

000703880
106
000705800

000708343
107
000708553

000711430
108
000711639

000713473
109
000714392

000716268
110
000716519

000719980
111
000720189

000721857
112
000723109

000726361
113
000726571

000731283


114
000731492

000733535


115
000734454

000736663
116
000736914

000738999
117
000741252

000742544
118
000743629

000746465
119
000746674

000748091
120
000748384

000750927
121
000758144

000759227
122
000759479

000801813
123
000802064

000803273
124
000803483

000807694
125
000807904

000809529
126
000812867

000813867
127
000814243

000815243
128
000815495

000817537
129
000819040

000821291

130
000822126

000823585
131
000823836

000826505
132
000827215

000830050
133
000830384

000831927
134
000832136

000835055
135
000835264

000839893
136
000842396

000844022
137
000852198

000853448
138
000853658

000855283
139
000856827

000858578
140
000904961

000906920


141
000907129

000909839
142
000910591

000912592
143
000912843

000915679

144
000922144

000924479
145
000925606

000927983
146
000928192

000929568
147
000930152

000932654


148
000939370

000942372
149
000944166

000946751
150
000946919

000947961
151
000948170

000951715
152
000953634

000955468
153
000955678

000958972
154
001000725

001004227
155
001004437

001006521
156
001006731

001007897
157
001008816

001011276
158
001012820

001016406
159
001016866

001018283


160
001019160

001021953
161
001022204

001023413
162
001027209

001028585
163
001030963

001035258
164
001036552

001038428
165
001038679

001042432
166
001043476

001046519
167
001046729

001049189
168
001050191

001052484
169
001052735

001055070
170
001056238

001057989
171
001058240

001100116

172
001102870

001106122
173
001106791

001110919
174
001113881

001114923
175
001115800

001118885
176
001119762

001121971
177
001125059

001126226
178
001131190

001132232
179
001132483

001135527
180
001144537

001146121
181
001148249

001149958


182
001150209

001152627
183
001152920

001156798


184
001205599

001207642
185
001207893

001210186
186
001210438

001214524
187
001214734

001216943
188
001218362

001222031
189
001222491

001223533
190
001223743

001224993


191
001227204

001229122
192
001229373

001232167
193
001232376

001234544


194
001234712

001237172
195
001237381

001239090
196
001239300

001242343
197
001243929

001245638
198
001245890

001247807
199
001248184

001250602
200
001251103

001253605
201
001254440

001257692
202
001257943

001259694
203
001301238

001303782
204
001305284

001306284
205
001306535

001308578
206
001308788

001311080
207
001311332

001313583


208
001313751

001314751
209
001314919

001318588
210
001321091

001322967
211
001323219

001325136
212
001325387

001327514
213
001327681

001329140
214
001329350

001331267
215
001332478

001334187
216
001334438

001337440
27
217
001337650

001340652
27
218
001340861

001342612
27
219
001342822

001345365

93
76
220
001345574

001348117
221
001349286

001354040
76
222
001354291

001356084
93
223
001357545

001358670
224
001358879

001400171
225
001403843

001405677
226
001405928

001409264
227
001409515

001412600
228
001412852

001415103
229
001415354

001417063
230
001417231

001418231
231
001419692

001421234


232
001421443

001424904
233
001425155

001426656
234
001429869

001432203


235
001432663

001436541
236
001436750

001439043
2yearold
237
001439712

001441170
238
001441380

001442755
239
001446302

001448845
240
001449096

001452682
241
001453517

001456895
242
001457146

001458229
243
001458898

001501149
244
001503277

001504861
245
001505070

001506571
717
246
001509325

001511409
247
001511660

001513119
248
001513329

001515955
249
001520169

001522045

250
001522254

001523755
251
001524298

001526215
252
001527384

001530136
253
001530346

001532013
254
001533098

001537393
255
001537728

001541397


256
001541565

001544108
257
001544360

001547570
258
001547780

001550573
259
001550824

001552659
260
001552952

001554619
261
001554828

001556454
262
001556705

001559666
263
001559917

001602877
264
001603128

001606047

265
001606298

001608466
266
001608676

001611219
267
001611470

001614263
268
001616642

001617892
269
001618519

001621229
270
001621438

001624148
271
001626068

001627777
272
001629238

001631280
273
001631448

001634575
274
001634827

001636285
275
001636495

001639122
276
001643627

001645211
277
001647464

001648506
278
001649675

001651884
279
001652094

001655221
280
001656473

001659809
281
001702479

001703479
282
001707192

001709777
283
001709987

001711029
284
001711655

001713531
285
001713741

001715658
286
001715909

001718036
287
001718245

001720079
288
001720330

001722790
289
001723000

001725376
290
001725586

001727545
291
001731508

001735053
292
001736764

001738014
293
001738557

001741517
294
001741769

001744020
295
001744271

001747148
296
001747775

001749942
297
001750152

001753237
298
001753489

001755073
299
001757826

001800661
300
001801205

001803623
301
001805709

001808753
302
001809004

001811130

303
001811715

001816594
304
001816845

001820515
305
001820766

001823559
306
001824645

001825770
307
001825979

001827605
308
001827815

001830024
309
001830275

001833861
310
001835489

001837657
311
001837866

001838866
312
001839576

001840576
313
001840828

001844497
314
001845833

001847083
315
001847292

001850878
316
001851088

001853881
317
001854091

001855299
318
001856051

001857093
319
001858053

001859387
320
001900722

001902098
321
001902474

001905768
322
001905978

001908771
323
001909398

001910690
324
001912276

001913276
325
001914403

001917488
326
001917698

001920199
327
001920409

001922451
328
001925164

001926205
329
001927040

001931294
330
001932171

001934338
331
001940888

001943973
332
001944641

001947059
333
001950480

001954358
334
001955360

001957361
335
001957571

002001240
336
002001450

002004285
337
002004494

002007121
338
002007331

002012335
339
002012586

002014587
340
002016506

002018132
341
002020093

002022511


342
002023889

002026682
343
002026934

002028726
344
002029770

002030895
345
002031146

002033940
346
002037986

002040696
347
002041782

002044200
348
002045911

002048412
349
002048664

002050706


350
002050958

002053209
351
002053460

002055670
352
002055879

002100049
353
002101927

002102969
354
002105597

002107181
355
002107849

002111060
356
002111270

002112770
357
002114731

002116607


358
002117901

002121070
359
002123115

002124156
360
002132749

002133874
361
002158608

002200735


362
002201111

002203446


363
002203613

002204989
364
002206158

002209452
365
002209661

002211495
366
002211705

002212830
367
002213081

002214540
$112
368
002214791

002217168
110
369
002218587

002220629
370
002220839

002223299
371
002223550

002226635
372
002226887

002228471
373
002232517

002234769