1
000007882

000010134
2
000010385

000013387
3
000013638

000015889
4
000016599

000019018
5
000019269

000021854
6
000022313

000024440
7
000024691

000028235
8
000028987

000031196


9
000033158

000034324
10
000034576

000036744


11
000036953

000038370
12
000038663

000041206
13
000042333

000043625
14
000043960

000047671
15
000047922

000049048
16
000137222

000141100
17
000141351

000143936
18
000144104

000145646
19
000145980

000147022
20
000149317

000151902
21
000152153

000153237
22
000153488

000154530
23
000155615

000156657
24
000156908

000200244
25
000200495

000202287
26
000203998

000208961
27
000209170

000210295


28
000213007

000215050


29
000215927

000219221
30
000219472

000220931
31
000221391

000223517


32
000224769

000227354
33
000227564

000230983
34
000233528

000234820
35
000239826

000241702
36
000242495

000244204
37
000244914

000248167
38
000248418

000250752
39
000251171

000253672


40
000255800

000258927
41
000259179

000300554


42
000300722

000302222
43
000302390

000306518
44
000306769

000308270
45
000308813

000311773
46
000312442

000313859
47
000314068

000315736
48
000315987

000318906
49
000320200

000322326
50
000324078

000326997
51
000327540

000329166
52
000332003

000334713
53
000334964

000339009
54
000340136

000341720
55
000343723

000344890
56
000346517

000347976
57
000356069

000357611
58
000359739

000401448
59
000403993

000406328
60
000407080

000409498
61
000410083

000412876


62
000413127

000414962
63
000416673

000418048
64
000418299

000419424
65
000419968

000421009
66
000421344

000422386
67
000422929

000424972
68
000425807

000427349
69
000427558

000428850
70
000429060

000431603
71
000431813

000434648
72
000434983

000436233
73
000442991

000445158
74
000445326

000446827
75
000447287

000449413
76
000450248

000452040
77
000452250

000454084
78
000454294

000457504
79
000457755

000500799
80
000501342

000502384
81
000508391

000509725
82
000510184

000511226
83
000512353

000515814
84
000519610

000521153
85
000528286

000529328
86
000529537

000531580
87
000533249

000534291
88
000536002

000537085
89
000538588

000539921
90
000540798

000543550
91
000543760

000545302
92
000546929

000549139


93
000549307

000551767
94
000552143

000553268
95
000553519

000555187
96
000556022

000557314
97
000557565

000558857
98
000600777

000602361
99
000603404

000605072
100
000605448

000607157
101
000611204

000612996
102
000624634

000626760
103
000636479

000638688
104
000639273

000640524
105
000641109

000644152
106
000644404

000646571
107
000650618

000652577
108
000653496

000654788
109
000655373

000656665
110
000658835

000700502
111
000702797

000703880
112
000704340

000705966
113
000706217

000709719
114
000710054

000711930
115
000712140

000713640
116
000714559

000715851
117
000716310

000717352
118
000718729

000721606
119
000721858

000724734
120
000724986

000728738
121
000732660

000735328
122
000735538

000738665
123
000740001

000742461
124
000742712

000745130
125
000750052

000751094
126
000751471

000753513
127
000753764

000754848
128
000755016

000757058


129
000757310

000759519
130
000801814

000804941
131
000805193

000807694
132
000811991

000813700
133
000817955

000820790
134
000828466

000830383
135
000830593

000833553
136
000838476

000841061
137
000841479

000843188
138
000902375

000903542
139
000913094

000914761
140
000915096

000916972

141
000917223

000918431
142
000920101

000923895
143
000926482

000927524
144
000928442

000931653
145
000933948

000935240
146
000935449

000939578
147
000939870

000944207
148
000944417

000945917
149
000946168

000949254
150
000949505

000954259
151
000957638

000959723
152
001000266

001001850
153
001013779

001015947


154
001016324

001019075
155
001019327

001023622
156
001023789

001026583
157
001029420

001032088
158
001033257

001034466
159
001034675

001036551
160
001036761

001038637

161
001039138

001042849
162
001044685

001048813
163
001049106

001050190
164
001050441

001051775
165
001052151

001054194
166
001057198

001058239
167
001058491

001101993
168
001102203

001105080
169
001105289

001107791
170
001112922

001116841
171
001119804

001123098
172
001124809

001126267
173
001127520

001128728
174
001130481

001132065
175
001133484

001135694
176
001135945

001139864
177
001140116

001142242
178
001142868

001146204
179
001146455

001148623
180
001148874

001151626
181
001151836

001153545
182
001158008

001200844
183
001202054

001203096
184
001203806

001205473
185
001205725

001208810
186
001210271

001212313
187
001216444

001221656
188
001222700

001225410
189
001226495

001228621
190
001228998

001231166


191
001231417

001233376
192
001233627

001236838
193
001249602

001250852
194
001251395

001253021
195
001253230

001255064
196
001255941

001258026
197
001316003

001317545
198
001317797

001320548
199
001320800

001323134
200
001323385

001325637
201
001326514

001329516
202
001329725

001331601
203
001332186

001333394
204
001334563

001335647
205
001335815

001338942


206
001339276

001342237
207
001344448

001346241
208
001346492

001348451
209
001350246

001352455
210
001404385

001407512


211
001409640

001411307
212
001414562

001415603
213
001416730

001419649
214
001425781

001426823
215
001427032

001430577
216
001431912

001434372
217
001435457

001437584
218
001437835

001441546
219
001442464

001444883
220
001445885

001448469
221
001448637

001451139
222
001454935

001457478
223
001458272

001500356
224
001501775

001503192
225
001503819

001506279
226
001506822

001510950
227
001512995

001514913


228
001515164

001516497
229
001517750

001519292
230
001519543

001521920
231
001530304

001533348
232
001534183

001535767


233
001535935

001537560


234
001538437

001539646
235
001539813

001541940
236
001543067

001544817
237
001545069

001547195
238
001547446

001548488
239
001556914

001558039
240
001558958

001600500
241
001600960

001602877
242
001603087

001606631
243
001609635

001611177
244
001612012

001613471


245
001613639

001614806
246
001614974

001616349
247
001617977

001620269
248
001621855

001623815
249
001624233

001627110
250
001630698

001632365
251
001633993

001637412
252
001637663

001639872
253
001640708

001642041


254
001642292

001644669


255
001644837

001645878
256
001647715

001650216
257
001653470

001655138
258
001656890

001657932
259
001703522

001707108
260
001710320

001713322
261
001714867

001718369
262
001718537

001721122


263
001723208

001725251
264
001730841

001732967


265
001733343

001736387
266
001737347

001738389
267
001739975

001743102
1714
268
001743353

001744395
269
001747941

001750735
270
001751945

001753112
271
001753280

001756741
272
001759411

001801329
273
001802372

001805333
274
001807628

001809921
275
001810172

001812840
276
001813092

001816677
277
001816970

001820306
278
001821225

001822934
279
001824436

001826979
280
001827564

001831943
281
001834571

001835738
282
001836949

001839826
283
001840077

001843204
284
001844998

001846999
285
001849586

001854382
286
001854633

001857677
287
001858220

001859428
288
001900013

001901055
289
001902516

001907019
290
001907437

001909313
291
001910149

001913776
292
001915237

001918823
293
001922578

001923744
294
001925789

001928082
295
001928333

001931210
296
001934089

001935131
297
001935299

001936424
298
001936884

001938509
299
001946727

001949437
300
001951690

001952857
301
001953817

001954942
302
001955903

001957945
303
001959823

002001157
304
002002576

002004368
305
002008832

002011042
306
002018800

002020843
307
002021053

002023179
308
002023805

002026557
309
002029394

002031979
310
002032773

002034607
311
002035317

002037818


312
002038111

002041572


313
002041740

002042907
314
002043158

002045826
315
002046036

002048204
316
002048455

002049622
317
002049831

002051749
1939
318
002052376

002054001
319
002054211

002057088
320
002102970

002106138
321
002106348

002107848
322
002110060

002112353
323
002117234

002119568
324
002130080

002132748


325
002134960

002137420
326
002137671

002140965
327
002141216

002142300
328
002142509

002146178
329
002146346

002149473
330
002150600

002151976
331
002153103

002155313
332
002155814

002156981


333
002158317

002200067
334
002201945

002206324
335
002208285

002210036
336
002210203

002211245
337
002212080

002216083
338
002218628

002221881
339
002222466

002223507


340
002223717

002225634
341
002229389

002230973
342
002231224

002235353
343
002235729

002237438