1
000003003

000004044


2
000004212

000006755
3
000006965

000009508
10month
4
000009676

000011593


5
000012137

000013178


6
000013388

000015472
7
000015640

000018475
8
000023189

000024773


9
000024983

000026150
10
000026359

000028777
8yearold
11
000028987

000031447
12
000035035

000037619

$27

13
000038997

000040080
14
000040331

000043125
15
000043293

000044793
16
000044961

000048088


17
000051926

000053802
18
000054387

000056013


19
000056264

000059725
20
000100685

000101769
21
000101978

000105189
22
000108485

000111653
23
000112363

000116325
24
000116534

000118160
25
000118369

000120621
26
000121706

000123749
27
000216010

000217511
28
000217720

000219805


29
000220014

000223809
30
000223977

000226311
31
000226479

000228230
32
000229858

000233193


33
000233903

000234945
34
000235113

000237406
35
000237615

000240826
36
000241244

000244788
37
000244956

000246456
38
000246624

000248750
39
000248918

000251962
40
000253173

000254214
41
000254382

000256925
42
000258678

000303599
43
000303766

000306226
44
000308062

000310939


45
000311191

000315861
46
000316070

000318030
47
000319282

000321450
48
000321618

000324286
49
000325830

000327623
50
000328291

000332211
51
000332462

000335881
52
000337550

000340093
53
000340303

000343805


54
000344015

000346558
55
000348186

000350229


56
000350438

000352648
57
000353191

000355525
58
000355735

000358195
59
000400573

000402074
60
000403868

000406119
61
000406287

000408830
62
000411876

000413460
63
000413670

000416797
64
000418132

000420342
65
000420510

000423887
27
66
000426015

000427474
67
000427642

000430102


10
68
000430270

000432521


69
000432689

000436108
70
000436317

000438485
71
000438653

000441196


72
000441406

000444533
73
000444701

000447202


74
000447370

000450539
75
000450707

000452291
76
000453334

000456586


77
000457672

000500841
78
000501009

000504386
79
000504554

000505846
80
000506931

000509057
81
000509225

000510851
82
000513313

000514604
83
000514772

000515814


84
000515982

000518066


85
000527535

000529077
86
000529287

000530412
87
000534459

000536960


88
000537503

000540172
89
000540590

000543050
90
000543259

000546261
91
000546429

000549973
92
000550183

000553518
93
000553728

000557147


94
000557315

000559483
95
000559650

000603570
96
000604989

000607324


97
000613164

000615248
2
98
000615416

000619127
99
000621506

000625342
100
000625551

000629012
101
000632183

000633517
102
000633976

000637020
103
000637480

000639731


104
000640817

000643735
105
000647281

000650826


106
000653538

000654746


107
000654997

000658250

1250

108
000659043

000702295
109
000702505

000704756
8yearold
110
000709053

000710095
111
000711055

000713473
112
000713641

000714975
113
000715226

000718562
8yearold
114
000718729

000721606
115
000722066

000723358
116
000724402

000727028
117
000729449

000733118
8yearold
118
000735288

000737330
119
000737540

000740208
120
000740418

000742794


121
000745506

000746590
122
000746757

000749092
123
000749552

000751386


124
000751554

000755474

125
000755641

000758477
126
000800354

000801563
127
000803691

000804941
128
000805109

000807027
129
000807236

000809321


130
000809780

000811615
131
000814619

000817996
132
000818623

000822792
133
000823002

000825420
134
000825630

000827005
135
000828257

000830008
136
000830218

000832761
137
000833012

000837057
138
000837225

000841478
139
000845191

000847067
140
000848236

000850111
141
000850321

000852531
142
000852740

000855408
143
000855576

000858620
144
000858788

000859871
145
000900039

000904709
146
000905920

000907337
147
000907505

000910465
148
000910633

000912759
149
000912927

000915845
150
000916055

000918181


151
000918349

000920850
152
000923813

000926314


153
000926482

000927524
154
000927692

000931069


155
000931279

000933738
156
000933948

000937450


157
000938619

000939828
158
000940037

000942247


159
000942415

000946751
160
000946961

000950171


161
000950965

000952173
162
000952341

000954801


163
000954969

000958263
164
000958431

000959764


165
001005479

001007355
166
001007607

001010859
167
001011027

001013903
168
001014572

001015614
169
001015823

001019075
170
001019910

001023288
171
001023497

001027167
172
001029462

001032672
173
001032840

001034549
174
001035718

001036760
175
001036927

001038803
176
001038971

001041139
177
001041307

001043516
178
001043684

001046561
179
001046729

001049898
180
001050900

001052067


181
001052234

001054736
182
001055655

001058031
183
001100117

001101201
184
001101369

001104954
185
001106624

001108124
186
001108292

001111127
187
001111295

001112671
188
001112838

001115340
189
001117635

001119636
190
001119804

001123348
10
191
001128312

001130063
192
001130231

001131856
193
001132024

001135318
194
001137154

001139906
195
001140074

001142409
196
001144829

001146996
197
001147998

001149916
198
001151919

001153920
199
001155256

001157298
200
001157508

001159759
201
001201929

001204180
202
001204390

001205640


203
001205808

001208810
204
001208978

001211396
205
001211564

001213440
206
001215151

001216735
207
001216902

001219821
208
001220030

001221823
209
001222742

001226411
210
001226620

001228413
211
001228622

001231583
212
001232960

001235545
213
001235713

001239382
214
001239592

001241593


215
001242261

001244763


216
001245806

001248933


217
001249685

001250769
218
001250936

001254981
219
001256233

001259194
220
001259403

001302238
221
001302406

001304407

10

222
001304617

001306534
223
001306744

001309037
224
001311707

001314083
225
001317797

001318838
226
001319006

001323218
227
001324804

001327013
228
001329517

001331601
229
001337441

001339818


230
001339985

001342237
231
001342404

001345198
232
001345699

001348368
233
001349912

001352330
234
001353207

001354457
235
001356710

001358837


236
001400589

001402841
237
001403092

001406052
238
001406929

001408972


239
001409181

001410765
240
001413519

001415270
241
001415437

001418273


242
001418440

001420483
243
001420651

001423528
244
001423696

001425530
245
001426866

001430660
246
001430828

001433204
247
001433372

001435498
248
001435666

001436875


249
001437042

001439002
250
001439169

001440712
251
001441589

001444966


252
001445384

001447385
253
001448345

001450221
254
001450389

001452724
255
001452933

001454684
256
001454894

001458438
257
001459982

001502400
258
001504653

001507655
259
001507865

001510199
260
001510367

001512368


261
001512536

001513995
262
001515372

001518124


263
001519460

001520752
264
001520920

001524172
265
001524381

001526090
266
001526550

001527634
267
001529428

001533473
268
001533682

001535266
269
001536101

001537226
270
001537394

001538770
271
001540814

001542607
272
001542816

001543942
273
001544109

001546110
274
001552368

001553493
275
001553661

001556204
276
001558499

001600833
$1250
277
001601001

001602627
278
001603545

001604754
279
001606840

001611552
280
001613138

001616015
281
001616225

001618601
282
001620604

001621646
283
001623273

001626818
284
001628195

001629654
285
001629822

001632407
286
001637246

001638287
287
001638455

001640331
288
001641041

001642125
289
001642334

001644377
290
001644545

001649465
291
001651135

001652385
292
001654638

001657432
293
001702980

001704397
294
001707735

001710903
295
001711739

001715158
296
001715367

001718327


297
001718537

001721581
298
001722791

001723958
299
001724126

001727837
600
300
001728005

001729047
301
001729214

001733301
302
001734595

001736929
303
001738599

001741350
304
001743771

001744812
305
001744980

001747148
306
001747399

001751819
307
001757201

001800745
308
001807252

001808461


309
001808921

001811214
310
001815636

001817887
311
001818055

001820348
312
001820557

001822475
313
001822643

001824143
314
001824353

001826354
315
001826522

001829524
316
001829691

001833569
317
001833987

001836614
318
001836782

001838241


319
001838492

001840284
320
001840452

001843704
321
001843914

001846332
322
001846583

001848501
323
001848669

001851295


324
001851505

001854590
325
001854758

001857051
326
001857261

001901347


327
001901557

001905518
10
328
001905727

001908521
329
001911024

001913442
330
001916363

001917405
331
001918323

001920992
332
001921160

001924996
333
001925205

001926581


334
001926748

001929542
335
001929710

001931169
336
001934464

001936465
337
001936633

001938009
338
001939845

001943431
339
001943599

001946100
340
001947477

001948686
341
001948854

001950730
342
001951440

001953983
343
001954193

001955526
344
001955694

001957069
345
001957237

001958529
346
001958697

001959822
347
002002117

002003951
348
002004411

002006621
349
002007247

002009165
350
002011043

002012919
351
002013378

002014837
352
002015047

002016088
353
002016256

002017715
354
002017883

002020468
355
002021720

002024722
$100000
356
002026099

002027767
357
002028727

002031187
$100000
358
002031355

002033773
359
002034191

002036234
360
002037694

002039278
361
002039696

002041697
362
002042574

002044700
363
002052251

002054168
364
002058382

002101509
365
002103637

002105638
366
002105806

002107723
367
002108183

002109850
368
002116024

002118859
369
002120612

002122947
370
002128620

002130454
371
002130664

002132707


372
002132874

002134667
373
002137296

002139255


374
002139506

002140798


375
002140966

002142758
376
002142926

002145594


377
002145762

002148472


378
002148682

002150224
379
002150392

002152893
380
002154479

002156147
381
002201945

002203988

