1
000003628

000006922
2
000007090

000008757
3
000009884

000013595
4
000013847

000017683
5
000018935

000021353
6
000021604

000024773
7
000024983

000029153
8
000029362

000030696


9
000030864

000032948
10
000033199

000035284
11
000035493

000038120
12
000038329

000040539
13
000041875

000045127
14
000133760

000136762
15
000137013

000138305
16
000138556

000142142
17
000142393

000145062
18
000146397

000147689
19
000147941

000150901
20
000151152

000153028
21
000156116

000159660
22
000204582

000207876
23
000208044

000209753
24
000213842

000214883
25
000215802

000217761
26
000219305

000222683
27
000222934

000224309
28
000224561

000227437


29
000227689

000229523
30
000229691

000231608


31
000231776

000233026
32
000233194

000235195


33
000235405

000237364


34
000237615

000239825
35
000239993

000241493
36
000241995

000243078
37
000246166

000247541


38
000247792

000250752
39
000251588

000254631


40
000255758

000256800
41
000304809

000307186
42
000307395

000310564
43
000310815

000313901
44
000314152

000316445
45
000317572

000319281
46
000319532

000321950
47
000322202

000323660
48
000325955

000328248


49
000328625

000330792
50
000331044

000333545
51
000334464

000337299
52
000337550

000340677
53
000341512

000344806
54
000346059

000349978
55
000350188

000353232
56
000353441

000356610
57
000356861

000359821
58
000400114

000403825
59
000405912

000407037
60
000407247

000409373
61
000409540

000411166
62
000412210

000415462


63
000415630

000418757
64
000419676

000422761


65
000423012

000426098
66
000426266

000428600
67
000428851

000432062
68
000433898

000436733


69
000436901

000440529
70
000444284

000446702
71
000446869

000448245
72
000449789

000452291
73
000452542

000456128
74
000456379

000458088
75
000459257

000501967


76
000502135

000504428
77
000507640

000509057


78
000509225

000511643
79
000512478

000514688


80
000514897

000516690
81
000519193

000520319
82
000520570

000522571
83
000529037

000530412
84
000530621

000532497
85
000532665

000534541
86
000535501

000537210
87
000537462

000540630
88
000540882

000543425
89
000546220

000547346
90
000548598

000551892
91
000552060

000554478
92
000554645

000558565
93
000558816

000601068
94
000603071

000606782
95
000609160

000610285
96
000620046

000622130


97
000622298

000624132
98
000624300

000627135
99
000627345

000629971
100
000631766

000634017
101
000635144

000638230
102
000638398

000639439
103
000639607

000642234
104
000642485

000644069
105
000645363

000647030
106
000647281

000649282
107
000653162

000655122


108
000658501

000701962
109
000702171

000704256
110
000704507

000707384
111
000708719

000710929
112
000711180

000713765
113
000714016

000716268
114
000716978

000718019
115
000718521

000721148
116
000727363

000729906
117
000730116

000733910
118
000736664

000740208


119
000741544

000743879
120
000745715

000747966
121
000749177

000752220
122
000752680

000756057
123
000756267

000758101
124
000801772

000804691


125
000804942

000808528
126
000808779

000810572
100
127
000811449

000812866


128
000813075

000815827
129
000816078

000818205
130
000818372

000820373
131
000823586

000826838
132
000827089

000828173
133
000828799

000830592
134
000830885

000831968
135
000833763

000835013
136
000835264

000838058
137
000839185

000841603
138
000841771

000843522
139
000843731

000845815
140
000846526

000849903
141
000850154

000851446
142
000851656

000856326
143
000856577

000858203
144
000858454

000900664
145
000902166

000905210
146
000905419

000908129
147
000908381

000911466
12
148
000912343

000914761
149
000915596

000917097


150
000917431

000920225
151
000925439

000928316
152
000928568

000929651
153
000929902

000932404
154
000934448

000937450
155
000937660

000938702
156
000938869

000941204
157
000941789

000943790
158
000947169

000951381
159
000952008

000953133
160
000958889

001000015
161
001000683

001001725
162
001003769

001005312
163
001006188

001007272
164
001007732

001010358
165
001010568

001014112
166
001016115

001017198
167
001017783

001018825
168
001019410

001021995
169
001022163

001023747


170
001023956

001025665
171
001025916

001027751
172
001027918

001030337
173
001031964

001035967


174
001036344

001039846
175
001040097

001043224
176
001044810

001046603


177
001046771

001049689
178
001053444

001055987
179
001056238

001058239
180
001058491

001101326
181
001101577

001103870
182
001104497

001105747
183
001105956

001110126
184
001110336

001112295
185
001112505

001116675
186
001119053

001120762
187
001121764

001123139
188
001124975

001126017
189
001126227

001128603
190
001128813

001133400
191
001133609

001137362
192
001137530

001140031
193
001140241

001142534


194
001142702

001145036
195
001145454

001148415
196
001150876

001154879
197
001155131

001156923
198
001157133

001159843
199
001200094

001202929
200
001206016

001207058
201
001207977

001210937
202
001211105

001212230
203
001212440

001213982
204
001215901

001217402
205
001218112

001220947
206
001221365

001222949
207
001224118

001227912
208
001228330

001229497
209
001229707

001231332
210
001231542

001235336
211
001235629

001237630
212
001240176

001242427
213
001244722

001248099
214
001249185

001250435


215
001250603

001253062
216
001301864

001304616
217
001305034

001307327


218
001307495

001310038


219
001311207

001313291
220
001313501

001317253
221
001319590

001322675
222
001324428

001326304
223
001326639

001328431
224
001335397

001337357
225
001337525

001339734
226
001339902

001344531
227
001346200

001351663
228
001354625

001356251
229
001356502

001359379
230
001359630

001403049
231
001403425

001406052
232
001408639

001411808


233
001411976

001413476
234
001413644

001416521
235
001416772

001418356


236
001418607

001420024
237
001421569

001422652
238
001434164

001436374
239
001440254

001441296
240
001441505

001443631
7
241
001444717

001445967
242
001448053

001452056
243
001458147

001501608
244
001507740

001509240
245
001510701

001514037
246
001514872

001518207


247
001522463

001524130
248
001524632

001526174
249
001526425

001529302
250
001536435

001537477
251
001537645

001540688
252
001542483

001544776
253
001545027

001547028
254
001547196

001549280


255
001549448

001551616
256
001553035

001554994
257
001555537

001558081
258
001600084

001602335
259
001602503

001604295


260
001604964

001606214


261
001606465

001609342


262
001614723

001615765
263
001617351

001619769


264
001621271

001622355
265
001625401

001627694
266
001627903

001629153
267
001637246

001640039
268
001640249

001641708
269
001642001

001643918
270
001646171

001647213
271
001701228

001703271
272
001703522

001705606
273
001725502

001727128
274
001728714

001730089
275
001730716

001734594
276
001734845

001738598
277
001740517

001742393
278
001742686

001745772


279
001746023

001747315
280
001747524

001750651
281
001750861

001754113
282
001755115

001757408
283
001759787

001801704
284
001805709

001808795
285
001809004

001811714


286
001811924

001813591
287
001815886

001818721
288
001821600

001823601
289
001823852

001826104
290
001826939

001829398
291
001829566

001832068
292
001832236

001833611
293
001833779

001838699
294
001839326

001841035
295
001846125

001847667
296
001848877

001850419
297
001852798

001855716
298
001855926

001857385
299
001858220

001901139


300
001907062

001908312
301
001908730

001910731
302
001915821

001918990
303
001922619

001924954
304
001926874

001929083
305
001929585

001932295
306
001933964

001937341
307
001942097

001945474


308
002005746

002008664
309
002009541

002011209
310
002012461

002014003
311
002023013

002025473
312
002025682

002027558


313
002027768

002029852


314
002030062

002031437
315
002033941

002036359
316
002036610

002039153
317
002043575

002045409
318
002046328

002048329
319
002054002

002057380
320
002100259

002101926
321
002103428

002105930
322
002107891

002110142
323
002110394

002111602
324
002112813

002114397
325
002114606

002116315
326
002116566

002118067
327
002118318

002120778
328
002129538

002131580
329
002131832

002133874
330
002134042

002135584
331
002135836

002137962
332
002138213

002142174
333
002142426

002145553
334
002145762

002147179
335
002147389

002150725
336
002152144

002154186
337
002156773

002158858
338
002159860

002203571