1
000002711

000004712
2
000005130

000007423
3
000007966

000009800
4
000011177

000014179
5
000014597

000018851


6
000019019

000021186
7
000021980

000023772
8
000027736

000032031
9
000032198

000034033
10
000035618

000037703
11
000039205

000043375
12
000043793

000045961


13
000046129

000050049
14
000142685

000145813
15
000145980

000148315


16
000149067

000151443
17
000151611

000153654
18
000155365

000158033
19
000158201

000200994


20
000203915

000205833
21
000206000

000208752
22
000208920

000211088


23
000211256

000215759
24
000218054

000219763


25
000222058

000224852


26
000227105

000229690


27
000229858

000233026


28
000233862

000235028


29
000235196

000237489
30
000240243

000241994
31
000243663

000245914
32
000247458

000249418


33
000249586

000251128
34
000251296

000252754


35
000252922

000255340


36
000255508

000257134
37
000259304

000301972
38
000302140

000305517
39
000305685

000308979
40
000309147

000311690
41
000311858

000314610
42
000314777

000317821
43
000319908

000322284
44
000322452

000325579
45
000325747

000327623
46
000327790

000330459
47
000330627

000333587
48
000333755

000336256
49
000337717

000340469
20
50
000344349

000345390
51
000352815

000355525
52
000355693

000358153
53
000358321

000400113
54
000400281

000402366
55
000404786

000408288
56
000408456

000411833
57
000412001

000415003


58
000415171

000416213


59
000416381

000417631


60
000417799

000421343
61
000422011

000423011
62
000423179

000425639
63
000425807

000428350
64
000428518

000431979
U2
65
000432480

000434356


66
000434524

000437943
67
000438111

000440320
68
000440488

000443490
69
000444742

000447160
70
000447328

000448578
71
000448746

000450664
72
000451291

000453250
73
000453418

000456795
74
000456963

000500173
75
000500341

000502384
76
000502552

000504011
77
000504429

000507055
78
000507223

000509057
79
000509225

000514646
1776
80
000514814

000517566
2
81
000517734

000520110


82
000527910

000532247
83
000532415

000533790
84
000533958

000536043
85
000536210

000540297
86
000540923

000542132
87
000542300

000546053
14th
88
000548181

000550349
89
000551601

000555562
90
000555730

000558607
91
000558775

000601818
92
000602945

000606323
93
000606491

000609659
94
000609827

000613288
95
000614123

000616249


96
000619128

000623298
97
000623466

000625967
98
000627637

000629888
99
000630056

000632140
100
000632308

000635685


101
000635853

000639773
102
000639941

000642818
103
000645113

000646321
104
000648950

000652536
105
000652703

000655789


106
000657166

000702754
107
000702922

000706174
108
000707343

000710137
109
000714684

000716143


110
000716686

000717936


111
000718104

000719354
112
000719522

000721523
113
000721691

000724025
114
000724193

000728280
115
000728448

000732033
116
000732201

000734744
117
000734912

000736746
118
000737790

000740292
119
000740960

000744212
120
000744380

000745881
121
000746591

000750844
122
000751012

000752471
123
000753347

000755223
124
000757685

000801396
125
000812200

000813742
126
000815495

000818663
127
000821751

000825545
128
000826255

000827547


129
000827715

000831134
130
000831594

000835430
131
000835598

000838850
132
000839018

000843021
133
000844273

000846608
134
000847443

000848944
135
000849111

000850612
136
000852615

000856243
137
000856410

000858411
138
000858579

000900914
139
000901082

000903291
140
000903459

000906127
141
000907964

000910966


142
000911133

000914427
143
000915471

000916930
144
000919725

000923478
145
000923646

000925855
146
000927441

000930735
147
000931404

000932988
148
000933155

000936491
149
000936659

000940704


150
000942540

000945041
151
000945209

000946293
152
000946460

000949087


153
000951007

000953842
154
000954010

000956803


155
000956971

000958096
156
000958264

001002309
157
001002476

001006062
158
001007857

001011192
159
001011360

001015322


160
001016699

001019159
161
001021162

001022912
162
001023080

001026625
163
001026792

001028960
164
001029128

001032339
165
001034425

001036509
166
001038387

001042557
167
001042725

001045268
168
001048606

001051191
169
001051359

001053568
170
001054236

001055236
171
001055404

001058740
172
001058908

001100575
173
001101369

001102702
174
001102870

001106414
175
001106582

001108750
176
001110586

001111711


177
001111879

001114214
178
001114840

001118093
179
001126811

001128103
180
001128270

001131606
181
001131774

001134234
182
001135111

001136778
183
001136946

001138780
184
001138948

001140990
185
001143035

001145036
186
001145204

001146955


187
001149667

001151376
188
001151544

001152669
189
001153921

001156005
190
001157717

001201094
191
001202847

001205473
192
001205641

001207684
193
001207852

001210979
194
001211147

001214315
195
001214483

001217777
196
001217945

001219404
197
001220990

001222073
198
001222783

001224492
199
001225536

001227328
200
001227496

001230665
201
001231459

001232584
202
001238507

001241092


203
001241969

001243845
204
001244013

001246389
205
001248350

001250351
206
001256192

001257525
207
001257693

001259778
208
001259945

001302197
209
001313042

001315460
210
001317463

001321925
211
001322092

001323551


212
001323719

001327639
213
001329642

001331518
214
001332436

001336231


215
001337566

001340109
216
001340277

001344239
217
001344406

001347200
$25
218
001348661

001350829
219
001403259

001406678
220
001406846

001409931
221
001410099

001413226
222
001413394

001416563
223
001417439

001419065
224
001421402

001424279
225
001424446

001425822
226
001425990

001428992
227
001430286

001433705
228
001436083

001439085
229
001440337

001442755


230
001442923

001445466
231
001445634

001447677
232
001447845

001450847
233
001451015

001453516
234
001454768

001456436
235
001457688

001500773
236
001500941

001504736
237
001505195

001510867
$2100
238
001511493

001513870
239
001514496

001516039
240
001517666

001519709
241
001523797

001525882
242
001529136

001530178


243
001530346

001533723
244
001533891

001536351
245
001536518

001538436
246
001540147

001542440


247
001542608

001543650


248
001543817

001545193
249
001545361

001549989
250
001550157

001552951


251
001553118

001554869


252
001556664

001559832


253
001600000

001601793
254
001603253

001606589
255
001606757

001608508
256
001610344

001613262


257
001613430

001616599
258
001616767

001619978
259
001620145

001623398
260
001623565

001626567
261
001626735

001630780
262
001631907

001633241
263
001633409

001636619
264
001636787

001640164


265
001640332

001642417


266
001642584

001644669
267
001644837

001646587
268
001646755

001648673


269
001648841

001650591


270
001650759

001654637
271
001654805

001658057
272
001658267

001700810
273
001700978

001703187
274
001703355

001705064
275
001705232

001708276


276
001708444

001711487
277
001713991

001717326
278
001719747

001722123


279
001726462

001727587
280
001727755

001731132
281
001731300

001734510
282
001737139

001739182


283
001740309

001741350
284
001743353

001746647
285
001749318

001751694
286
001751862

001755323
287
001755491

001759410
288
001759828

001802914
289
001803082

001806000


290
001806502

001808544
291
001809004

001811672
292
001816386

001818179
293
001819515

001822767


294
001822935

001826813


295
001831443

001833611
296
001833779

001836948
297
001837116

001841244
298
001841411

001843871
299
001844039

001846165
300
001846333

001847500


301
001847668

001849127
302
001849586

001852880
303
001853048

001855633


304
001858053

001900596


305
001900764

001903474


306
001903642

001907812
307
001907980

001912859
4
308
001914361

001916821
309
001916989

001919740
310
001919908

001921742
311
001921910

001924495
312
001924997

001926497
313
001927916

001929917
314
001930085

001934839


315
001935007

001937592
316
001938802

001940803
317
001942931

001946142


318
001947728

001950021
319
001955527

001959780
664
320
002002743

002004452
321
002004620

002007580
322
002009583

002010833
323
002011001

002013127
324
002014129

002019508
325
002019927

002023846
326
002024014

002027141
15
327
002028852

002031062
328
002031230

002032813
329
002046286

002047328


330
002047496

002049288
331
002049456

002052667
332
002052834

002056504
333
002057297

002100883
334
002101677

002104053
335
002106014

002108182
336
002109351

002112895
337
002119653

002122947
338
002123115

002127159
$200anhour
339
002127327

002130538
340
002131373

002134417


341
002135377

002137378
342
002138130

002139839
343
002144761

002146304
344
002150225

002154061
345
002200902

002202737