1
000005380

000008257


2
000008842

000011260
3
000012762

000013804
4
000013972

000016724
5
000016891

000018892
6
000019060

000022646


7
000022814

000026442
8
000026609

000030320
9
000030488

000034783
10
000036619

000037911
11
000038079

000041915
12
000042083

000044209
13
000047547

000048630
14
000048798

000054636
15
000054804

000055888
16
000057140

000059641
17
000059809

000101935


18
000102103

000105814
19
000107692

000111403
20
000112280

000113947
21
000114449

000118118
22
000118286

000121997


23
000122165

000123457


24
000123625

000128754


25
000210839

000213382
26
000213550

000216510
27
000216678

000219805
28
000219973

000222683
29
000223351

000226979
30
000229149

000232317
31
000232485

000234945
32
000235113

000238490
33
000238658

000241827
34
000241995

000244454

25

35
000244622

000246165
36
000248001

000249418


37
000249586

000251587
38
000251754

000253088
39
000253256

000255340
40
000256092

000257176
41
000257343

000301263
42
000301890

000306393
43
000306561

000308645


44
000309606

000312191
45
000317697

000320199
46
000320366

000322743
47
000323119

000327164
48
000327332

000329750
49
000329918

000332085
50
000333004

000335339
51
000335506

000339635
52
000339802

000342304
53
000342972

000348227
54
000348394

000351480
55
000351648

000354316
56
000354484

000358028
57
000358196

000401240
58
000401407

000402991
59
000407455

000409539
60
000409707

000413001
61
000413169

000416046


62
000416214

000419383


63
000419926

000422844
64
000423388

000425639
65
000425807

000428350
66
000428518

000430811
67
000430979

000433438


68
000433606

000436858
69
000437026

000438527
70
000441197

000443240
71
000443408

000445826


72
000447245

000449621
73
000449789

000451707


74
000451874

000454668


75
000454836

000456211
76
000456379

000459298


77
000459507

000502759


78
000502927

000505262


79
000506723

000508849


80
000509017

000511143


81
000511311

000517024


82
000518234

000521570


83
000524907

000526742


84
000526909

000530495
85
000530705

000532998
86
000533541

000535751
87
000535918

000538211

88
000538379

000542090


89
000543634

000546136
90
000546304

000548972
91
000549140

000550474


92
000550641

000554144
93
000554312

000556438
94
000557440

000559900
95
000602111

000605447
96
000606074

000609201


97
000609369

000611912


98
000629847

000632641


99
000635019

000637646


100
000637814

000641483
101
000641901

000644194
102
000644362

000647406
103
000647573

000651076
104
000651244

000652869
105
000653037

000656331
106
000657250

000659543
107
000659710

000702003
108
000702171

000704714


109
000704882

000707843
110
000708010

000709928
111
000715601

000716643
112
000716811

000717894
113
000718062

000721148
114
000721315

000724151
115
000724735

000726486
116
000727447

000729781
117
000729949

000733493
118
000733661

000738540
119
000741002

000743128
120
000745131

000747382
121
000747550

000750886
122
000751053

000752762
123
000752930

000755599
124
000755766

000757934
125
000758102

000800395
126
000800563

000803523
127
000803691

000806276
128
000809363

000811615
129
000811782

000817037
130
000817955

000820540
131
000820708

000824878
132
000825046

000826087
133
000829008

000830884
134
000831052

000835847
135
000836015

000839893
136
000840061

000842812
137
000842980

000844397
138
000845024

000846900
139
000848903

000853365
140
000853533

000854783
141
000859997

000902666


142
000902833

000903875


143
000904043

000906545


144
000907547

000909130
145
000909507

000912551
146
000916931

000920642


147
000920810

000925063
148
000925231

000927899
149
000928067

000930235
150
000930403

000936575
151
000936742

000938827
152
000944041

000950088
153
000950256

000953758
154
000953926

000956595
155
000957221

001000807
156
001002393

001003727
157
001005563

001006605
158
001006772

001011026
159
001011193

001012402
160
001016407

001019576


161
001019744

001022120
162
001022288

001026791
163
001033549

001037469
164
001037637

001041473
165
001041641

001045226
166
001047104

001050190
167
001050983

001053109


168
001054320

001058823
169
001058991

001103620
170
001106957

001108458


171
001108626

001112337
172
001112505

001114339
173
001115299

001119469
174
001119637

001122138
175
001122306

001126059
176
001128270

001129771
177
001130856

001133441
178
001135861

001137862
179
001138030

001141741
180
001145788

001148289
181
001149041

001152210
182
001152378

001154504
183
001154672

001156339
184
001157425

001200760
185
001200928

001203430
186
001203597

001205265
187
001213524

001215316
188
001215526

001218027


189
001218195

001220780
190
001221615

001223241
191
001223409

001227078
192
001227246

001228580
193
001228748

001233293
194
001234670

001238214


195
001238382

001242427
196
001242595

001246055
197
001246223

001247807
198
001307578

001311456
199
001312958

001314000
200
001315503

001318129
201
001318297

001321424
202
001321592

001323551
203
001332645

001336105
204
001336273

001337982
205
001340319

001343530


206
001345741

001349619
207
001349787

001351996
208
001352164

001355667
209
001357461

001400421
210
001402800

001407637
211
001407805

001409347
212
001410140

001412475
213
001412643

001417480
214
001417731

001419649
215
001419859

001421192
216
001423863

001426614
217
001433622

001434789


218
001434957

001437500
219
001437668

001440587


220
001440754

001443673


221
001443841

001446718


222
001447219

001450013
223
001450180

001453725
24
224
001453893

001457520
225
001459023

001502442
226
001502610

001503735
227
001503903

001506487


228
001506655

001510867
229
001512703

001514370
230
001515706

001519500


231
001520920

001522170
232
001524340

001527175


233
001527343

001531220
234
001531388

001535516


235
001541857

001546694
236
001547529

001548905
237
001549073

001553910
238
001554078

001556871


239
001557039

001558414
240
001559959

001603294
241
001603462

001606798
242
001606966

001609509
243
001609677

001612428
244
001613305

001618142
245
001620896

001625358
246
001625526

001629070
247
001635953

001636995
248
001637162

001639414


249
001640666

001643126


250
001643293

001645378


251
001646880

001647922
252
001648090

001651426
253
001651593

001652927
254
001654221

001656973
255
001707401

001712739
256
001712906

001718411
257
001724376

001728421
258
001728589

001733509
259
001733677

001736721
260
001736889

001740558
261
001740726

001743728
262
001747191

001749192
263
001749359

001753738
264
001753906

001755948
265
001805334

001806959
266
001808796

001810880
267
001812925

001815134
268
001815302

001819222
269
001820015

001823184
270
001824686

001827396
271
001827564

001832527
272
001833946

001836572
273
001836740

001840451
274
001842204

001846040
275
001849586

001852380
276
001855175

001857343
277
001857511

001901806
278
001905060

001906310
279
001906478

001910273


280
001910440

001914318
281
001914486

001916946
282
001919366

001920867
283
001921034

001924370
284
001924538

001927915
285
001928750

001933087
286
001933255

001935173
287
001935340

001936799


288
001936967

001941804
289
001941972

001945474


290
001945642

001950229
291
001950397

001955234
292
002001116

002003826


293
002009583

002012835
294
002013003

002015838


295
002016006

002021260
296
002021428

002023930
297
002024598

002026015
298
002026183

002030269


299
002030437

002033189
300
002033357

002036984
301
002037152

002038527
302
002039196

002041656
303
002042950

002045910
304
002046078

002048704
305
002104137

002107640
306
002114147

002116482
307
002116650

002119443
308
002119611

002121821
309
002140007

002141048
310
002141633

002144385
311
002144678

002147430