1
000002168

000005921
2
000006172

000009925
3
000011094

000013429
4
000014681

000017933
5
000018184

000021770
6
000022022

000024606
7
000025483

000030070
8
000030321

000032322
9
000033950

000036952
10
000037829

000038871
11
000039414

000041707
12
000041916

000044418
13
000044836

000046378
14
000047964

000049048
15
000049215

000050799
16
000051051

000055054
17
000058224

000101727


18
000152904

000155447


19
000155698

000158325
20
000159994

000201912
21
000202205

000206500
22
000206709

000208460
23
000208628

000212214
24
000213424

000214842
25
000215927

000218720

26
000218930

000222516
27
000223059

000224977
28
000225228

000227729
29
000227939

000229648
30
000229858

000233110
31
000233361

000235737
32
000236447

000237990

33
000241119

000243829
34
000244038

000245080
35
000245248

000247749
36
000247917

000248917
37
000250545

000253881
38
000254132

000256758
39
000256968

000259678
40
000300054

000303265
41
000303516

000305434


42
000305685

000307936
43
000308188

000310981
44
000311274

000313692
45
000313902

000316320
46
000318031

000319072
47
000319365

000321783
48
000323077

000325871
49
000326456

000329708


50
000331044

000333503
51
000333796

000336381


52
000336591

000339718
53
000339928

000342471


54
000342722

000345807
55
000345975

000350145
56
000350521

000355067
57
000358071

000359321
58
000359530

000401657
59
000401866

000403367
60
000403618

000406453
61
000408748

000410207
62
000410875

000413335
63
000414629

000416505
64
000417548

000421760
65
000421970

000423845
66
000424055

000427266
67
000430019

000432896
68
000433147

000436024
69
000436651

000438902
70
000439654

000440862
71
000445201

000447077
72
000447287

000451123
73
000451958

000454376
74
000456754

000458922
75
000459882

000501174
76
000502385

000504594
77
000505096

000506388
78
000507473

000509224
79
000509434

000513145
80
000515356

000517149
81
000518151

000523196
82
000524574

000526033
83
000529787

000532331
84
000535335

000538086


85
000540548

000541590
86
000550350

000551433
87
000552435

000555687


88
000557023

000559691


89
000559942

000602152
90
000602362

000603820
91
000604489

000607157


92
000607367

000609951


93
000610161

000612120


94
000612288

000613497
95
000615124

000616166
96
000616459

000619169
97
000619462

000621755

98
000622340

000624674
99
000624884

000627177
100
000627387

000630305
101
000631516

000635602
102
000636813

000639106
103
000639357

000641149
104
000641359

000644277
105
000644487

000646696
106
000647073

000649157

107
000650576

000653036
108
000655498

000656665
109
000657500

000659501
110
000700211

000703296
111
000703548

000706675
112
000707427

000710345
113
000713850

000719354
114
000721023

000724443
115
000725361

000726403
116
000726654

000728655
117
000729407

000732409
118
000732660

000735203
119
000735413

000736830
120
000737081

000739040
121
000739292

000742252
122
000744547

000747090


123
000747341

000751136
124
000751387

000753555
125
000753723

000756475
126
000802732

000806234
127
000808279

000809321
128
000812074

000814367
129
000817705

000820457
130
000820875

000822083
131
000822460

000823668
132
000824253

000825629
133
000825838

000828340
134
000828591

000829841
135
000830092

000832719
136
000833346

000836848
137
000837099

000839643
138
000839894

000843688
139
000843940

000845315
140
000845733

000847275
141
000848486

000849528
142
000854200

000856493
143
000856702

000859120
144
000902833

000905961
145
000906212

000907337
146
000907547

000909339


147
000910883

000914511
148
000915304

000917681
149
000917932

000920517
150
000920768

000921851
151
000922645

000925146
152
000927233

000928858
153
000929402

000932779


154
000936659

000937909
155
000938160

000940078
156
000940580

000942497
157
000944333

000949045
158
000956512

001000015
159
001000558

001002934
160
001003311

001006438


161
001007356

001010317
162
001015573

001016615
163
001017074

001020619


164
001022705

001025498


165
001026250

001029127


166
001030379

001031421
167
001031714

001034883
168
001038763

001040221
169
001054945

001056237
170
001056947

001103912
171
001104288

001105622
172
001105873

001109250
173
001109418

001111670
174
001112755

001115256


175
001115424

001117759


176
001117927

001121221


177
001121389

001123932
178
001124850

001126267
179
001129605

001131272
180
001133776

001135026
181
001135277

001136528
182
001141534

001143785
183
001144453

001145787
184
001151752

001154879
185
001156215

001157298
186
001158217

001200427
187
001201429

001202595
188
001205307

001208351
189
001211564

001216484
190
001220740

001222532
191
001222742

001226494
87yearold
192
001226746

001228830
193
001230166

001231166
194
001231417

001232959
195
001238674

001241843
196
001242136

001244846
197
001245055

001246347
198
001247892

001251269


199
001251937

001253021
200
001253522

001254731
201
001254982

001256524
202
001256734

001300528
203
001300696

001303656
204
001303866

001306034
205
001307870

001310038
206
001310706

001312040
207
001312249

001314083
208
001316337

001317378
209
001318714

001321049
210
001321342

001323009
211
001326055

001328348
212
001339902

001341236


213
001341487

001342570
214
001345741

001347992
215
001350079

001351788
216
001353707

001356125
217
001357294

001400755


218
001402633

001405051
219
001405636

001408763


220
001409014

001411808
221
001413769

001417897
222
001420234

001422402
223
001422611

001425947
224
001428117

001431953
225
001432246

001435623
226
001436166

001438459
227
001438669

001441671
228
001441964

001442964
229
001443257

001445133
230
001445342

001448761
231
001450055

001451639
232
001452308

001453641
233
001454560

001458688
234
001458939

001501858
235
001502109

001504819
236
001506947

001509324


237
001512661

001513703
238
001515497

001516998
239
001517791

001520460
240
001526967

001529344
241
001529595

001530637
242
001532723

001534223
243
001535976

001537352
244
001538187

001540688
245
001541315

001542315
246
001543859

001545026
247
001545694

001547153
248
001553202

001554869
249
001557206

001558623
250
001601710

001603211
251
001603504

001606422


252
001611178

001612637

253
001612888

001615264
254
001615516

001617392
255
001618018

001619352
256
001622064

001623398
257
001625859

001626901
258
001627778

001629737
259
001629947

001634450
260
001634702

001635743
261
001635911

001638746
262
001640207

001643668
263
001644420

001646254
264
001647381

001648798
265
001651093

001653428
266
001656056

001659267
267
001659476

001703688
268
001717578

001718619
269
001721123

001722790
270
001722958

001727128
271
001727337

001730256
272
001730632

001731799
273
001732301

001734135
274
001734303

001736471
275
001741018

001742602
276
001746607

001749484
277
001750152

001751778
278
001753155

001754655
279
001755783

001757658
280
001759369

001800661
281
001801497

001803331
282
001803499

001808544
283
001808837

001812006
284
001812257

001813674
285
001814468

001816636

286
001821850

001826854
287
001829858

001831651
288
001833529

001834570
289
001837199

001838866
290
001839576

001842703
291
001843372

001846040
292
001846333

001848876
293
001850712

001852046
294
001855217

001857677
295
001857886

001859554
296
001901390

001904392
297
001906687

001909021
100
298
001912568

001913568
299
001913819

001915570
300
001916780

001917822
301
001918073

001922243
302
001923078

001925454
303
001925706

001927123
304
001927916

001929834
305
001930252

001931252
306
001932129

001933254
307
001937634

001941721
308
001942222

001945641
309
001945976

001947852
310
001949771

001951564


311
001951773

001955109
312
001955402

001957111


313
001957362

001959071
314
001959281

002001782


315
002001950

002003242
316
002014588

002015588
317
002017382

002018966
318
002023889

002025139
319
002031647

002034815
320
002036401

002038152


321
002038403

002041155
322
002041490

002043157
323
002044534

002045785


324
002045994

002048496
325
002107140

002108182
326
002109518

002113646
327
002114523

002116440
328
002117859

002121988
329
002129162

002130579
330
002131873

002133958
331
002134584

002136210
332
002139715

002142008
333
002151184

002153311
334
002154271

002156188
335
002156773

002159900
336
002200068

002204905
337
002205157

002206407
338
002208243

002212621
339
002213582

002214749
340
002214916

002216000
341
002216710

002217752
342
002218128

002220880


343
002221757

002223591
344
002223884

002226761
345
002226928

002228929
346
002229097

002230431
347
002231224

002232725