1
000002127

000003502
2
000003712

000006338
3
000006548

000007589
4
000008550

000009967
5
000010135

000012177


6
000012887

000014888
7
000015140

000016974


8
000018101

000020686
9
000020854

000025107
10
000025358

000028193
11
000030030

000031280
12
000031448

000036368
13
000037662

000040497
14
000040707

000042875
15
000043918

000046295
16
000046463

000047546
17
000047714

000049298
18
000049549

000052092
19
000052260

000054887
20
000055889

000058307
21
000058475

000100684
22
000100852

000104021
23
000104272

000106315
24
000107317

000109151
25
000109402

000113072
26
000113281

000114740
27
000114949

000117743
28
000208878

000209920
29
000210088

000211380


30
000211548

000213006
31
000213174

000215843
32
000217637

000220013
33
000221182

000224852
34
000225019

000227146
35
000227313

000230649
36
000231442

000232484
37
000232652

000234570
38
000237240

000239700
39
000241119

000242452
40
000243955

000248584
41
000248793

000250002

42
000250170

000253213
43
000253381

000256633
44
000256801

000257843
45
000258761

000302014
46
000302182

000304474
47
000304642

000307519
48
000311608

000313025
49
000313193

000318113
50
000319115

000321200
51
000321367

000325621
52
000325788

000328457
53
000328625

000330000
54
000330168

000331543
55
000332045

000335547
56
000335882

000338967
57
000344265

000347434
58
000347602

000349978
59
000350146

000351563
60
000351731

000354858
61
000355735

000400614
62
000400782

000402574
63
000402742

000404534
64
000404702

000407537
65
000407705

000411124
66
000415546

000417965
67
000418132

000420425
68
000424847

000427516


69
000427684

000433480
70
000434857

000436400
71
000440321

000443448
72
000443616

000444950
73
000447954

000450163
74
000450623

000452457
75
000453835

000456795
76
000457213

000459506
77
000459716

000501633
78
000501801

000503885
79
000504053

000505220
80
000507765

000510225
81
000515231

000518358
82
000518526

000520444


83
000520611

000522863
84
000523031

000525949
85
000526117

000530370
86
000530538

000532581
87
000532749

000533915


88
000534083

000536084


89
000536836

000539171
90
000539339

000541048
91
000541215

000542924


92
000543092

000545635
93
000545803

000548597
94
000549432

000551558


95
000551726

000552976


96
000553144

000554311


97
000554479

000556188


98
000556356

000559649
99
000602945

000604780
100
000606282

000608116
101
000608284

000613121
102
000613289

000614956
103
000615124

000617459
104
000617794

000619378
105
000619545

000621463
106
000621631

000623090


107
000623466

000624674


108
000627303

000630806
109
000636145

000638438
110
000640108

000642401
111
000642693

000644444
112
000645905

000648990
113
000650410

000653203


114
000655289

000657666
115
000657834

000700585
116
000701295

000704756

117
000706134

000708343
118
000708511

000711096
119
000711264

000714599
120
000714767

000716226
121
000718438

000720272
122
000720440

000725110
123
000725278

000727946
124
000728114

000730532
125
000730700

000732451
126
000733995

000736288
127
000737039

000738957
128
000739625

000741668
129
000741836

000742961


130
000744714

000747924
131
000748176

000751011
132
000752930

000754306
133
000754474

000756099
134
000759270

000802314
135
000802482

000804149
136
000804317

000806234
137
000806402

000808069
138
000808237

000810447
139
000812200

000813950
140
000817705

000820373
141
000823169

000828048
142
000828841

000831968
143
000833179

000835805
144
000835973

000839518
145
000839685

000842479
146
000843773

000846983
147
000849195

000850737
148
000851072

000853573
149
000853741

000855575


150
000856285

000858161
151
000901040

000903792
152
000903960

000906294


153
000906462

000909130
154
000909799

000912425


155
000912927

000916346
156
000916514

000919099
157
000919267

000921351
158
000921519

000922644
159
000922812

000924771
160
000924939

000927649
161
000927817

000929150
162
000929318

000930944
163
000931112

000933113
164
000933656

000936157


165
000936826

000938201
166
000938369

000940662


167
000941122

000944916
168
000956012

000958096
169
000959765

001001266
170
001001976

001003018
171
001003811

001005228
172
001006230

001009357
173
001009525

001011276
174
001011444

001013570
175
001015031

001018033
176
001018826

001020493
177
001020870

001023496
178
001023664

001026124
179
001026292

001027667
180
001027835

001029669


181
001029837

001032005
182
001032173

001033715
183
001034884

001037677
184
001037845

001040597


185
001040765

001043558
186
001043726

001046478
187
001047855

001049439
188
001051817

001054569
189
001054737

001058490
190
001058658

001100158


191
001100326

001101409
192
001104914

001107165


193
001108626

001110460
194
001113214

001114756
195
001117718

001119386
196
001123641

001125767
197
001128729

001130146
198
001132274

001133483
199
001134610

001137237
200
001137405

001139322
201
001140658

001142033
202
001151168

001153253
203
001155214

001158925
204
001203347

001207767
205
001207935

001211771
206
001211939

001215400
207
001215568

001217277
208
001219488

001220488
209
001220656

001223116

210
001226120

001227412

211
001227580

001229164
212
001232251

001233334


213
001233502

001235503
214
001235671

001237672
215
001237840

001240550


216
001243429

001245054
217
001245222

001249601
218
001250186

001252020
219
001252188

001253688
220
001253856

001256775
221
001258944

001301404
222
001301572

001303448
223
001306452

001307619

224
001308871

001312040
225
001317671

001319422
226
001319590

001323676
227
001323844

001326095
228
001326263

001328807
229
001328974

001330475
230
001330643

001333895
231
001334063

001336397
232
001336565

001339025
233
001339193

001340985
234
001341153

001344072
235
001344240

001345740
236
001349370

001350995
237
001351163

001353748
238
001353916

001356376
239
001356544

001357669
240
001357837

001400255
241
001401090

001402215
242
001402383

001405301
243
001407263

001408763
244
001411433

001413893
245
001415980

001418022
246
001418190

001421276
247
001421610

001423111
248
001423279

001424779
249
001426448

001429450
250
001429618

001431411
251
001432955

001435582
12pack
252
001437960

001441796
253
001445009

001447176
254
001449972

001451806
255
001452474

001454434
256
001456979

001458855
257
001459023

001500690
258
001503611

001505111
259
001506572

001509741
260
001511744

001515496
261
001515664

001517832


262
001520210

001522045
263
001525215

001526966
264
001527134

001529552
265
001529845

001532013
266
001532556

001534515
267
001534683

001538019
268
001538187

001541022
269
001545903

001547362
270
001548906

001550406
271
001551033

001552700
272
001556121

001559082


273
001559249

001602418
274
001603212

001605755
275
001605923

001610176
276
001610344

001613846
277
001614014

001617141
278
001617726

001619727


279
001619895

001622230
280
001622398

001625233
281
001625401

001628903
282
001629905

001631447
283
001634576

001636411


284
001636578

001640581
285
001641625

001642709
286
001642876

001646963
287
001647131

001650174
288
001650342

001654762
289
001656348

001657432
290
001657599

001700810
291
001701395

001702603
292
001704231

001708776
293
001708944

001712113
294
001714658

001717785
295
001720289

001723124
296
001724209

001725334
297
001725502

001730631
298
001731508

001732925
299
001733719

001735678
300
001739641

001741726
301
001741894

001744062
302
001744229

001746147
303
001746523

001749025
304
001749818

001751069
305
001753447

001755531
306
001757534

001800411
307
001801246

001804707
308
001804958

001807126
309
001807377

001810880

310
001811131

001814050
311
001815219

001820139
312
001824895

001826687
313
001827439

001829315
314
001830943

001833361


315
001833529

001835446
316
001836323

001841661
317
001842204

001845456
318
001845958

001848584
319
001848877

001851963
320
001852214

001854549
321
001856176

001858052
322
001858220

001901139
323
001902391

001904308
324
001905352

001909647
325
001911483

001913151
326
001914444

001915486
327
001915654

001918614
328
001918782

001922493
329
001922661

001924662
330
001924830

001928666
331
001931545

001932879
332
001937467

001939594
333
001940262

001941929
334
001942764

001946309
335
001946476

001948519
336
001948687

001951063


337
001951982

001953608
338
001954151

001956986
339
001957154

001958696
340
002001158

002003743
341
002007497

002009832
342
002021303

002023095
343
002026850

002031562
344
002031772

002033814
345
002035192

002039987
346
002040239

002041614
347
002041823

002045326
348
002046245

002049121
349
002049456

002052250
350
002052417

002054335
351
002054628

002056212
352
002056380

002059131
353
002103011

002105513
354
002111186

002113896
355
002115983

002118401
356
002118568

002121237
357
002121738

002124615


358
002124783

002127785
359
002128787

002133332
360
002138547

002143843
361
002144469

002149098
362
002149641

002151392
363
002151560

002153894
364
002154730

002159817
365
002159985

002202820
366
002203405

002206615
367
002206783

002209493
368
002209661

002211829
369
002211997

002216542
370
002216710

002219920


371
002220088

002222840


372
002223008

002225259
373
002225719

002235728
374
002237564

002239398
375
002239566

002242693

