1
000006923

000010551
2
000011970

000013637
3
000015765

000018475
4
000020270

000023647
5
000030780

000032364
6
000032866

000035951
7
000036161

000038495
8
000038788

000042499
9
000044794

000047212


10
000047380

000050883
11
000052177

000054344
12
000054637

000059266
13
000059434

000101268
14
000101519

000105397
15
000105607

000108817
16
000109069

000112446
17
000112655

000115783
18
000116034

000118994
19
000119788

000121747
20
000121998

000123290
21
000123500

000127461
22
000131925

000133675
23
000139099

000140182
24
000220974

000223892
25
000224811

000227354
26
000227564

000228605


27
000228815

000233360


28
000234279

000235779


29
000236072

000239283
30
000239576

000240784
31
000240994

000243787
32
000244080

000246999
33
000247250

000250252
34
000250503

000252296
35
000252505

000253630
36
000253923

000259094
37
000259304

000301930


38
000302140

000304933


39
000309772

000311023


40
000311274

000315152
41
000315361

000320532
42
000323661

000325704
43
000326122

000329333


44
000329542

000334004
45
000334672

000337257


46
000337467

000339968


47
000340178

000345682
48
000345892

000348352
49
000348561

000353148
50
000353566

000356151
51
000356402

000359321
52
000359530

000402491
53
000402700

000405953
54
000412001

000413168


55
000413336

000416588
56
000416798

000420884
57
000421094

000424221
58
000425223

000427307
59
000427558

000429518
60
000431187

000435440
61
000435692

000437776
62
000438027

000440487
63
000440738

000443615
64
000443825

000447828
65
000448788

000452833


66
000453084

000456753
67
000457005

000500924
68
000501926

000505470


69
000510059

000511935
70
000513146

000514730
71
000516149

000518859
72
000521362

000524281
73
000524532

000528618
74
000528828

000532831
75
000533082

000537461
76
000538838

000541757
77
000542008

000543675
78
000543926

000548805
79
000554395

000557147


80
000557357

000600609


81
000600777

000602778


82
000603112

000604780
83
000607784

000611286


84
000611537

000616166


1985
85
000616376

000620087


86
000621422

000623965
87
000625885

000628678
88
000628930

000630347
89
000631808

000635394


27and7
90
000635603

000639940


91
000640149

000642984
92
000643236

000647322
93
000647532

000650826
94
000653538

000655205
95
000655832

000659209
96
000659460

000701878
97
000702088

000706049
98
000706259

000711471
99
000711681

000714015


100
000714225

000716893
101
000719397

000722524
102
000731534

000734369


103
000735580

000739374
104
000739584

000741877
105
000742086

000744588
106
000744922

000746173
107
000747133

000748884
108
000749594

000752137
109
000752388

000755599
110
000757059

000800395
111
000801564

000804191
112
000804400

000806735
113
000808029

000811907
114
000814160

000816077
115
000819916

000822501
116
000825338

000828590
117
000829008

000830425
118
000838059

000841186
119
000845107

000849444
120
000849695

000854491
121
000855743

000857327
122
000903125

000905293
123
000913844

000918181
124
000918349

000921768
125
000922019

000926147
126
000926399

000927899
127
000930486

000933029
128
000933281

000937993


129
000939829

000944291
130
000944500

000948878
131
000949130

000953049
132
000953259

000956720
133
000958222

001000348
134
001006188

001012360


135
001014363

001017866
136
001018117

001022037
137
001022288

001025415
138
001025625

001028960
139
001031464

001035717
140
001036218

001038803


141
001040264

001042932
142
001043184

001047062
143
001047813

001049606
144
001050900

001056196


145
001057323

001100784
146
001100993

001103578
147
001103746

001106998
148
001107500

001109376
149
001113255

001115757
150
001130064

001135235
151
001135444

001137362
152
001137613

001140949
153
001141534

001145161


154
001146038

001149541
155
001150793

001155964
156
001156173

001200885
157
001201095

001204180
158
001208310

001214065
159
001214316

001216568
160
001216777

001218695
161
001219321

001221322
162
001221615

001223658
163
001224034

001227704
164
001228497

001232041
165
001232251

001234377
166
001237339

001240925
167
001241135

001244012


168
001245723

001248016


169
001248184

001252520


170
001253230

001256107
171
001302406

001306868
172
001307119

001309454
173
001309705

001312582
174
001314210

001316085
175
001319965

001321925
176
001322176

001326554
177
001326764

001327847
178
001328224

001331226
179
001331435

001334896
180
001335606

001338733
181
001339109

001342987
182
001343197

001347784


183
001349745

001351287
184
001351580

001354833
185
001355793

001358378
186
001400089

001402715
187
001402925

001404384
188
001404593

001407846
189
001408931

001411349
190
001411600

001412600
191
001412852

001414185
192
001414395

001416312
193
001416730

001418398
194
001418607

001421651
195
001423112

001427323


196
001427533

001430785
197
001431036

001436291
198
001436542

001441629


199
001443048

001446050
200
001446260

001447552


201
001447761

001450388
202
001450639

001454225
203
001454476

001457145
204
001457771

001501983
205
001502192

001508197
206
001508449

001510909


207
001511160

001513661
208
001513829

001518291
209
001520044

001522045
210
001528302

001531846
211
001532056

001534933
212
001537937

001541230


213
001542358

001546736
214
001548864

001550823
215
001551033

001554285
216
001555204

001557246
217
001557498

001602293
218
001602503

001606297
219
001606507

001607757
220
001610594

001614263
221
001615557

001617058
222
001620562

001622397
223
001622564

001625233
224
001625484

001627527
225
001627736

001629821


226
001631240

001634158
227
001634410

001638913
228
001639123

001640873
229
001641083

001643751


230
001643919

001645253
231
001648674

001652093
232
001655431

001656931
233
001658851

001700018
234
001700269

001704981
235
001705274

001709652
236
001711447

001713406
237
001713782

001716826
238
001718203

001719996
239
001726503

001729464
240
001731675

001733217
241
001735345

001738222
242
001746482

001748566
243
001750152

001752945
244
001754031

001755907
245
001756158

001758242
246
001802581

001804582
247
001807586

001809170
248
001812841

001814509
249
001817346

001819055
250
001821850

001824227
251
001825354

001826562
252
001828941

001831400
253
001834113

001835905
254
001836156

001838366
255
001838534

001840284
256
001840536

001843788
257
001844915

001848251
258
001855217

001857552
259
001858428

001903015
260
001903225

001905309


261
001905978

001907603
262
001907896

001910481
263
001910774

001913025
264
001913235

001918156
265
001919575

001922118
266
001925289

001929083


267
001929293

001933045
268
001933922

001935548
269
001935799

001939343
270
001939553

001941554
271
001944057

001947143


272
001949062

001951606
273
001951815

001953941
274
001955819

001959488
275
002000574

002003201
276
002003452

002006495
277
002006747

002008956
278
002017549

002020176
279
002021470

002023763
280
002034399

002036317


281
002036526

002039028


282
002039279

002041864
283
002042366

002043824
284
002044034

002048829
285
002051333

002054168
286
002055128

002058256