1
000003503

000004545
2
000004713

000006171
3
000006339

000010467
4
000010635

000013345
5
000014514

000017391
6
000017559

000019643
7
000019811

000022646
8
000023189

000025858
9
000026026

000028277
10
000028445

000031405
11
000031573

000034658
12
000034826

000037703
13
000037871

000041915
14
000042083

000048005
15
000048173

000052885
16
000053053

000054762
17
000055638

000057723
18
000137555

000138639
19
000138807

000142017
20
000142185

000144520


21
000151402

000153237
22
000154405

000158450
23
000159410

000202371
24
000202539

000204706
25
000204874

000207751
26
000207919

000211839
27
000213049

000216385
28
000216553

000218011


29
000218179

000221431
30
000221599

000224935


31
000225103

000228981
32
000229149

000232651


33
000233194

000234236
34
000234404

000235988


35
000236156

000237281
36
000237448

000238949
37
000239117

000243662
38
000243830

000245956


39
000246124

000248709
40
000248877

000251378
41
000251546

000254214
42
000254841

000257342
43
000257510

000301847
44
000303516

000305517
45
000308605

000311356
46
000311524

000313775
47
000313943

000317905
48
000319407

000321617
49
000322577

000325537
50
000326122

000329625
51
000331211

000333295
52
000334380

000338008
53
000338176

000340344
54
000340511

000343138
55
000344557

000346934
56
000347560

000351438
57
000351773

000353190
58
000353358

000356777
59
000359697

000404451
60
000404911

000409331
61
000410458

000411708
62
000411876

000416088
63
000416256

000417798
64
000419342

000421301
65
000421469

000424388
66
000424555

000427140
67
000427308

000432646
68
000433815

000436441
69
000440655

000444324
70
000444492

000447995
71
000449122

000452040
72
000455503

000458088


73
000458256

000501300
74
000501718

000503635
75
000504470

000507639
76
000507807

000509057
77
000509225

000511935
78
000513354

000516356
79
000521195

000523613
80
000523781

000525157
81
000525325

000526658


82
000526826

000528994
83
000529912

000533081
84
000533249

000536793


85
000536961

000540714
86
000540882

000543508


87
000544302

000547804
88
000547972

000551725
89
000551893

000553518
90
000554103

000556104
91
000556981

000559024
92
000559817

000603362
93
000608868

000610160


94
000610328

000613580


95
000614082

000616291
96
000617293

000620045
97
000623800

000625217
98
000625385

000628053
99
000628221

000630639
100
000631974

000635185
101
000635353

000636937
102
000654872

000657374
103
000657542

000701002
104
000701921

000704297
105
000704465

000708343
106
000709720

000712305
107
000714183

000716768
108
000716936

000719896


109
000722650

000726736
110
000727155

000729322
111
000729490

000731491
112
000731659

000735579
113
000735746

000737414
114
000738791

000741877
115
000744130

000747382
116
000749469

000751219


117
000751387

000752888
118
000754557

000757184
119
000757351

000800437
120
000800605

000803773
121
000803941

000808028
122
000808946

000812073
123
000815745

000819372
124
000819540

000821374
125
000821542

000825045
126
000825213

000828048
127
000828216

000829341
128
000829509

000833595
129
000834430

000837224
130
000837934

000841061
131
000843356

000845273
132
000845441

000848777
133
000848945

000852113
134
000852281

000854908
135
000855076

000858453
136
000858621

000902249
137
000902416

000904292
138
000904460

000907128
139
000908673

000912133


140
000912301

000914761
141
000914929

000917931
142
000918099

000922018
143
000923145

000924604
144
000924772

000927649
145
000927817

000931319
146
000931529

000934698
147
000934865

000938201
148
000939203

000941580
149
000942748

000944165
150
000944333

000948420


151
000948588

000951673
152
000955761

000956803


153
000956971

000958013
154
000958180

000959347
155
000959515

001001683
156
001001851

001006855
157
001008232

001013403
158
001013571

001016698
159
001017533

001020577
160
001020745

001023163
161
001023331

001025832


162
001026000

001029002
163
001029170

001032714
164
001032882

001035050
165
001035217

001036843
166
001037011

001038928
167
001039096

001041556
168
001041724

001042849


169
001044727

001047646
170
001047813

001051650
171
001053527

001056905
172
001101786

001104204
173
001104372

001105413
174
001105581

001106665
175
001106832

001109250
176
001111003

001112879
177
001120012

001123139
178
001123307

001126059
179
001126268

001128186
180
001128354

001130980
181
001131190

001136903
182
001137071

001141157
183
001141325

001144703
184
001144870

001147914
185
001148082

001150542
186
001150710

001154546
187
001156048

001158591
188
001159593

001202178


189
001202346

001206599
190
001211313

001213523


191
001215025

001216568
192
001222742

001226578
193
001226746

001229706
194
001229874

001234419
195
001234587

001238673
196
001239175

001240383
197
001242261

001243678
198
001247600

001251227
199
001253189

001255064
200
001256484

001259027
201
001300154

001301780
202
001301947

001305283
203
001305451

001309537


204
001310623

001313041
205
001313626

001316294
206
001319048

001320381
207
001320549

001323092
208
001323260

001324594
209
001324762

001327472
210
001328182

001330016
211
001334313

001338942
212
001339109

001343071
*NSYNC
213
001343239

001345031
214
001346158

001348785
215
001348953

001351579
216
001351747

001354624
217
001354792

001356960
218
001357127

001401673
219
001401841

001405051


220
001406011

001409639
221
001409807

001412141


222
001412309

001415311


223
001422403

001423987
224
001429702

001430952


225
001431120

001434789
226
001434957

001437667
227
001437835

001440253
228
001440421

001442714
229
001445175

001447010


230
001447177

001450805
231
001453934

001458646
232
001501108

001502317
233
001502484

001506154
234
001507114

001511034
235
001511911

001513453
236
001513621

001515204
237
001515372

001518666
238
001518834

001520251
239
001521003

001523379
240
001524423

001526341
241
001528093

001530303
242
001531639

001535308
243
001535476

001539687
244
001545527

001548613
245
001548781

001552700
246
001552868

001556371
247
001556538

001601167
248
001601335

001605922
249
001607049

001608132
250
001608300

001611678
251
001611845

001615473
252
001616058

001618101
253
001618268

001619811
254
001619979

001623398
255
001623857

001625733


256
001626443

001628319
257
001628487

001633074
258
001633242

001637328
259
001637496

001638955
260
001639123

001642291
261
001643544

001646212
262
001646380

001647422
263
001649216

001651342
264
001651844

001654679
265
001654847

001658141
266
001658308

001700768
267
001702021

001704022
268
001704815

001706315
269
001706483

001710695
270
001710863

001712905


271
001714116

001716284
272
001716452

001719245
273
001722750

001725168
274
001725335

001729130
275
001729298

001732633
276
001732801

001734844
277
001735012

001738139


278
001739141

001743644
279
001743812

001748566

10

280
001748734

001750985
281
001751153

001753988
282
001754156

001758826
283
001800996

001803081
284
001803248

001806042
285
001806251

001810213
286
001810380

001814092
287
001818931

001822183


288
001822351

001824477
289
001826605

001827814
290
001828315

001832151
291
001834029

001835780
292
001836406

001839909
293
001840077

001842620
294
001845999

001848751
295
001849253

001850545
296
001850712

001853131
297
001854550

001855883
298
001856051

001857718
299
001859096

001902515
300
001904059

001905852
301
001913360

001916112
302
001918157

001920658
303
001920826

001923619


304
001923787

001925413
305
001925581

001928875
306
001933797

001936883
307
001937050

001939886
308
001940053

001941679
309
001942181

001944891
310
001945058

001947768
311
001950022

001952565
312
001952733

001953900
313
001954067

001957361
314
001957529

002000823
315
002000991

002004535


316
002007080

002010750
317
002013503

002016589
318
002016757

002020801
319
002022721

002024013
320
002024181

002027600
321
002030270

002033064
322
002033232

002035942
323
002037319

002039111
324
002039279

002040947
325
002041114

002043950
326
002044868

002046494
327
002047287

002050665


328
002050832

002053834
329
002054002

002058965
330
002102094

002104428
331
002106014

002107473
332
002107641

002111811


333
002114648

002117942
334
002118151

002120653
335
002120821

002124365
336
002124533

002127285
337
002130122

002134041
338
002134209

002136460
339
002136628

002139755
340
002139923

002142550
341
002142718

002146887
342
002148390

002150099
343
002150267

002153185
344
002153353

002155813
345
002155981

002158691
346
002158859

002202653
347
002203196

002207199
348
002207367

002209660
349
002210704

002213331
350
002213498

002216167
351
002216460

002218627
352
002218795

002221255
353
002221423

002223591
354
002224760

002227261
355
002227429

002229221


356
002229389

002232350
357
002232517

002235770
358
002241360

002243694
359
002243862

002248074
360
002248241

002249909
361
002250786

002252912
362
002253121

002255164
363
002255332

002258292
364
002259294

002300753
365
002301963

002303756