1
000007882

000011427
2
000012137

000013595
&
3
000013763

000015639
4
000015849

000017516
5
000017684

000019018
6
000019185

000021311
7
000021479

000023605
8
000023773

000025315
9
000025483

000028652
10
000031781

000033699
11
000039039

000041957
12
000042167

000045335
13
000045503

000047337
14
000047505

000049548
15
000049716

000051842
16
000054429

000058932
17
000150944

000152736
18
000153321

000155364
12
19
000155532

000157783
20
000200036

000202037
21
000203873

000205415

22
000205583

000207626

23
000207794

000210379
24
000210547

000211547
25
000211714

000214299
26
000215760

000219555
27
000220682

000222558
28
000223852

000224977
29
000225186

000227146
30
000227313

000230315
31
000230608

000232568
32
000232735

000234862
33
000235029

000237823
34
000237991

000239575
35
000239742

000242286
36
000242453

000244496
37
000244664

000248375
38
000250044

000253755
39
000253923

000255966
40
000256134

000258177
41
000300263

000303098
42
000303266

000305684
43
000305852

000307853
44
000308521

000309897


45
000310148

000312441
46
000312609

000313817


47
000315361

000317779


48
000317947

000321783
49
000321951

000324119
50
000324287

000325537
51
000328750

000329791
52
000329959

000334588
53
000340011

000343096
54
000343264

000346892
55
000347060

000349937
56
000350104

000352856
57
000357362

000359154
58
000400031

000402741
59
000402909

000406161
60
000406329

000413335
61
000414754

000417506

62
000417674

000418674
63
000418841

000421051

64
000421219

000423679
65
000423846

000425597
66
000427558

000430269
67
000432188

000434856
68
000435024

000438110
69
000438278

000441280
70
000441447

000443949
71
000447954

000449329
72
000449872

000451957


73
000452125

000453333
74
000454460

000458213
75
000459590

000501383


76
000501551

000504636
77
000504804

000508056
78
000508224

000511018


79
000512312

000515731
80
000515898

000519401
81
000522155

000525240
82
000533041

000535459
83
000539505

000542341
84
000547180

000549389
85
000550892

000552351
86
000553186

000555854
87
000556022

000557814
88
000557982

000600942
89
000604530

000607157
90
000608284

000609951
91
000610787

000614206
92
000614374

000617209


93
000617377

000619419
94
000619587

000620629
95
000620797

000624299
96
000624467

000625759
97
000626511

000627969
98
000629138

000633141
99
000633684

000636395
100
000636562

000640273
101
000640441

000643026
102
000645405

000648490
103
000648658

000650951
104
000651119

000653120
105
000654122

000656206
106
000657875

000700669

107
000700837

000703463
108
000703673

000706299
109
000706467

000709553
110
000709720

000712264
111
000714475

000717352
112
000725945

000728071
113
000729282

000730574
114
000733202

000735245
115
000736038

000737873
116
000740084

000742794
117
000742962

000745797
118
000745965

000747966
119
000749469

000751428
120
000751596

000754139
121
000755850

000800896
122
000802982

000805192
123
000808613

000811281
124
000811449

000813450
125
000813618

000817078
126
000817246

000819789
127
000819957

000823001
128
000829842

000832135
129
000832303

000835764
130
000835932

000838850
131
000839018

000841645


132
000841812

000843813
133
000846776

000850070
134
000850238

000852447
135
000852615

000854908
136
000855076

000856660
137
000900831

000904167
138
000904335

000907295
139
000907463

000908713
140
000908881

000912926
141
000913135

000914511
142
000914679

000917264
143
000917431

000920308
144
000920476

000923520
145
000923896

000927857
146
000928025

000932279
147
000933447

000935031


148
000935199

000937951
149
000941414

000943540


150
000943708

000944916
151
000945084

000947627
152
000948713

000951381
153
000951841

000955010
154
000955678

000959097


155
000959265

001000599
156
001003102

001006021


157
001022413

001026249
158
001026417

001027542
159
001027710

001030295
160
001030463

001032672
161
001032840

001034966


162
001035134

001037844
163
001038095

001039846
164
001041599

001043683
165
001043851

001046519
166
001051776

001053860
167
001054070

001056154
168
001056322

001058490
169
001058658

001059824


170
001059992

001101618


171
001102119

001104788
172
001104955

001108708
173
001109210

001111211
174
001111379

001114589
175
001114757

001115840
176
001116008

001119928
177
001120096

001122180
178
001122348

001125016


179
001127478

001129646
180
001129814

001133441
181
001134151

001137112
182
001137279

001139406


183
001139573

001142117
184
001142535

001144077
185
001145079

001147122
186
001147748

001150792
187
001151585

001152877
188
001153963

001156798
189
001156966

001158007
190
001202471

001204639


191
001204807

001206683
192
001208227

001209519
193
001209687

001213273
194
001213941

001216609


195
001217737

001219696
196
001220406

001222323
197
001222491

001225535
198
001226078

001227328
199
001227538

001229205
1
200
001238758

001239841
201
001240092

001241509
202
001241927

001244846


203
001245014

001248183


204
001248350

001251311
205
001251479

001253188
206
001253397

001255523
207
001256192

001259194
208
001259779

001300862
209
001301030

001304199
210
001304366

001309078
211
001309246

001312040
212
001313417

001315168
213
001315336

001318588
214
001319423

001320673
215
001320841

001322008


216
001322176

001324260
217
001324428

001327096


218
001329266

001330809


219
001338776

001341027
220
001342321

001344322
221
001351372

001352914
222
001353082

001355208
223
001355376

001358962
224
001359129

001400839
225
001403300

001405385
226
001406846

001408096
227
001412101

001413643
228
001415938

001417605

229
001417857

001420650
230
001427950

001429993
231
001430160

001433037


232
001436500

001437917
233
001438085

001440837
234
001441005

001444507
235
001444675

001447302
236
001447469

001448970
237
001449138

001452098
238
001453225

001456853
239
001457021

001502650
240
001503027

001504527
241
001505487

001508740
242
001508908

001511367
243
001511535

001514537
244
001515164

001519500
245
001525007

001527884
246
001528052

001531179
247
001531805

001534974
248
001535476

001536976
249
001539063

001541898
250
001542066

001544776
251
001544944

001546653
252
001546820

001549405
253
001550240

001551616
254
001551784

001554494
255
001554662

001558748
256
001558916

001601751
257
001601919

001604921
258
001605089

001609550
259
001609718

001615264
260
001617393

001621104
261
001623315

001624482
262
001634326

001636828
263
001637496

001641874
264
001644169

001646129
265
001646296

001648256


266
001651677

001653261
267
001655097

001658641
268
001658809

001701019
269
001702104

001704022
270
001705524

001708276
271
001708444

001710570
272
001710738

001712530
273
001712698

001715283
274
001715451

001716743
275
001716910

001719203
276
001720998

001722498
277
001722666

001724542
278
001724710

001726252
279
001726420

001727503
280
001727671

001731257
281
001731425

001733217
282
001733385

001737597
283
001737931

001739223
284
001739641

001741976
285
001742686

001743936
286
001749359

001751569
287
001751737

001756574
288
001756742

001758034
289
001759244

001803998
290
001804166

001806375
291
001806543

001809128
292
001809296

001810880
293
001811048

001814217
294
001814384

001820264
295
001820432

001823059


296
001823435

001825853
297
001826021

001830608
298
001832611

001834779
299
001838200

001841244


300
001845624

001848918
301
001849837

001851379
302
001851547

001853339
303
001853507

001855466
304
001855634

001857343
305
001858887

001900596
306
001900764

001902640
307
001911608

001913526
308
001913902

001915945
309
001916113

001917864
310
001918031

001921075
311
001921243

001924829
312
001924997

001928082


313
001928250

001932670
314
001932838

001934630
315
001934798

001937717
316
001939720

001942013
317
001942181

001944932
318
001945100

001949061
319
001949229

001951731


320
001952691

001955484
321
001955652

001959071


322
001959990

002003659
323
002004703

002006996
324
002008457

002011375
325
002011543

002016047
326
002022512

002024222
327
002024389

002026265
328
002028560

002030478
329
002030646

002035608
330
002035776

002037526
331
002037694

002039528
332
002040155

002043491
333
002043659

002045534
334
002050666

002053751


335
002053919

002058631
336
002058799

002101467
337
002102302

002104804
338
002104972

002106472
339
002106974

002108891
340
002111520

002113896
20
341
002114106

002117066
342
002117484

002120486
343
002120821

002123281
344
002123448

002125825
345
002125993

002128536
346
002128954

002132456
347
002133792

002136836
348
002137004

002141674
349
002143510

002146053
350
002146221

002148389
351
002148557

002150349
352
002151101

002153269
353
002154271

002157064
354
002157232

002158607
355
002158775

002202611
356
002202779

002204864
357
002205032

002206324
358
002213457

002216375
359
002216710

002218502
360
002218670

002221922
361
002222257

002225009
362
002226053

002228763
363
002228930

002231307
364
002231892

002234810