1
000047881

000049757
2
000049966

000052760
3
000052969

000055137
4
000055305

000057848
5
000058058

000059933
6
000102395

000103771
7
000105023

000108233
8
000108443

000111236
9
000111446

000114406
10
000114616

000116158
11
000119037

000121872
12
000122082

000125417
13
000125627

000127169


14
000127378

000131465
15
000132050

000134009
16
000134928

000136845


17
000137055

000138555
18
000138723

000142851
19
000143061

000144812
20
000146564

000150859
21
000155865

000157783
22
000158785

000201954
23
000202247

000203413
24
000203665

000208335
25
000208503

000211380

26
000213383

000214883
27
000215093

000216135
&
28
000216302

000218095


29
000221057

000222808
30
000222976

000226937
31
000227230

000229773
32
000231776

000234653
33
000234821

000236155


34
000236322

000238157
35
000239200

000241160
36
000245206

000247374
37
000247542

000250335
38
000251963

000254756
39
000256593

000259261
40
000300889

000302890
41
000304809

000308896
42
000309063

000311481
43
000311733

000313942
44
000314152

000315444
45
000317614

000319948
46
000320158

000322451
47
000322660

000325829
48
000329959

000333086
49
000334214

000335297
50
000335465

000338175
51
000338343

000341511
52
000341679

000343889
53
000344140

000347643


54
000348228

000352189
55
000352440

000354900
56
000355109

000357361
57
000357528

000358654


58
000358821

000400739


59
000406955

000408330
60
000408539

000412125
61
000414379

000419341
62
000419509

000421927
63
000422095

000423929
64
000424138

000427557
65
000427725

000429559
66
000429727

000431853

67
000432021

000435941
68
000436109

000439152
69
000439320

000442114
70
000442532

000445784
71
000447954

000451290
72
000451541

000455127
73
000455295

000459673
74
000459882

000502718
75
000502927

000504594
76
000504971

000507889
77
000515189

000517274
78
000522071

000524573
79
000524741

000527200
80
000528453

000531496
81
000531664

000533332
82
000533499

000536376
83
000536836

000539504
84
000542008

000544384
85
000545595

000547554
86
000547764

000550974
87
000551392

000552517
88
000555229

000557230
89
000557440

000601985
90
000602153

000604237
91
000604447

000607616
92
000607825

000610994
93
000611162

000612954
94
000613873

000616416
95
000616584

000618794
96
000620546

000622381
97
000625635

000627511
98
000628846

000631306
99
000634310

000636812
100
000638898

000641691
101
000642276

000644528
102
000644695

000646947
103
000653913

000656123
104
000656332

000658792
105
000659001

000702879
106
000703256

000707217
107
000707969

000711346
108
000711514

000713390
109
000715184

000717185
110
000718855

000721189
111
000721524

000724067
112
000724277

000728613
113
000728781

000732200
114
000734078

000736621
115
000736831

000738790
116
000739459

000740584
117
000741335

000744880
118
000745047

000747466

119
000747758

000750051


120
000750261

000751303
121
000751512

000754806
122
000755016

000756808


123
000756976

000758768
124
000800313

000801813
125
000802064

000803857
126
000804025

000807736
127
000808613

000810739
128
000811115

000814868


129
000815077

000816203
130
000818706

000821124
131
000822001

000824544
132
000825004

000826046
133
000826255

000830091


134
000830510

000833053


135
000833596

000836014
136
000837225

000840310
137
000842855

000844731
138
000845274

000849110
139
000849278

000850320
140
000852740

000854950
141
000855243

000859204
142
000859372

000901957
143
000902124

000903166
144
000907964

000910674
145
000910883

000913718
146
000913886

000917055
147
000917223

000920559
148
000920726

000922769


149
000922937

000924271
150
000924689

000926648
151
000934865

000939286
152
000939453

000942247
153
000943416

000948169
154
000948337

000951423
155
000953009

000954050
156
000954260

000957262
157
000959140

001001558


158
001005146

001006938
159
001009025

001011693
160
001011861

001015071
161
001015239

001019451
162
001019619

001020660
163
001020995

001022037
164
001022204

001024289


165
001024498

001028793


166
001029337

001033882
167
001034050

001036259
168
001036427

001038845
169
001039013

001040680
170
001040890

001044392
171
001044560

001046144


172
001046312

001048229
173
001048773

001050315
174
001050775

001052651


175
001053277

001056363
176
001056614

001101534
177
001101702

001104537
178
001104705

001106706
179
001111587

001114631
180
001116425

001120512
181
001120721

001124057
182
001124225

001129104
183
001129563

001132816
184
001133401

001137028
185
001137196

001140949
186
001141117

001145578
187
001146205

001150709
188
001150960

001153628
189
001153796

001156673
8
190
001158634

001202637
191
001202805

001205348
192
001205808

001207183
193
001210938

001214357
194
001214692

001216651
195
001216819

001218653
196
001218863

001222449
197
001223242

001226286
198
001227830

001229497
199
001229707

001231875
200
001233711

001235420
201
001237047

001239174
202
001240342

001242552
203
001243679

001246973
204
001247224

001248433
205
001251312

001252812
206
001253022

001254230


207
001254440

001257859
208
001258027

001259736
209
001300112

001301196
210
001301739

001302822
211
001303574

001305283
212
001305451

001308411
213
001310372

001313792
214
001316796

001318338
215
001318506

001320340
216
001321550

001324886
217
001325221

001328473

218
001328641

001333853
219
001335397

001336773
220
001337107

001339609
221
001340110

001342946
222
001345199

001349702
223
001349870

001352413
224
001352873

001355291
225
001416605

001417981
226
001418148

001420483
227
001420651

001423152


228
001423362

001428074
229
001430995

001434455
230
001435374

001436708

231
001436876

001438501

232
001439420

001441588

233
001441755

001444966


234
001449096

001451848
235
001452016

001453892
236
001454602

001457478


237
001502151

001503985
238
001509825

001512619
239
001513329

001516164
240
001517041

001520501

241
001520669

001522545
242
001522755

001528259
243
001531305

001533431
244
001534224

001535892
245
001536101

001538728
246
001540356

001541648
247
001541857

001544067
248
001544276

001546611
249
001546820

001550406
250
001550658

001553201
251
001556038

001557747
252
001557998

001559916
253
001600334

001603044
254
001607132

001609467
255
001609677

001613012
256
001613806

001617684
257
001622940

001626401
258
001626568

001628111
259
001628320

001632323


260
001633200

001634867
261
001635536

001639330
262
001639498

001642208
263
001642376

001645336
264
001645504

001647130


265
001647339

001650633
266
001658600

001701227


267
001701395

001702895
268
001703063

001704397
269
001706275

001707316
270
001708444

001712238


271
001712781

001714365
272
001714533

001716117
273
001718662

001721164
274
001721373

001723666
275
001723834

001727962
276
001731216

001733760
277
001734178

001736846
278
001737056

001740308
279
001740476

001742393
280
001743353

001745021
281
001745189

001748733
282
001748901

001751527
283
001751737

001753654
284
001801163

001802997
285
001805876

001808336
286
001813217

001814258
287
001814426

001816219


288
001816386

001818054
289
001819890

001821933
12
290
001822101

001823643
291
001823852

001827355
292
001827523

001829273
50
293
001829483

001831275
294
001832945

001835363
295
001835614

001837782
296
001839159

001841369


297
001841912

001843579
298
001844248

001846332
299
001848919

001851087
300
001851296

001854966
301
001855342

001858344
302
001858512

001900012


303
001900180

001902890
14
304
001903058

001905935
305
001906103

001908146
306
001908313

001911691
307
001911859

001915653
308
001916405

001920241
309
001924371

001927123
310
001927708

001928958
311
001933130

001934255
312
001934423

001936132

313
001936466

001937884
314
001938093

001941053
315
001942681

001945600
316
001945851

001947560
317
001947769

001950521
318
001951398

001953482
319
001957446

002000781
320
002000991

002004327


321
002004494

002005995
322
002007039

002008915
323
002011210

002012460
324
002012920

002014420
325
002014588

002016672
326
002018300

002021761
327
002021929

002022970
&
328
002023138

002025056
329
002028936

002030353
330
002031480

002033147


331
002034274

002035524


332
002035692

002037652


333
002037819

002039820


334
002041740

002042782
335
002043492

002047078
336
002047246

002049080
337
002050540

002051707
338
002052084

002054335
339
002055128

002058130
340
002058882

002100883


341
002105514

002107348
342
002107516

002111018
343
002113105

002116983
344
002118235

002120069
345
002120529

002121821
346
002122823

002124657
347
002129413

002131872
348
002134209

002135668
349
002135836

002137962


350
002140966

002142967
351
002148432

002150433
352
002151518

002153227
353
002153729

002154770
354
002154938

002157356
355
002159651

002202320
356
002210495

002211954
357
002212205

002213873
358
002214041

002216250


359
002217294

002219754


360
002219963

002221797
361
002222841

002224842
362
002226720

002229180
363
002229348

002232641

364
002233101

002234352
365
002235103

002238439