1
000003336

000004545


2
000004713

000006255
3
000006423

000009466
4
000009634

000012386
5
000012554

000015347
6
000015515

000017850
7
000018727

000022688
8
000022897

000025315


9
000026234

000027484
10
000027652

000030571
11
000031281

000032990
12
000033158

000035159


13
000036119

000037619
14
000037787

000040497
15
000040665

000045544
16
000049424

000050883
17
000054804

000056346


18
000056514

000057973
19
000058141

000101935
20
000103772

000108609
21
000108777

000110027


22
000110195

000112488
23
000112655

000113697
24
000113865

000115783
25
000115950

000117034


26
000118244

000120996
27
000121164

000122831
28
000123917

000126418
29
000126586

000129546
30
000130006

000134635
31
000135678

000139431
32
000141226

000142267
33
000142435

000147940
34
000151945

000154363


35
000154531

000157533
36
000158827

000200410
37
000208419

000210003
38
000211339

000213715
39
000214551

000216969
40
000217137

000219388
41
000219556

000221473
42
000221641

000224393
43
000224561

000226270
44
000227230

000229106
45
000229274

000231692
46
000231860

000234236
47
000234404

000235654
48
000237782

000240868
49
000241035

000244872
50
000245039

000247875
51
000248042

000250586
52
000332295

000336131
53
000336299

000338800
54
000338968

000342596
55
000342764

000346058
56
000346226

000348310
57
000349062

000352648
58
000354484

000357194
59
000357362

000359529
60
000359697

000402950
61
000404160

000406703
62
000409290

000412668


63
000415546

000417339
64
000417507

000419174
65
000419342

000422010
66
000423680

000424763
67
000426307

000427516
68
000427684

000431603
69
000432563

000435774


70
000435942

000438110
71
000439779

000443865
72
000444534

000447411
73
000447578

000450372
74
000452834

000454084
75
000458256

000459631
76
000459799

000501967


77
000502135

000504094


78
000504262

000505721
79
000505888

000509057


80
000509225

000512602
81
000512770

000517024
82
000518276

000519651
83
000519819

000523238
84
000524365

000527701
85
000528077

000530120
86
000530288

000532456
87
000532623

000536084
88
000536252

000538712
89
000538880

000540464
90
000541132

000544051
91
000544218

000546553


92
000546721

000549348
93
000550641

000553018
94
000553186

000555437
95
000555605

000558357
96
000558524

000602027
97
000602195

000604404
98
000604572

000607074
99
000607241

000609076
100
000609243

000611912


101
000612997

000615248
102
000615416

000618919
103
000619379

000622214
104
000622382

000625675


105
000625885

000627344
106
000627512

000629888
107
000630056

000631348
108
000631724

000634851
109
000637271

000640690


110
000642902

000643944
111
000644112

000647072


112
000647240

000650784


113
000652286

000656373


114
000658835

000700210
115
000702630

000705841
116
000706008

000709386
117
000709554

000711930
118
000712098

000714391
119
000714559

000715934
120
000716102

000720564
121
000720731

000724151
122
000724318

000727320


123
000733244

000735787
124
000735955

000739833
125
000740001

000743545
126
000743713

000746423
127
000746591

000749718
128
000749886

000752095


129
000757018

000758560
130
000758728

000759978


131
000800146

000802606
132
000803691

000806401


133
000808529

000812699
134
000812867

000813909
135
000814076

000817120
136
000817288

000820832
137
000821334

000822709
138
000826005

000827172


139
000827340

000828965
140
000829133

000831927
141
000833471

000836181


142
000836349

000840435
143
000840895

000842854
144
000843022

000845482
145
000845650

000848735


146
000848903

000851738
147
000852532

000854032
148
000855409

000857202

10

149
000857370

000859996
150
000900164

000901998
151
000915846

000919724
152
000919892

000923812
153
000930778

000933196
154
000933364

000935824
155
000935992

000937909
156
000938911

000941621
157
000941789

000943498
158
000943666

000945750
159
000945918

000949838
160
000950006

000952173
161
000952341

000954968
162
000955511

000958513
163
001003894

001005645
164
001006439

001009649


165
001010109

001012485
166
001014113

001016489
167
001021495

001023288
168
001023456

001026708


169
001026876

001027876
170
001028044

001030587
171
001030755

001032631
172
001032840

001034257
173
001034425

001036468
174
001037678

001040555


175
001045186

001047604


176
001047772

001051232


177
001051400

001052942
178
001053819

001055487
179
001055655

001059074


180
001059492

001101868
181
001102036

001103453
182
001105581

001106873
183
001107041

001108333


184
001108501

001110210
185
001111128

001113546


186
001114256

001116549
187
001116717

001118343
188
001119845

001122263
189
001123265

001125809


190
001128979

001130480
191
001131857

001134484
192
001134652

001137112
193
001137279

001141074
194
001141575

001143785


195
001143953

001145662
196
001148290

001150417
197
001150835

001152460
198
001154088

001155630
199
001155798

001159092


200
001159260

001202011
201
001202930

001204514
202
001205391

001209644
203
001215651

001218903
204
001219447

001220530
205
001220698

001224159
206
001224326

001227829
207
001229999

001233042
208
001233210

001236713
209
001237673

001239048
210
001239216

001240800


211
001240968

001244596
212
001249226

001250727
213
001250895

001252562
214
001253439

001255857
215
001256150

001258067
216
001301113

001303072
217
001313667

001316586
218
001316754

001318421
219
001318589

001319798
220
001319965

001322133
221
001322301

001326346
222
001326514

001327972
223
001328140

001329682
224
001329850

001332602
225
001334355

001335647
226
001339068

001340109
227
001340277

001344280
228
001344448

001347450


229
001347618

001351746
230
001351914

001355041
231
001355209

001359337
232
001359713

001401589
233
001402341

001405593
234
001406512

001407929
235
001411475

001413935
236
001414103

001417313
237
001417982

001422777
238
001422945

001425196
239
001425614

001429826
240
001429994

001433288
241
001433831

001434956
242
001436041

001437166
243
001437334

001439502
244
001439670

001443047
245
001443215

001445049
246
001445551

001447427
247
001449471

001451097


248
001451265

001454726
249
001454894

001456853
250
001521003

001524088
251
001524256

001526090
252
001526592

001529052
253
001529219

001533139
254
001535392

001540438
255
001544151

001545735
256
001546487

001548321
257
001549156

001551324
258
001552451

001554369
259
001555621

001558665
260
001608467

001610176
261
001611011

001616057
262
001617351

001618351


263
001618519

001620144


264
001620312

001623231
265
001623399

001625566
266
001626944

001628778
267
001628946

001633074
268
001634660

001637662
269
001637830

001641207


270
001641375

001644669
271
001645546

001647714


272
001655597

001657015
273
001657182

001700101
274
001703439

001706691


275
001707317

001709527
276
001709862

001711654
277
001711822

001713906


278
001714074

001716701


279
001716869

001720204
280
001720372

001722707


281
001723959

001725001
282
001728255

001730548


283
001732593

001737597
284
001737890

001739682
285
001742770

001746731
286
001746899

001748274
287
001748442

001751235


288
001751403

001753446
289
001753614

001756157
290
001757242

001758701
291
001800287

001803790
292
001806668

001810713
293
001813383

001816886
294
001817054

001818179


295
001818347

001821015
296
001823936

001825728
297
001825896

001829190
298
001829358

001831901
299
001832069

001834862
300
001835155

001840201


301
001841411

001844664
302
001846041

001848543
303
001848710

001852964
304
001853590

001856717
305
001905978

001907395
306
001909273

001911440
307
001911608

001913609
308
001934047

001935506
309
001937342

001939719
310
001951315

001954233
311
001955235

001957028
312
001959114

002000573
313
002000741

002003075
314
002003243

002005411
315
002008415

002011167
316
002011335

002013711
317
002013879

002015713


318
002018926

002021636
319
002021803

002024055


320
002024223

002027683
321
002027851

002029560
322
002029728

002032313
323
002032481

002035024
324
002036860

002038361
325
002038528

002042156
326
002044910

002046327
327
002046912

002048412
328
002048997

002052500
329
002052668

002055753
330
002056255

002057546
331
002058215

002059340
332
002059508

002102176
333
002102344

002104679
334
002110185

002113187


335
002113605

002117525


336
002118443

002120861
337
002121280

002122321
338
002133583

002136168


11
339
002136336

002138671
340
002138839

002142216
341
002144219

002146012
342
002147264

002150308
343
002150642

002153060
344
002153729

002156147

