1
000003461

000005504
2
000005672

000008507


3
000010760

000012970


4
000013555

000016015
5
000016182

000019143


6
000020020

000022896


7
000023064

000026775


8
000028820

000031155
9
000031614

000036285
1998
10
000037662

000039538
11
000040915

000041957
12
000042125

000046754
13
000046963

000050758
14
000051009

000054219
15
000054387

000056889
16
000057557

000058599
17
000058767

000102519


18
000102687

000105564
19
000146731

000152027
20
000152195

000156156
21
000156324

000158117
22
000158576

000159618
23
000200495

000202121
24
000202664

000206917
25
000207460

000209378
26
000209754

000212798
27
000213466

000217886
28
000230942

000234236
29
000236239

000238740
30
000240285

000243245
31
000246291

000247457
32
000247625

000251795
33
000252213

000255966


34
000256843

000259178
60
35
000259345

000301638


36
000302724

000305184
37
000305768

000308854
38
000309397

000314735
39
000315069

000318238
40
000318656

000320073
41
000322452

000325537
42
000326080

000330667
43
000330835

000333587
44
000333755

000336632
45
000336799

000341762
46
000341930

000344681
47
000344849

000348936
48
000349103

000350854
49
000351064

000353273
50
000353441

000356777
51
000401658

000402699
52
000402867

000405327
53
000405495

000407496
54
000407664

000411291


55
000412210

000413961
56
000414128

000416797
57
000418258

000422469
58
000422720

000427724
59
000430561

000431853


60
000433231

000434856
61
000435024

000438819
62
000439237

000442197
63
000442365

000445075
64
000447745

000449705
65
000453251

000458005


66
000500008

000502384
67
000507473

000509683
68
000509851

000512561
69
000512729

000514604
70
000514772

000519151
71
000519319

000524448
72
000524615

000526658


73
000528494

000531204
74
000531372

000533290
75
000533458

000534666
76
000534834

000537836
77
000538004

000539046


78
000539213

000542174


79
000543801

000546553


80
000546929

000550766
81
000550933

000552392


82
000552560

000554853
83
000558441

000601193


84
000601402

000602486
85
000602653

000606531
86
000606699

000610369
87
000610703

000614831
88
000614999

000618001
89
000618169

000619711
90
000619962

000623715
91
000623883

000627177
92
000627345

000630305
93
000636062

000637145


94
000637313

000641942


95
000642110

000643693
96
000648491

000651034


97
000651202

000653870
98
000654038

000659292
99
000659460

000701503
100
000703131

000706216
101
000706384

000709136


102
000709303

000711638
103
000711806

000713849
104
000714267

000717853
10
105
000718020

000719938
106
000721399

000726570
107
000726863

000731283


108
000731451

000735495
109
000735663

000738165
110
000739667

000743753
111
000743921

000747924
112
000748217

000750302
113
000755683

000759102
114
000759270

000801313
115
000803316

000806818
116
000806986

000808069


117
000808237

000810780


118
000811657

000813700
119
000813868

000817913
120
000818080

000819706


121
000819874

000822584
122
000822752

000826588
123
000826756

000829341
124
000832261

000833970
125
000834430

000839601
126
000839769

000841853
127
000842021

000845315
128
000845483

000849986
129
000850154

000853240
19
130
000855034

000858453


131
000858621

000901665


132
000901832

000904000
133
000905461

000906711
134
000910424

000912801


135
000918182

000922060


136
000927567

000931361
137
000931821

000934447
138
000934615

000937951
139
000938119

000940787
140
000941247

000944749


141
000948296

000952591
142
000952758

000955719
143
000955886

000957846


144
000958014

001002726
145
001002893

001005478
146
001005646

001006980
147
001008232

001009274
148
001015239

001018450
149
001018618

001020493
150
001020745

001022245


151
001022413

001024039


152
001026876

001029252
153
001029420

001032047
154
001033549

001035133


155
001035301

001037302


156
001037678

001041014
157
001041223

001043141
158
001045770

001049481
159
001049774

001053276
160
001053444

001057405
161
001058407

001101326
162
001102745

001104913
163
001117968

001120553
164
001120721

001123223
165
001130398

001134526
166
001134777

001138321
167
001141617

001144077
168
001144245

001146913
169
001151210

001153378
170
001153546

001155797
171
001155965

001158967
172
001159135

001201428
173
001202012

001204264
174
001205975

001208852
175
001209019

001212814
176
001216402

001219362
177
001219530

001221614
178
001221782

001223867
179
001224034

001226369
180
001226537

001230915
181
001231083

001233251
182
001244680

001247640
183
001247892

001249851
184
001250019

001252187
185
001253814

001257233
186
001257401

001301029
187
001302406

001304616
188
001304867

001308953
189
001310414

001312081
190
001313083

001317587


191
001317755

001322258
192
001326096

001327138
193
001327306

001331142
194
001331310

001333853
195
001334021

001337816
196
001339360

001343238
197
001343447

001344989
198
001345157

001348034
199
001348744

001350703
200
001351872

001354290
201
001354458

001359462
202
001359630

001404509
203
001407012

001409639


204
001411058

001414185


205
001425281

001427991


206
001434456

001438501


207
001438669

001441754
208
001441922

001445466
209
001445634

001448136
210
001448888

001450513
211
001453309

001455059
212
001455436

001459188
213
001501400

001504861


214
001505195

001507280
215
001507448

001511618
216
001511785

001515038
217
001515205

001517665
218
001519543

001521711


219
001523464

001526549
220
001526717

001528092
221
001528260

001529510
222
001531597

001532722
223
001536894

001538811


224
001538979

001542190
225
001542358

001545234
226
001545402

001546778
227
001546946

001551574
228
001553243

001554911
229
001556580

001600541


230
001601001

001604545


231
001605214

001607548
232
001607716

001611094
233
001611261

001613930
234
001614098

001618351
235
001618519

001621270
236
001622940

001626609
237
001626777

001629278
238
001629446

001631572
239
001631740

001635284
240
001635452

001637203
241
001638122

001639956


242
001640374

001644085
13
243
001646005

001647588
244
001647756

001650758
245
001650926

001655596
246
001701020

001704480


247
001704648

001707859
248
001708027

001710028


249
001711030

001712530
250
001713657

001714782
251
001714950

001716868
252
001717453

001718619
253
001718829

001721372


254
001724460

001727378
255
001727546

001731549
256
001734762

001738139
257
001738307

001743227
258
001744688

001745730
259
001745898

001747106


260
001747274

001748608
261
001752988

001755114
262
001757409

001800495


263
001800662

001803247
264
001803499

001807418
265
001807586

001809837
266
001812758

001816094


267
001817971

001823226
268
001823894

001825061
269
001825562

001826604
270
001826772

001829398
271
001829566

001833277
272
001833445

001835738
273
001835906

001839450
274
001840035

001841536
275
001842454

001844247
276
001844414

001849669
277
001851213

001853256
278
001853423

001857426
279
001857761

001900138
280
001900305

001904433
281
001905769

001906978
282
001907146

001911399
283
001913152

001918322
284
001919533

001921742


285
001921910

001927248
286
001927416

001930293
287
001931211

001932461
288
001932629

001936215
289
001936550

001941137
290
001941305

001945850
291
001946059

001948477
292
001950480

001953441
293
001956320

001959363
294
001959531

002000823


295
002000991

002004619
296
002006371

002009040
297
002009208

002011667
298
002011960

002015588
299
002015756

002020426
300
002021220

002025431
301
002025599

002030561
302
002030729

002034357
303
002034524

002036817
304
002040113

002042740
305
002044993

002047286
306
002047454

002050498
307
002057047

002058089
308
002058257

002101509


309
002105806

002107890
310
002108058

002109725
311
002110519

002114730
312
002114898

002117817
313
002118568

002123572
314
002123740

002127660
315
002127828

002129745
8
316
002129913

002133499
317
002133709

002137545
318
002138088

002140840
319
002141008

002143342
320
002143510

002144552
321
002144720

002148681