1
000008758

000009883
2
000012095

000014388


3
000016266

000017349
4
000017517

000019560
5
000019728

000021395
6
000022230

000023522
7
000023690

000024898
8
000025859

000027526
9
000027694

000031030
10
000031197

000033282
11
000033450

000034825
12
000036369

000037619
13
000037787

000038829
14
000038997

000042875
15
000043043

000046003
16
000047005

000048964
17
000049215

000052634
18
000053053

000055179


19
000056389

000057473
20
000057640

000100225
21
000100393

000101477
22
000101644

000104313
23
000104481

000105773
24
000105940

000107649
25
000109194

000110569
26
000110737

000113822
27
000114074

000117326
28
000118870

000120871
29
000213383

000214466


30
000214634

000215717


31
000215885

000217427
32
000217679

000219471
33
000220974

000222099
34
000222267

000224977
8th
35
000225228

000228105


36
000229274

000232025
37
000233486

000236947
38
000237115

000240284
39
000240535

000243954
40
000244122

000246957
41
000248168

000250169
42
000250336

000253255
43
000255175

000256675
44
000257886

000259052

45
000259220

000301680
46
000301848

000304099
47
000304267

000305809
48
000305977

000308020


49
000308188

000311899
50
000312066

000314985
51
000315153

000317654
52
000319365

000322075
53
000322327

000325120
54
000327790

000329583
55
000329792

000333754
56
000334130

000336757

57
000336925

000339718
58
000340511

000342095
59
000343264

000345974
60
000346142

000347476
61
000347644

000349645
62
000349812

000351230

63
000351397

000353815


64
000353983

000355150
65
000355318

000358195
66
000358404

000400280
67
000400531

000402741
68
000402992

000404117
69
000404285

000407704
70
000407872

000409539
71
000409707

000413418
72
000421052

000424096
73
000425306

000429309
74
000429477

000431728
75
000432272

000433730
76
000435483

000437901
77
000440905

000441989
78
000442156

000443448
79
000443616

000447744
80
000447996

000450914
81
000451291

000452499
82
000453626

000455252
2
83
000455753

000457129
84
000458548

000501300
85
000501467

000505012
86
000505263

000508682
87
000508850

000511184
88
000511436

000513562
89
000513771

000515647
90
000517066

000518483
91
000518693

000521653
92
000521821

000524197
93
000525450

000528869
94
000530788

000532414
95
000532999

000534082
96
000535626

000537878
97
000538379

000540464
98
000540715

000541923
99
000542467

000545218
100
000545386

000549264
101
000550183

000552142
102
000552352

000554519
103
000555480

000556938


104
000557106

000559149
105
000559317

000600400
106
000602528

000603737
107
000603905

000608784
108
000608951

000612245
109
000613039

000614915
110
000616584

000621380
111
000623424

000625008
112
000627929

000630138
113
000631933

000634935
114
000635103

000636603
115
000636813

000639648
116
000646864

000648907
117
000651494

000653703
118
000701379

000703213
119
000704590

000708427
120
000709512

000710595
121
000710805

000713140

122
000713307

000714683
123
000715601

000717185
124
000723901

000725485


125
000725736

000728530
126
000728698

000730282
127
000730533

000733743
128
000733911

000736746
129
000738458

000739541
130
000739709

000741042
131
000741878

000743378
132
000743629

000745881
133
000748009

000750760


134
000753806

000756016


135
000756184

000758268
136
000758436

000802606
137
000802857

000804608
138
000804775

000809196
139
000809447

000810780
140
000812033

000815160
141
000815328

000816828
142
000817330

000818663
143
000818915

000821833
144
000822084

000823793


145
000824045

000825754
146
000825922

000830091
$1100

147
000830259

000832636


148
000832803

000834387
149
000834555

000838433
150
000839602

000842020


151
000843981

000846900
152
000847068

000849986


153
000850154

000852239

154
000852490

000855659
155
000855826

000857160
156
000857370

000900872
$2300
157
000902416

000904292
158
000904460

000908296
10
159
000908464

000911341


160
000911509

000912592
161
000912802

000914928
162
000916681

000918848
163
000919016

000921685
164
000921852

000923395
165
000924772

000926314
166
000926566

000928400
167
000928651

000930860
168
000931112

000932904
169
000933197

000935615
170
000935825

000936908
171
000937451

000938952
172
000950256

000952465


173
000954343

000955844
174
000956012

000958972
175
000959140

001001683
176
001002893

001004769
177
001004937

001007105
178
001007315

001009232
179
001009400

001012527
180
001014030

001017741
181
001017908

001020410
182
001020578

001022412
183
001026334

001027876
184
001028044

001029711


185
001029879

001031004
186
001031756

001032922
187
001034925

001036676
188
001036927

001038762
189
001043017

001044100
190
001048856

001051775
191
001052193

001053360
192
001053527

001055070
193
001056030

001057572
194
001057823

001100492
195
001100660

001103411
196
001103579

001105538
197
001105706

001107874
198
001108125

001109751
199
001111295

001112379
200
001112546

001115131
201
001137071

001138738
202
001139281

001141616
203
001141784

001142867

204
001143077

001144369
205
001148874

001152711
206
001152878

001156423
207
001156590

001159676
208
001201303

001202929


209
001203180

001207267
210
001207435

001209436
211
001213274

001215150
212
001216485

001217694
213
001217903

001222198
214
001223743

001225201
215
001225453

001227579
216
001227955

001229414
217
001230124

001232083
218
001232334

001234085
219
001234253

001237714
220
001242803

001246222
221
001247516

001248600
222
001248768

001250685
223
001259403

001302739
30
224
001302907

001306242
225
001306410

001308661
50
226
001309705

001312832


227
001313042

001317712
228
001317963

001320840
229
001321884

001324344
230
001324512

001327430
231
001327598

001331684
232
001331894

001333770
233
001333979

001336064
234
001337608

001339275
235
001339443

001343655
236
001346492

001348993
237
001349161

001353665
238
001356669

001359546
239
001400548

001401631
240
001406554

001408471
28
241
001408848

001412767
242
001413561

001415270
243
001417731

001419524

244
001420568

001421651
245
001421819

001423570
246
001423737

001428741
247
001430244

001431995
248
001432162

001434372
249
001434623

001437500
250
001441881

001443214


251
001443424

001444799
252
001445009

001448177
253
001448429

001449888
29
254
001450139

001453057
255
001453309

001456227
30
256
001456395

001459314
29
257
001501734

001502817
258
001502985

001505236
259
001507031

001509073
260
001509325

001511868
261
001512036

001514787
262
001518626

001521210
263
001521378

001522503
264
001522671

001524923
265
001525090

001526466
266
001527301

001529719
267
001529887

001532639
268
001534224

001536100
269
001536268

001539687

270
001541315

001542857
271
001544902

001546152
272
001553369

001555578
3D
273
001555746

001558539
274
001602878

001604796
275
001606256

001609258
276
001609426

001612595
277
001613681

001617266
278
001617434

001621187
279
001621438

001625775
280
001625943

001627735
281
001627903

001630238
282
001631657

001633908


283
001634076

001636202
284
001636412

001639330
285
001639498

001641165


286
001641834

001643710


287
001643877

001645128
288
001645337

001646796


289
001646964

001648840
290
001650300

001651926


291
001652761

001654929
292
001656015

001657640
293
001658475

001701894
294
001702479

001703938


295
001704440

001706899
$1200
296
001707109

001710069
297
001710612

001712989
298
001713240

001717535

$200

299
001718078

001719203
300
001719371

001721706


301
001723625

001724792
302
001725044

001726711
303
001729173

001730381
304
001730591

001732675
305
001733260

001735928


306
001744438

001745813
307
001745981

001747315
308
001747900

001750610
309
001751487

001753154
310
001753363

001755865
311
001756075

001758159
312
001758911

001800203

313
001801121

001802663
314
001802831

001805249
315
001805459

001807168
316
001807377

001808836
317
001809004

001811464


318
001811673

001812757


319
001812925

001816469
320
001819640

001821682
321
001826271

001827939

322
001828107

001830024
323
001830275

001832610
324
001833153

001835446
325
001837908

001838991
326
001839243

001842328
327
001842496

001843871
328
001844039

001846541
329
001846792

001850461
330
001850629

001852547
331
001852714

001856717
332
001900264

001902390
333
001902558

001904684
334
001909022

001912900
335
001913110

001914277
336
001919491

001920658
337
001920826

001922869
338
001923036

001924954
339
001926540

001929167
340
001929334

001932587
21
341
001932754

001935089
$300
342
001935632

001936757
343
001937009

001939051
344
001943056

001944974
345
002005746

002006829
346
002008290

002011334
347
002011919

002014378
348
002015005

002016297
349
002016548

002018799
350
002019843

002021385
351
002022137

002024388
352
002026516

002027725
353
002030979

002035942
354
002036109

002037985
355
002038654

002042240
356
002043659

002045701
357
002047329

002049455
358
002050374

002052375
359
002052960

002054043
360
002054253

002056504
361
002058465

002059548
362
002059716

002102009


363
002102219

002103386
364
002109726

002113229
365
002114731

002118609


366
002118819

002122488
367
002122698

002125408
368
002125659

002128786
369
002129037

002130788
370
002132165

002133708
371
002143176

002145678


372
002148265

002150057
373
002150767

002152184
374
002157399

002200234
375
002200402

002201986
376
002208869

002211037


377
002212414

002215958
378
002216209

002220046
379
002220213

002222715
380
002223675

002227219
381
002228138

002229221
382
002230682

002232058
383
002232559

002234435