1
000002877

000004086
2
000004254

000007047
3
000007257

000009383
4
000009592

000014513


5
000014889

000017016
6
000018018

000019768
7
000019978

000023731
8
000023898

000027943
9
000029696

000031405
10
000031573

000033198
11
000033366

000035451


12
000037829

000041874
13
000042083

000043500
14
000044919

000047713
15
000049090

000051300
16
000051468

000054178
17
000054345

000057806
18
000058016

000100225
19
000100435

000103020
20
000106733

000108150
21
000148900

000151860
22
000152028

000155447
23
000155657

000157366


24
000157575

000200744
25
000200912

000203914
26
000206376

000209169
27
000209337

000210879
28
000212257

000217594
29
000218763

000223100
30
000223810

000229648


31
000229816

000232234
32
000232902

000235237
33
000235446

000239032
15
34
000239200

000242870


35
000243079

000246331
36
000249794

000252129
37
000252297

000255382
38
000255592

000257968


39
000301264

000304349
40
000304559

000306810
41
000308897

000311815
42
000317947

000319656
43
000321492

000323368


44
000326122

000328373
45
000328958

000332753
46
000335048

000337090
47
000337258

000340677
48
000340887

000344598
49
000344807

000346975
50
000347143

000348727
51
000349812

000351688
52
000354108

000355567
53
000355985

000359112
54
000401282

000404785
55
000404994

000410666
15
56
000411334

000413126
57
000413336

000418090
58
000418258

000422844
59
000424222

000428767


60
000428977

000432479
61
000432647

000436066
62
000439487

000441613
63
000442282

000444408
64
000448079

000451581
65
000454794

000457129
66
000501718

000504177
67
000505847

000507347
68
000509142

000511351
69
000511519

000516064


70
000516566

000520944
71
000521362

000523864
72
000524073

000526366
73
000526576

000530329


74
000530496

000533373
75
000537211

000540422
76
000540590

000541757
77
000542967

000545802
78
000545970

000547429
79
000547597

000550349
80
000552060

000555937
81
000556105

000558607
82
000600401

000603403
83
000607742

000609201
84
000611579

000614956
85
000615833

000618752
86
000618961

000621713
87
000621923

000624925


88
000625093

000628595
89
000628805

000630931
90
000631099

000633558
91
000633726

000636853
92
000637021

000639189


93
000639357

000641191
94
000641776

000643235
95
000643444

000647531
96
000650326

000654913


97
000655123

000657082
98
000657250

000658291
99
000658459

000701545
100
000701712

000705424
101
000705591

000712139
102
000712974

000717352


103
000717562

000720397
104
000720565

000722524


105
000722692

000726695
106
000728489

000730740
107
000732243

000734953
108
000735121

000736788
109
000738499

000741751
110
000745298

000748633
40
111
000748843

000750802


112
000751012

000753680
113
000753890

000756016
114
000757810

000800687
115
000800897

000803231
116
000803399

000807027
117
000807445

000809488
118
000809655

000811323


119
000811491

000812991
120
000813910

000815911
121
000817497

000820624
122
000820958

000824377
123
000824587

000827506
124
000830384

000833553
125
000833763

000837557
126
000837767

000840602
127
000840811

000842938
128
000843147

000846066
129
000846234

000848068
130
000850321

000852739
131
000854575

000858161
132
000858329

000900872
133
000901082

000902499


134
000902667

000905544
135
000905711

000907629
136
000907838

000913218
137
000913386

000915804
138
000915972

000917013
139
000917223

000919307
140
000919517

000921601
141
000931654

000934406
142
000935700

000938201
143
000938369

000940954
144
000941122

000943039
145
000943207

000946042
146
000946252

000949296
147
000949505

000952340
148
000952508

000954676
149
000954844

000956845
150
000957013

001000515


151
001000766

001003685


152
001003894

001005812
153
001009108

001012319
154
001013237

001014946
155
001015114

001017699
156
001017908

001021119
157
001021329

001023496
158
001025916

001029836
159
001030046

001032881


160
001033049

001034257
161
001035343

001037260
162
001037428

001041306
163
001041515

001045810


1996
164
001046312

001049773
165
001049982

001051858
166
001052026

001053443


167
001053611

001058031
168
001059200

001102118
169
001104330

001110377
170
001110544

001113380
171
001113547

001115256
172
001115424

001118677
173
001118844

001122347
174
001122515

001127352
175
001128896

001131231
176
001135861

001137570


177
001137780

001139698
178
001139865

001143868
179
001144161

001145662
180
001145830

001149457
181
001149667

001152585
182
001152753

001155797
183
001155965

001159426
184
001159635

001202554


185
001206100

001208560


186
001208769

001210979
187
001211147

001213189
188
001213399

001215358
189
001221490

001223992
190
001224869

001226911
191
001228914

001231291
192
001231459

001236045
193
001237047

001240550
194
001241051

001242719
195
001243262

001244846
196
001250102

001252937
197
001259945

001301279
198
001309121

001312540
199
001313375

001317670
200
001317880

001320173
201
001320341

001323009
202
001323219

001325303
203
001326806

001328598
204
001328808

001331309
205
001332728

001334771
206
001335648

001337649
207
001340820

001343530
208
001343697

001346991
209
001347284

001351162
210
001351372

001353957


211
001354375

001356459
212
001356627

001359170
213
001359338

001402423
214
001410057

001412058


215
001412226

001413810
216
001415604

001417772
217
001417940

001419816
218
001420025

001422485
219
001422653

001425697
220
001426073

001427740
221
001429285

001432579
222
001432788

001435540
223
001435708

001439711
224
001439879

001442630
225
001442798

001446050
226
001446218

001451055
227
001458689

001502984
228
001505571

001507280
229
001508115

001511075
230
001512286

001515496


231
001515706

001519167


232
001519335

001521169
233
001521378

001523212
234
001524256

001528801
235
001529678

001535391


236
001537895

001540730
237
001542066

001545485
238
001546195

001548196
239
001551575

001554953
240
001555162

001557246
241
001557414

001559958
242
001600125

001603628
243
001603963

001607298


244
001607466

001609467
245
001609677

001612470


246
001612805

001614847
247
001615015

001616891
248
001617059

001618601
249
001618769

001620019


250
001622106

001625400


251
001625567

001627735


252
001627903

001631280


253
001632324

001635243
254
001635411

001638871
255
001639123

001641541
256
001645379

001648423
257
001648590

001652218
258
001652428

001653720


259
001653887

001657098
260
001700436

001702937


261
001703689

001707775


262
001707943

001711738
263
001711905

001715783
264
001716660

001718703
265
001718912

001721789
266
001722958

001725209
267
001725419

001727211
268
001727421

001729380
269
001729548

001730923


270
001731133

001732258
271
001733427

001736512


272
001736680

001738681
273
001738849

001742477
274
001744563

001746481
275
001747983

001750735
276
001750903

001753780
277
001756200

001759285
278
001759453

001800912
279
001802498

001807085
280
001808420

001813591
281
001813801

001816302


282
001816512

001819138
283
001820307

001822100
284
001822309

001826479
285
001827064

001831859
286
001833153

001838074


287
001841829

001843955
288
001844123

001845623


289
001845791

001848668


290
001848877

001851212
291
001852047

001854590
292
001854758

001901430
293
001901598

001904976


294
001905602

001908688


295
001908897

001912900
296
001913110

001916154
297
001916363

001918656
298
001918866

001921492
299
001922327

001924620
300
001933672

001935756
301
001935924

001939010
302
001943265

001945266
303
001946560

001949353
304
001949563

001953733
305
001953942

001955818
306
001955986

002001908
307
002002075

002005745
308
002008665

002011959
309
002012336

002013878
310
002014171

002019550
311
002021637

002025431


312
002025599

002028226
313
002029102

002034023
314
002034691

002038861
315
002039529

002041322
316
002041490

002043741
317
002044243

002047453
318
002047913

002049956
319
002052709

002056045


320
002056213

002059423
100
321
002059591

002102969
322
002103178

002106347
323
002109476

002110935
324
002112938

002114188
325
002114356

002116774
326
002116942

002118776
327
002119278

002123489
328
002123657

002125908
329
002126118

002127410
330
002128328

002130830
331
002132624

002135001
332
002135168

002139255
333
002139423

002140673


334
002140841

002144510
335
002148265

002152685
336
002152936

002156147
337
002157399

002159567


338
002159735

002201902
339
002202112

002203946
340
002208285

002211662
341
002211872

002214206
342
002218712

002221672
343
002222215

002225676
344
002239274

002241025


345
002241193

002244445
346
002245572

002247198
347
002247407

002250659
348
002250827

002253496
349
002253663

002255664
350
002255832

002256999
351
002257167

002258793
352
002259044

002302171
353
002302339

002304965